16,16,t,15257063916,501,259,24739,319,284
16,16,n,15357778693,691,499,24272,66,31
16,128,t,15188587646,1387,659,178306,2116,2075
16,128,n,15271913049,1021,647,173861,66,35
16,512,t,15238726028,1354,1175,686869,8306,8227
16,512,n,15261565459,683,440,690112,73,39
16,1024,t,15256523340,931,584,1368515,16506,16410
16,1024,n,15244469812,984,628,1377564,100,56
16,2048,t,15352743544,809,641,2694618,32928,32799
16,2048,n,15240779785,711,518,2746165,125,50
16,3072,t,15264896237,1250,818,4067573,49382,49189
16,3072,n,15242007342,909,592,4113554,166,59
16,4096,t,15267118885,1146,708,5377584,65777,65576
16,4096,n,15264333392,676,520,5505111,215,77
16,5120,t,15288414236,1082,801,6745868,82208,81983
16,5120,n,15244943100,1072,667,6859045,243,101
16,6144,t,15219669234,1663,1485,8079534,98654,98364
16,6144,n,15122274093,940,606,8251495,267,93
16,7168,t,15265604751,1314,1134,9431980,115076,114797
16,7168,n,15232259454,1046,677,9625696,304,189
16,8192,t,15256180469,1556,1337,10790439,131504,131194
16,8192,n,15280512823,1085,641,10954432,354,165
16,12288,t,15274617429,2037,1813,16082978,197170,196819
16,12288,n,15252305892,826,605,16453286,503,216
16,16384,t,15252360119,1995,1805,21473147,262851,262402
16,16384,n,15249597730,864,489,21912906,611,128
16,32768,t,15250550008,2487,2198,42836152,525521,524833
16,32768,n,15264877648,951,692,43817898,1116,396
16,65536,t,15123311638,3239,3097,85777642,1050941,1049581
16,65536,n,15269332871,1023,751,87548387,2195,339
16,131072,t,15244666058,4189,3936,171591624,2101811,2099900
16,131072,n,15246000136,869,598,266546915,4264,154
16,262144,t,15235182311,9077,8744,342599025,4203644,4202223
16,262144,n,15253916704,778,529,350418208,8378,1740
16,524288,t,15226017887,21204,21069,683983190,8407184,8405954
16,524288,n,15249099967,1328,973,700840156,16780,7692
16,1048576,t,15235408275,21597,21389,1525843265,16814490,16812527
16,1048576,n,15244007644,1542,1288,1401901950,33664,22120
16,1572864,t,15229874771,20506,20326,2048528349,25221158,25218401
16,1572864,n,15359040568,769,672,2102938198,49438,630
128,16,t,15422696403,57758,2053,25745,317,285
128,16,n,15423669480,16441,2052,24131,56,32
128,128,t,15422592330,16638,3939,176096,2124,2081
128,128,n,15422631709,65873,5212,174047,65,26
128,512,t,15423075719,43899,2967,681290,8300,8218
128,512,n,15420152840,15990,2908,682915,85,33
128,1024,t,15435724656,16083,2053,1365866,16516,16408
128,1024,n,15416499802,121964,3848,1369768,103,30
128,2048,t,15423768143,11165,2073,2707137,32929,32792
128,2048,n,15419397293,26506,3144,2755220,127,36
128,3072,t,15423634265,28543,2332,4057499,49377,49190
128,3072,n,15417143292,35094,3938,4115853,162,103
128,4096,t,15402252148,140286517,2149,5419713,65780,65566
128,4096,n,15423354022,37605,2543,5523606,197,77
128,5120,t,15419374788,29774,2178,6721971,82202,81963
128,5120,n,15419615992,55036,3305,6884633,253,158
128,6144,t,15423006654,16919,2646,8066922,98659,98415
128,6144,n,15403368642,138161422,3614,8228538,269,193
128,7168,t,16642183417,14138,2054,9415192,115062,114767
128,7168,n,15413278860,212463,4053,9591377,307,156
128,8192,t,15418897898,83975,2052,10771815,131492,131181
128,8192,n,15312459785,19066,2222,10982095,344,193
128,12288,t,15312707188,69087,2430,16121712,197162,196809
128,12288,n,15420025542,41706,2935,16472390,478,186
128,16384,t,15418239809,152590,2460,21458423,262822,262277
128,16384,n,15417617920,27611,3745,21911730,609,204
128,32768,t,15421415462,24011,2056,42867490,525543,524759
128,32768,n,15272177946,11089,3497,43813550,1135,143
128,65536,t,15419150035,52009,3613,85789913,1050900,1049581
128,65536,n,15288185858,48711,2427,87542298,2186,358
128,131072,t,15420326810,51680,4271,175328524,2101864,2099761
128,131072,n,15416908035,169079,5191,175075666,4243,1116
128,262144,t,15420909847,52569,4732,342493399,4203611,4202281
128,262144,n,15419091250,267478,5655,350401159,8328,3273
128,524288,t,15290923106,32640,3182,683630389,8406556,8405106
128,524288,n,15300329242,22004,5864,700840530,16605,7357
128,1048576,t,15421525266,28847,5158,1366295677,16813346,16811087
128,1048576,n,15424088234,30942,4807,1401535228,32973,21472
128,1572864,t,15417820231,194090,3985,2048617837,25221245,25218205
128,1572864,n,15400742394,138220110,2058,2103141997,49397,335
512,16,t,15828258748,503311435,8934,22567,321,291
512,16,n,15828970915,503245207,8825,24779,59,29
512,128,t,15828888849,503299943,8374,169396,2122,2077
512,128,n,15842785480,503313206,8374,174825,68,35
512,512,t,15845207987,503249170,19565,692513,8304,8231
512,512,n,15829819609,503182981,27149,692801,83,42
512,1024,t,15895327655,503319564,15881,1379660,16522,16413
512,1024,n,15830083838,503232114,22378,1389777,83,34
512,2048,t,15828420747,503240309,9966,2727178,32952,32786
512,2048,n,15830957793,503288928,27197,2778286,135,60
512,3072,t,15829245888,503295814,9743,4072284,49352,49190
512,3072,n,15838945681,503279498,29592,4134539,174,43
512,4096,t,15833711720,503283566,10391,5390996,65782,65571
512,4096,n,15830770416,503295281,25652,5493107,206,103
512,5120,t,15827716006,503313214,9852,6878601,82214,81962
512,5120,n,15837841233,503259141,30028,6897072,244,111
512,6144,t,15828325053,503261194,10923,8096859,98657,98426
512,6144,n,15829851323,503295356,22725,8240094,270,165
512,7168,t,15829656993,503266752,12566,9477975,115085,114818
512,7168,n,15839050759,503210890,22975,9616056,306,160
512,8192,t,15836642617,503308222,10190,10781488,131497,131177
512,8192,n,15830126809,503264739,23707,10981738,332,187
512,12288,t,15837751284,503309770,10067,16130942,197168,196873
512,12288,n,15830012862,503260601,25013,16474487,486,241
512,16384,t,15800873977,479654295,12416,21432167,262831,262462
512,16384,n,15830215120,503269646,21617,21915432,629,136
512,32768,t,15828469072,503312476,13228,42909964,525515,524640
512,32768,n,15836855988,503270360,29157,43849823,1133,61
512,65536,t,15829167391,503283095,19322,85840307,1050941,1049649
512,65536,n,16564691284,503236685,29444,87554061,2170,210
512,131072,t,19787270793,503297843,31538,171606765,2101720,2100118
512,131072,n,15830547466,503254681,33699,175112368,4243,220
512,262144,t,16580618871,503285113,54146,342368311,4203705,4202505
512,262144,n,15839693499,503298315,33474,350471616,8351,544
512,524288,t,15834948394,503199061,51812,683699509,8407303,8406211
512,524288,n,15832277607,503284746,43055,773298706,16569,5440
512,1048576,t,15833801019,503100138,55879,1526099564,16814180,16812153
512,1048576,n,15832742046,503190911,51872,1401820447,33035,19098
512,1572864,t,15836195277,503195502,58591,2048625539,25220931,25218643
512,1572864,n,15830168325,503232139,8541,2102290853,49415,630
1024,16,t,15829168032,503306449,16916,23473,316,284
1024,16,n,15835610302,503300802,17282,25164,44,24
1024,128,t,15853550794,503314816,16499,190112,2127,2077
1024,128,n,15827910582,503313688,16812,174672,67,31
1024,512,t,15833740598,503275166,59133,701530,8308,8217
1024,512,n,15838293775,503271183,73394,702284,75,35
1024,1024,t,15836080109,503311234,41608,1381294,16515,16413
1024,1024,n,15835296062,503283482,77776,1402890,97,64
1024,2048,t,15830859526,503301818,33357,2754615,32957,32816
1024,2048,n,15841899877,503312868,69576,2815835,135,95
1024,3072,t,15834750652,503319263,27025,4099936,49356,49187
1024,3072,n,15838302542,503314890,83709,4207402,170,63
1024,4096,t,15846087914,503251981,57046,5478062,65778,65585
1024,4096,n,15834890672,503307388,71121,5592321,200,108
1024,5120,t,15829554186,503316771,28913,6762883,82201,81951
1024,5120,n,15834111016,503271271,70162,6991135,240,137
1024,6144,t,15829979541,503314473,28161,8123293,98645,98342
1024,6144,n,15841957571,503305984,71053,8315952,277,142
1024,7168,t,15835742539,503315488,28222,9447245,115070,114783
1024,7168,n,15838903012,503265494,81992,9785720,325,225
1024,8192,t,15835813243,503297004,29406,10804766,131496,131218
1024,8192,n,15843435610,503286690,79626,11282272,361,237
1024,12288,t,15829584981,503270821,30853,16205443,197150,196761
1024,12288,n,15837089819,503280877,76380,16667187,481,204
1024,16384,t,15837321019,503295086,31568,21502939,262840,262446
1024,16384,n,15838735727,503317439,74380,22128626,601,135
1024,32768,t,16578888830,503340591,35261,42996202,525530,524732
1024,32768,n,15836413086,503307365,82362,44099347,1127,68
1024,65536,t,15831021804,503286409,49731,85886395,1050989,1049605
1024,65536,n,15835791257,503267251,89286,87883827,2170,205
1024,131072,t,15837557182,503289686,87575,171723323,2101855,2100451
1024,131072,n,15837037204,503305993,96681,175458945,4245,364
1024,262144,t,15837991116,503313464,106125,342396480,4203688,4202619
1024,262144,n,15839006086,503303210,109286,350752579,8323,265
1024,524288,t,15837789584,503297327,111365,683637893,8407187,8405928
1024,524288,n,15845663629,503313136,132951,701413398,16560,4774
1024,1048576,t,15850096454,503286064,167118,1366427797,16814509,16812661
1024,1048576,n,15847747209,503292262,56148,1401491605,33003,20792
1024,1572864,t,15846484457,503226301,173334,2049050809,25220976,25218621
1024,1572864,n,15829305260,503313397,17797,2325581746,49406,1031
2048,16,t,15850451848,503305430,35426,23758,320,290
2048,16,n,15839786412,503304276,33869,23055,60,32
2048,128,t,15840272137,503313767,57879,178970,2130,2081
2048,128,n,15831356983,503317532,35990,173365,62,17
2048,512,t,15837389316,503313797,33851,700789,8304,8215
2048,512,n,15830065001,503313797,39061,684012,79,29
2048,1024,t,15833057007,503305110,44886,1386115,16543,16435
2048,1024,n,15836809113,503312654,34141,1371485,97,38
2048,2048,t,15842877083,503311136,69493,2774863,32934,32805
2048,2048,n,15847614569,503302840,169221,2828430,142,47
2048,3072,t,15841167732,503312369,94072,4162985,49359,49184
2048,3072,n,15850953384,503305727,163112,4244710,155,80
2048,4096,t,15909642843,503315791,108027,5520726,65777,65580
2048,4096,n,15846678994,503314354,136666,5664614,204,118
2048,5120,t,15848216071,503305949,106721,6862411,82234,81967
2048,5120,n,15839151738,503315592,137530,7051302,240,125
2048,6144,t,15853066416,503304106,94339,8234790,98645,98354
2048,6144,n,19818752283,503318643,183936,8449075,285,178
2048,7168,t,15843998052,503318618,103164,9587741,115081,114840
2048,7168,n,15853621972,503313127,170862,9890578,327,158
2048,8192,t,15844447417,503308696,89220,10919171,131479,131233
2048,8192,n,15854409648,503307178,170104,11333424,351,218
2048,12288,t,15851169588,503294429,112583,16396648,197183,196886
2048,12288,n,15857768667,503316639,144383,16907866,483,213
2048,16384,t,19686092496,503319557,110476,21792106,262872,262489
2048,16384,n,15847203885,503304419,199408,22569056,618,133
2048,32768,t,15853701313,503313793,164955,43695941,525577,524654
2048,32768,n,15857607544,503294393,138943,44222622,1127,153
2048,65536,t,15862409078,503298826,195235,86761447,1050997,1049766
2048,65536,n,15844719369,503318695,132316,87926764,2176,214
2048,131072,t,15848401944,503308763,246023,172424301,2101869,2100833
2048,131072,n,19246793388,503318569,190411,176693525,4255,261
2048,262144,t,15840559632,503312959,166186,342537898,4203630,4202458
2048,262144,n,15855353793,503312468,167966,351028442,8347,1213
2048,524288,t,15907406419,503315557,142606,683555423,8407276,8406254
2048,524288,n,15841006345,503317171,152456,701262101,16557,4156
2048,1048576,t,15866839215,503300974,248062,1366735306,16814408,16812643
2048,1048576,n,15849732038,503292873,133843,1402083373,32985,17609
2048,1572864,t,19689563839,503311181,279549,2049071978,25221480,25219033
2048,1572864,n,15833542156,503300845,36655,2102992295,49394,5021
3072,16,t,15843635830,503315685,110734,23748,312,290
3072,16,n,15836357682,503316034,54671,24509,66,38
3072,128,t,15846506592,503318275,55408,181125,2112,2074
3072,128,n,15833534637,503312388,88372,185087,71,35
3072,512,t,15868132864,503307018,236545,698828,8303,8217
3072,512,n,15846401745,503318269,77533,698253,83,33
3072,1024,t,15840980766,503311757,106522,1390629,16516,16424
3072,1024,n,15835008766,503314408,57851,1386796,96,37
3072,2048,t,15858668804,503319039,161474,2776143,32931,32809
3072,2048,n,15841595811,503319449,114288,2829863,129,43
3072,3072,t,15842112312,503288166,150163,4162198,49358,49185
3072,3072,n,15843869857,503312599,87373,4243967,156,92
3072,4096,t,15852381734,503321031,103996,5585117,65800,65618
3072,4096,n,15855497498,503314776,192953,5698309,195,138
3072,5120,t,15860656654,503309688,203094,6922882,82244,81993
3072,5120,n,19698830190,503318885,274636,7088227,236,141
3072,6144,t,15861945996,503316583,246351,8262923,98671,98424
3072,6144,n,15846370716,503308209,161847,8512701,295,153
3072,7168,t,15858507370,503312473,135219,9648090,115048,114831
3072,7168,n,15837032141,503309429,100281,9800259,318,202
3072,8192,t,15852215819,503309382,133290,11071719,131513,131285
3072,8192,n,16478582824,503316519,12003834,11372789,345,213
3072,12288,t,15864440528,503311674,215408,16587741,197176,196790
3072,12288,n,15845767046,503318225,135749,16864500,473,232
3072,16384,t,15879315472,503315358,277927,22482701,262872,262467
3072,16384,n,16075853395,503316301,1648839,22610660,592,94
3072,32768,t,15861465084,503319690,319219,44177808,525596,524863
3072,32768,n,15861353564,503313369,235926,44630279,1135,235
3072,65536,t,15852069095,503318377,294728,87036502,1050968,1049787
3072,65536,n,15847214998,503317293,221552,88442558,2184,559
3072,131072,t,15853887595,503319276,205017,171899554,2101823,2100582
3072,131072,n,15874101641,503309162,419657,176067713,4259,576
3072,262144,t,15853801589,503304584,229984,342583260,4203851,4203136
3072,262144,n,15960942749,503270652,936725,351727470,8358,1762
3072,524288,t,15845740296,503310539,229114,683690550,8407397,8406484
3072,524288,n,15856623315,503313395,230196,701742666,16601,5203
3072,1048576,t,16579755571,503321062,237506,1366407828,16814550,16812884
3072,1048576,n,15855693526,503311508,195848,1402327954,33070,22451
3072,1572864,t,15858847574,503267782,220867,2049042784,25221549,25219263
3072,1572864,n,15843858534,503298473,129641,2103288372,49417,13528
4096,16,t,16592710051,503525105,178801,24338,310,287
4096,16,n,16246496648,503515462,4439012,25107,68,39
4096,128,t,19709984700,503539528,341656,176798,2117,2082
4096,128,n,15867058233,503519455,238115,179383,63,33
4096,512,t,15855257636,503510701,98054,715469,8296,8231
4096,512,n,16361651579,503519498,6935925,696121,72,25
4096,1024,t,15899003545,503509819,520053,1389859,16515,16426
4096,1024,n,16678946963,503523151,6432304,1407983,95,52
4096,2048,t,16607216868,503547947,399151,2774256,32954,32801
4096,2048,n,16307229985,503516163,5059074,2791718,126,41
4096,3072,t,19784673406,503558101,2148952,4144428,49357,49187
4096,3072,n,16718291047,503525851,16940129,4250613,181,92
4096,4096,t,15874068939,503519904,259222,5567033,65816,65591
4096,4096,n,16090232834,503514084,2546466,5543725,223,157
4096,5120,t,16305353892,503528580,8626638,6938480,82236,81969
4096,5120,n,16467193127,503530176,4897570,7132735,241,149
4096,6144,t,16848184129,503518824,19401332,8332276,98630,98406
4096,6144,n,20341003245,503562832,5957672,8483942,278,234
4096,7168,t,16157421931,503516858,3724271,9750955,115093,114828
4096,7168,n,16384994089,503533189,6375679,10040541,332,216
4096,8192,t,16780625019,503519451,18043748,11122772,131488,131210
4096,8192,n,16299426397,503526375,3441412,11394795,348,208
4096,12288,t,15909307962,503500436,648322,16611929,197173,196836
4096,12288,n,16385061570,503527499,6641206,17153887,477,141
4096,16384,t,16145136196,503536488,3506765,22676630,262877,262514
4096,16384,n,16182791120,503515122,2686529,22679225,610,123
4096,32768,t,16150052383,503516683,3791087,43889372,525558,524677
4096,32768,n,15875605096,503507823,325635,44729775,1140,307
4096,65536,t,15958487536,503511922,821881,88461381,1051009,1049550
4096,65536,n,16063729004,503514492,1565858,88867619,2188,470
4096,131072,t,15926569995,503516024,645905,173289573,2102023,2101266
4096,131072,n,16417249021,503522923,4220899,176757754,4306,1186
4096,262144,t,16336192157,503517822,2863966,345230280,4203986,4203163
4096,262144,n,16341907823,503518747,9183921,352243787,8410,2763
4096,524288,t,16640153513,503500008,6466063,690741217,8407623,8406443
4096,524288,n,15874361922,503509888,285512,701956278,16600,7623
4096,1048576,t,15992218627,503481684,1197368,1370092391,16815048,16813233
4096,1048576,n,15874480721,503513551,360945,1553156947,33044,21773
4096,1572864,t,15993036117,503507683,1058179,2053512847,25221958,25220193
4096,1572864,n,16140647957,503507516,3210881,2106195016,49482,24649
5120,16,t,16741725093,503980555,9138109,25916,319,292
5120,16,n,16407348331,503969674,4193951,23177,66,33
5120,128,t,17001822048,503988868,10008011,176516,2132,2088
5120,128,n,17065859638,503984803,10334947,173607,73,35
5120,512,t,16642256578,503981478,14685936,702908,8312,8238
5120,512,n,17016117818,503982285,10299050,717156,78,35
5120,1024,t,16611484463,503977918,6452927,1379299,16514,16416
5120,1024,n,16738564513,503981224,7823918,1407031,93,40
5120,2048,t,17064791907,503974808,9909930,2787595,32930,32818
5120,2048,n,16770809511,503989922,6343359,2843505,140,82
5120,3072,t,16434454143,503981288,7005569,4168462,49379,49196
5120,3072,n,16448313373,503990232,4949395,4259511,182,105
5120,4096,t,16629735720,503977460,6659252,5512212,65810,65591
5120,4096,n,16956645604,503990920,9123687,5675218,214,89
5120,5120,t,17215684107,503984259,10353762,6922698,82207,81972
5120,5120,n,16684321550,503980501,9968372,7187052,239,140
5120,6144,t,16567127278,503989357,5341064,8312557,98627,98381
5120,6144,n,16725582963,503982808,6328095,8571482,301,158
5120,7168,t,16686974275,503979154,6456240,9709486,115077,114776
5120,7168,n,16689437597,503975743,6959849,14882702,314,147
5120,8192,t,17305338704,503989014,11384576,11084188,131506,131238
5120,8192,n,17216900284,503985914,10695951,11312941,343,185
5120,12288,t,17622482302,503995590,8352836,16649603,197170,196841
5120,12288,n,16961892568,503986972,9259199,17010487,490,189
5120,16384,t,17283915388,503988204,10867001,22235793,262852,262401
5120,16384,n,16736094933,503978567,6945500,22985242,631,247
5120,32768,t,16410701559,503981928,4519448,44469348,525604,524937
5120,32768,n,17362991953,503983634,12219733,45595179,1148,186
5120,65536,t,16858468312,503988293,7289198,88686507,1050994,1049749
5120,65536,n,16926252235,503991391,13252649,89114103,2658,1947
5120,131072,t,16681329624,503984730,6691488,176788588,2101981,2100917
5120,131072,n,16933074603,503979215,8306311,180012273,4306,1227
5120,262144,t,17235777528,503985818,22908599,345786537,4203994,4203446
5120,262144,n,16868417299,503990169,8174828,356362352,8477,3607
5120,524288,t,16628818645,503975961,6052846,688296242,8407058,8406361
5120,524288,n,16941194359,503984112,8661217,705968326,16751,9533
5120,1048576,t,17224007798,503976363,10559085,1380653071,16815337,16813872
5120,1048576,n,16770223136,503995778,6750750,1407267266,33293,23665
5120,1572864,t,16665051175,503982683,6288394,2058775160,25222387,25220014
5120,1572864,n,16579634965,503983408,5612810,2109457252,50005,31944
6144,16,t,18600310064,504315187,22011692,23861,320,289
6144,16,n,17920248709,504306635,17135150,25254,63,34
6144,128,t,18041905294,504315068,17880713,174070,2136,2092
6144,128,n,17884740751,504304616,15645873,193308,64,29
6144,512,t,17698886592,504307543,14335321,697911,8297,8233
6144,512,n,16926948659,504319155,9183201,705951,78,34
6144,1024,t,17391854486,504316297,11697564,1391031,16513,16424
6144,1024,n,18451074233,504315031,49703791,1417475,95,50
6144,2048,t,18973242257,504310413,61397536,2840531,32933,32823
6144,2048,n,17293251695,504299779,12449257,2886663,131,72
6144,3072,t,16731200422,504311865,6829540,4171921,49400,49213
6144,3072,n,18040125391,504311903,17001607,4312769,171,97
6144,4096,t,17412397518,504312246,12158098,5542424,65790,65593
6144,4096,n,18043098863,504307398,17946319,5715445,213,78
6144,5120,t,19554514569,504328536,71226028,6983894,82209,81973
6144,5120,n,18526736217,504314358,21226478,7222489,271,129
6144,6144,t,18029993988,504309711,17456884,8351106,98658,98405
6144,6144,n,17926211513,504320883,15973882,9426045,272,112
6144,7168,t,17788355908,504300098,15377044,9704146,115103,114862
6144,7168,n,18169097967,504305159,18257957,9962540,321,176
6144,8192,t,17608835822,504302082,14270231,11125081,131516,131289
6144,8192,n,18414592027,504309540,48750260,11380424,343,178
6144,12288,t,18092807277,504313589,17628576,16810069,197231,197018
6144,12288,n,17961554553,504321980,22713341,17061203,481,54
6144,16384,t,17381535374,504310361,11991372,22195212,262850,262436
6144,16384,n,17659202129,504314865,15078374,22787759,619,128
6144,32768,t,17277518540,504315266,11753801,44436268,525585,524785
6144,32768,n,17616096670,504316417,14221343,45490571,1163,422
6144,65536,t,21938136293,504328964,22352972,88381003,1051238,1050534
6144,65536,n,18726988647,504316717,55142639,89553306,2490,1762
6144,131072,t,17572930092,504297985,12503791,175157373,2102024,2100968
6144,131072,n,19465183374,504351038,69459647,178812416,5298,4144
6144,262144,t,19919589377,504350558,79448880,349355067,4204091,4203333
6144,262144,n,19090211789,504322377,61432541,355109530,8950,5934
6144,524288,t,20019577001,504339385,80352658,698823139,8410971,8411398
6144,524288,n,21744574721,504325341,16172044,707717562,17275,12036
6144,1048576,t,19887662944,504332113,76670594,1394971975,16820997,16819685
6144,1048576,n,17644954749,504321535,14457430,1564001988,35986,30415
6144,1572864,t,17903945801,504311763,15755303,2071659840,25222366,25220564
6144,1572864,n,17442913449,504299452,12208671,2115858963,50469,44225
7168,16,t,19987401024,503334292,33348092,25006,319,290
7168,16,n,20900962446,503344130,39483994,24852,65,34
7168,128,t,20107569467,503325112,34241191,174482,2129,2083
7168,128,n,20832536786,503331143,38820807,176635,64,34
7168,512,t,19822025809,503329359,33397877,690776,8305,8243
7168,512,n,20874304015,503335506,39637590,714457,78,34
7168,1024,t,20929642263,503336527,39826143,1373811,16514,16420
7168,1024,n,20923463295,503341680,41149511,1397928,100,44
7168,2048,t,20237315432,503328112,38281323,2840626,32951,32801
7168,2048,n,20242925532,503333414,36475451,2908915,137,56
7168,3072,t,20578151536,503338477,39939420,4144745,49350,49211
7168,3072,n,20772246112,503336627,40618871,4247616,178,100
7168,4096,t,20789038520,503338024,40769821,5527294,65783,65577
7168,4096,n,19890109261,503330479,33149231,5621286,207,125
7168,5120,t,20112439645,503337736,34417423,6942366,82221,81970
7168,5120,n,20336117447,503335129,36822914,7096268,239,150
7168,6144,t,19963441121,503335251,35718525,8336090,98662,98409
7168,6144,n,19951623712,503336798,33569003,8530207,284,185
7168,7168,t,20071130746,503347308,34571354,9748000,115103,114791
7168,7168,n,20148770016,503339089,35704184,9949564,332,189
7168,8192,t,20286261471,503333827,37122745,11105880,131490,131200
7168,8192,n,20067576859,503330326,35350192,11433219,332,127
7168,12288,t,19344235809,503342835,29288338,16641703,197200,196885
7168,12288,n,20352562132,503339359,36378235,17094594,498,206
7168,16384,t,20371723539,503337909,37647638,22225859,262831,262362
7168,16384,n,20346197669,503361600,37517066,22839863,611,84
7168,32768,t,20454254429,503333154,38353098,44489073,525604,524776
7168,32768,n,21201140332,503336969,43872474,45658653,1127,128
7168,65536,t,20398142253,503336996,39259332,89004525,1051163,1049916
7168,65536,n,20433512539,503335562,37044730,91183700,2186,212
7168,131072,t,20207585625,503341233,34477979,177315540,2102006,2100913
7168,131072,n,20237834363,503340489,35895823,180586664,4478,2807
7168,262144,t,20248078232,503356500,36109665,352666030,4204101,4203211
7168,262144,n,20742724983,503333092,40562637,358539643,8546,6621
7168,524288,t,24819700682,503339810,174333864,700711710,8408306,8407672
7168,524288,n,20217315732,503333445,34774403,711700561,17178,14885
7168,1048576,t,25517791636,503349828,41780344,1396800558,16816606,16816111
7168,1048576,n,20775256990,503339044,40968932,1420253994,33869,30142
7168,1572864,t,24278978448,503370183,156455470,2094103060,25224687,25223331
7168,1572864,n,20991189787,503334931,41424567,2129512746,50320,46786
8192,16,t,24148604446,504336529,71451298,25822,325,295
8192,16,n,24779338925,504349488,75543335,23412,66,36
8192,128,t,24465025148,504345129,74878754,170408,2130,2084
8192,128,n,24495469892,504340427,73200559,170688,69,36
8192,512,t,24517004096,504322593,73237525,710554,8308,8232
8192,512,n,24493530542,504350306,73702666,700150,69,32
8192,1024,t,24252347191,504340390,72455670,1415765,16544,16434
8192,1024,n,23952225635,504323907,69614740,1396359,107,45
8192,2048,t,24167679122,504328366,70633030,2730154,32940,32818
8192,2048,n,23323189072,504337698,67764230,2921555,142,47
8192,3072,t,24173622153,504346001,71237671,4153191,49355,49196
8192,3072,n,23778369904,504332133,67623396,4265182,164,35
8192,4096,t,23951998297,504330678,67942686,5523551,65767,65590
8192,4096,n,23235966495,504328738,63586444,5673658,212,115
8192,5120,t,23427102178,504315775,65240289,6939970,82226,81963
8192,5120,n,23499609064,504318758,65699785,7131231,249,104
8192,6144,t,23581654451,504339186,66392491,8258673,98652,98377
8192,6144,n,24469661317,504332135,71895448,8538034,291,176
8192,7168,t,23416742909,504320169,65232388,9924318,115048,114737
8192,7168,n,24613908396,504318105,74378048,9949328,315,82
8192,8192,t,24285661860,504332310,72193514,11132884,131512,131251
8192,8192,n,24101221021,504338339,69438892,11427035,339,51
8192,12288,t,23458198021,504344100,66159626,16735400,197205,196866
8192,12288,n,24342805093,504334040,70973579,17160225,480,63
8192,16384,t,24172289774,504332924,69947935,22229964,262851,262323
8192,16384,n,24094927863,504338110,70328949,22867438,615,47
8192,32768,t,23643165525,504333649,65340680,44481495,525595,524802
8192,32768,n,24268365190,504325949,71907475,45698924,1137,128
8192,65536,t,23839915004,504343595,66978000,88898400,1051046,1049649
8192,65536,n,24563805272,504331247,72256138,91381462,2193,368
8192,131072,t,24172082690,504340676,69151254,177499415,2102068,2100723
8192,131072,n,24658767171,504340493,76091756,181549184,4349,2127
8192,262144,t,23828489332,504322431,67812365,353700738,4204131,4202797
8192,262144,n,24198498547,504334668,72694722,361350817,8683,5028
8192,524288,t,24274465973,504328256,72549795,704732105,8407544,8406978
8192,524288,n,24260011648,504338370,71288974,715894531,17173,14853
8192,1048576,t,24433045194,504331329,72518595,1405453951,16815642,16814342
8192,1048576,n,24356408932,504333285,74578383,1430002703,34419,31810
8192,1572864,t,24254874339,504346500,69885887,2105758763,25223442,25222369
8192,1572864,n,24146632114,504332610,73259122,2141893333,51276,48452
12288,16,t,34624443321,504376889,199508899,24225,313,292
12288,16,n,34892278974,504379943,200680980,26079,58,35
12288,128,t,34691469304,504384935,199994110,173570,2129,2085
12288,128,n,34817852195,504380528,200018065,176657,61,33
12288,512,t,44213071875,504397012,200719433,699462,8303,8233
12288,512,n,34881514067,504389182,199891212,706927,83,36
12288,1024,t,34807130968,504375918,200268394,1411957,16527,16418
12288,1024,n,34618227867,504378381,198844759,1431694,96,48
12288,2048,t,34838320612,504380266,199715935,3082526,32954,32813
12288,2048,n,34774401801,504380761,199647839,2845139,135,61
12288,3072,t,34722061384,504376990,199074246,4153616,49362,49193
12288,3072,n,34755466129,504393897,199643552,4369661,184,119
12288,4096,t,34837894426,504376264,201718967,5517804,65782,65579
12288,4096,n,34701475571,504374421,200083272,5806515,216,80
12288,5120,t,34924569439,504380631,199459414,6950815,82212,81978
12288,5120,n,34789136499,504388127,200072943,7099630,255,138
12288,6144,t,34909528438,504388588,199868524,8275956,98640,98346
12288,6144,n,35263657132,504377244,200492876,8585433,280,58
12288,7168,t,34895836485,504384770,201689881,9706465,115091,114806
12288,7168,n,34763428371,504381749,200265870,10002971,317,152
12288,8192,t,34864403791,504387367,199578502,11114338,131491,131143
12288,8192,n,34737688192,504372337,200173207,11443308,354,237
12288,12288,t,34852402307,504383802,200832771,16718842,197173,196689
12288,12288,n,34864530912,504378304,199989474,17098827,480,234
12288,16384,t,34718609843,504383497,199933785,22155841,262866,262478
12288,16384,n,34670530899,504364614,199854247,22838502,624,165
12288,32768,t,34831270262,504390132,199501256,44452154,525579,524647
12288,32768,n,34967234374,504385693,200335748,45770638,1141,169
12288,65536,t,35077986749,504386675,199611755,89150456,1051123,1050198
12288,65536,n,34996738442,504382443,201443613,91340655,2220,507
12288,131072,t,34886534674,504375814,200233376,177708859,2102334,2101515
12288,131072,n,34836122972,504383468,199606448,182270461,4390,1942
12288,262144,t,34966669453,504382070,199903754,354507426,4204290,4203394
12288,262144,n,39187488855,504384724,199862791,364046118,8723,5891
12288,524288,t,34938881230,504378989,201153735,707784128,8408182,8407285
12288,524288,n,35190706730,504393108,201972067,723911129,17630,15665
12288,1048576,t,35084605634,504374516,202271909,1413932863,16816771,16815379
12288,1048576,n,35096808706,504386879,201807718,1446438745,35049,33584
12288,1572864,t,35150563651,504370698,203665713,2120636595,25224964,25222970
12288,1572864,n,34776817896,504387482,200246492,2167080717,52564,52654
16384,16,t,38162530894,504389018,281618134,24812,316,292
16384,16,n,38184314585,504402070,281856501,23038,61,36
16384,128,t,38265171095,504400396,281451964,169752,2122,2081
16384,128,n,38241906342,504390856,281701550,178525,68,32
16384,512,t,38245632535,504385931,282794948,699042,8296,8219
16384,512,n,38288566163,504400432,282376843,709347,78,45
16384,1024,t,38195278471,504392564,282016999,1401112,16518,16425
16384,1024,n,38224428691,504389878,281609814,1389597,98,29
16384,2048,t,38192226898,504402328,281613248,4011184,32940,32812
16384,2048,n,38206422279,504389348,281716225,2873030,123,46
16384,3072,t,38238686362,504398666,281641973,4141708,49384,49194
16384,3072,n,38199657131,504395013,281469558,4271776,155,85
16384,4096,t,38207264919,504397926,281577614,5491828,65822,65591
16384,4096,n,38219469042,504389798,281571116,5738649,201,94
16384,5120,t,38227879119,504385227,281917878,6975736,82210,81968
16384,5120,n,38556361071,504392256,282131437,7081234,257,120
16384,6144,t,38241064964,504396249,281672269,8324559,98633,98360
16384,6144,n,38218223262,504402611,281456450,8569004,275,73
16384,7168,t,38200372341,504401336,281543163,9691475,115067,114821
16384,7168,n,38218678076,504395458,281429223,9985131,315,149
16384,8192,t,38264535505,504408681,281802492,11079495,131507,131213
16384,8192,n,38180543167,504410131,281521759,11346598,336,179
16384,12288,t,38251396527,504407913,281602446,16621022,197188,196790
16384,12288,n,38222586177,504405841,282180285,17112162,480,113
16384,16384,t,38258621013,504399743,281668518,22289678,262865,262392
16384,16384,n,38218690899,504399641,281790979,22887452,615,85
16384,32768,t,38201485965,504397924,281520717,64423855,525614,524817
16384,32768,n,38246196261,504392640,281516021,45713083,1155,213
16384,65536,t,38204768257,504396245,281437421,89188671,1051025,1050080
16384,65536,n,38216302599,504399337,281786117,91575793,2205,501
16384,131072,t,38264561925,504397090,282376954,177861129,2102202,2101269
16384,131072,n,38220130285,504396797,282238064,182546576,4390,2263
16384,262144,t,38236682585,504396738,282080048,354925845,4204355,4203616
16384,262144,n,38251084449,504392981,281738006,363628962,8671,6583
16384,524288,t,38259272315,504409362,282682203,708442017,8408688,8407808
16384,524288,n,38267267168,504400990,282649899,725221249,17247,15343
16384,1048576,t,38262609835,504400155,283233577,1415258185,16817711,16816079
16384,1048576,n,38179961975,504378886,282000989,1448787654,34965,33510
16384,1572864,t,38364034613,504404438,284572350,2121927063,25225447,25223309
16384,1572864,n,38103649880,504402089,281634938,2171197941,53234,53579
32768,16,t,40434830544,504410385,407288800,24638,320,293
32768,16,n,40462206890,504401665,407396591,23307,54,27
32768,128,t,40462651958,504417271,407193824,179195,2121,2079
32768,128,n,40459012345,504422442,407147199,176150,63,34
32768,512,t,40479638278,504420449,407492041,693099,8303,8226
32768,512,n,40454552453,504423708,407714739,714846,82,39
32768,1024,t,40465609578,504413860,407589578,1391685,16515,16436
32768,1024,n,40461126160,504421445,407362009,1416567,93,41
32768,2048,t,40458657239,504406561,407089814,2812155,32933,32806
32768,2048,n,40457009588,504411047,407235137,2851068,134,35
32768,3072,t,40475805994,504412677,407217119,4203768,49354,49182
32768,3072,n,40449079091,504417298,407145278,4281720,173,100
32768,4096,t,40450142565,504418307,407152723,5610968,65825,65590
32768,4096,n,40454596984,504411286,407078428,5693324,205,97
32768,5120,t,40447730804,504417908,407761331,6987823,82244,81979
32768,5120,n,40440548468,504412647,407453184,7088381,254,96
32768,6144,t,40459212679,504410373,407012181,8343244,98635,98385
32768,6144,n,40440739197,504406286,407006430,8583941,282,149
32768,7168,t,45070251489,504409762,407232977,9713703,115046,114786
32768,7168,n,40448160669,504409296,407318616,9942432,329,200
32768,8192,t,40450624959,504424458,407345171,11168161,131488,131171
32768,8192,n,40446588879,504408589,407104116,11402906,349,161
32768,12288,t,40454673567,504416666,407435034,16660352,197159,196745
32768,12288,n,40450040468,504407710,407368642,17118692,478,209
32768,16384,t,40475685527,504409204,407317947,22188002,262844,262293
32768,16384,n,40474367388,504422880,407171968,22779675,617,85
32768,32768,t,40462334181,504414882,407112412,44527054,525571,524731
32768,32768,n,40446384023,504413630,407071603,45575600,1147,132
32768,65536,t,40454599797,504418427,407332279,89268470,1051142,1049663
32768,65536,n,40466392786,504416340,407397901,91440215,2163,395
32768,131072,t,40469997010,504409108,407633198,178096941,2102251,2101346
32768,131072,n,40447989162,504414679,407256404,182843136,4417,2219
32768,262144,t,40474999020,504414283,407548585,355445778,4204528,4203755
32768,262144,n,40469813215,504420244,407372238,363779937,8867,6438
32768,524288,t,40493821525,504423680,408372308,709120065,8408793,8408025
32768,524288,n,40476350195,504412522,407349179,726657684,17840,16034
32768,1048576,t,40503411176,504419702,408709189,1417204665,16817401,16815877
32768,1048576,n,40479582556,504415847,407487184,1449832842,35691,34841
32768,1572864,t,40529978815,504426302,409731336,2123983893,25225885,25223613
32768,1572864,n,40474019605,504412572,407379451,2172178010,53509,53812
65536,16,t,40718254153,504394468,471000804,23318,321,285
65536,16,n,40737428244,504419326,471722818,25459,57,32
65536,128,t,40722808563,504423292,471139533,172312,2121,2076
65536,128,n,40736909068,504412668,471477620,182023,67,34
65536,512,t,40737828522,504419038,471243892,699956,8307,8229
65536,512,n,40722208224,504415750,471244882,709580,93,51
65536,1024,t,40726805358,504408114,470993666,1401480,16515,16424
65536,1024,n,40715987682,504423754,471030538,1397448,103,46
65536,2048,t,40714356549,504418170,470992719,2826816,32958,32819
65536,2048,n,40724611181,504415122,471029092,2843372,134,45
65536,3072,t,40725369063,504430309,471131465,4196263,49380,49203
65536,3072,n,40733937552,504421611,471021807,4292553,164,38
65536,4096,t,40725272088,504422190,471228451,5572868,65778,65582
65536,4096,n,40728121567,504417979,471431644,5706461,218,103
65536,5120,t,40720370138,504412123,470998868,6990930,82212,81971
65536,5120,n,40722803644,504421212,471001893,7191457,241,166
65536,6144,t,40721628274,504412723,470972057,8438618,98661,98352
65536,6144,n,40739917688,504425447,471098780,8625025,274,180
65536,7168,t,40738242647,504419073,471179473,9768971,115080,114801
65536,7168,n,40735000810,504419625,471016039,10078725,324,233
65536,8192,t,40722801610,504421376,471066892,11142349,131494,131159
65536,8192,n,40730070370,504409121,471295458,17123329,355,247
65536,12288,t,40728720611,504419349,471328784,16717992,197195,196819
65536,12288,n,40720145540,504420397,471009560,17185783,480,39
65536,16384,t,40724430642,504427345,470916129,22421527,262840,262381
65536,16384,n,40729932773,504424306,470927780,22921489,615,184
65536,32768,t,40723294135,504415653,471183151,44497961,525584,524745
65536,32768,n,40721515784,504422241,471168171,45850089,1135,136
65536,65536,t,40728828976,504422639,471132554,89055936,1051117,1050178
65536,65536,n,40722534180,504420595,471271617,91462705,2186,414
65536,131072,t,45543938485,504428257,471121061,178807969,2102198,2101203
65536,131072,n,40725425049,504415074,471325267,182698933,4359,1819
65536,262144,t,40733905994,504424616,471420388,354590953,4204347,4203470
65536,262144,n,40737645863,504425000,471203799,363609007,8818,6755
65536,524288,t,41750598804,504424009,471625689,709800938,8408737,8407617
65536,524288,n,40758734138,504409330,471102303,802775030,17850,16514
65536,1048576,t,40770768912,504421718,472162251,1413241635,16817316,16815742
65536,1048576,n,40763570775,504425476,471137957,1449971447,35474,34659
65536,1572864,t,40798025743,504420444,472349656,2121861979,25225696,25222940
65536,1572864,n,40790110459,504423219,471139363,2170761931,53085,53236
131072,16,t,40654305553,504426065,500284428,26099,323,294
131072,16,n,40661375106,504427104,500283764,25274,68,45
131072,128,t,40663339575,504425630,500210056,177781,2124,2092
131072,128,n,40660601058,504421850,500225801,180877,70,30
131072,512,t,40661780223,504416083,500171440,708405,8299,8223
131072,512,n,40654178022,504423913,500255921,693250,72,33
131072,1024,t,40651266265,504426795,500175076,1401451,16527,16460
131072,1024,n,40653434823,504426232,500158314,1436441,97,48
131072,2048,t,40790848063,504413291,500171995,2823713,32964,32805
131072,2048,n,40656595680,504428350,500226265,2858359,137,84
131072,3072,t,40657027667,504415384,500199211,4217859,49361,49202
131072,3072,n,40657037104,504426073,500271028,4306426,171,126
131072,4096,t,40651322216,504422287,500135763,8071335,65816,65591
131072,4096,n,40644463491,504424976,500150689,5728575,209,123
131072,5120,t,40660060296,504415071,500109075,7004521,82221,81986
131072,5120,n,41730953610,504422770,500217659,7148369,245,155
131072,6144,t,40659412450,504386569,500139791,8481788,98650,98440
131072,6144,n,40644608052,504431676,500191623,8601074,269,176
131072,7168,t,40657395758,504426059,500131089,9804500,115083,114845
131072,7168,n,40662279497,504433389,500268509,9998589,319,199
131072,8192,t,40659485536,504420077,500210147,11201591,131485,131281
131072,8192,n,40667843088,504406929,500267115,11451170,353,271
131072,12288,t,40661793881,504413783,500173309,16821168,197188,196818
131072,12288,n,40642827118,504409550,500157906,17183813,481,267
131072,16384,t,40644522044,504425594,500213459,22460940,262850,262470
131072,16384,n,40656944390,504426420,500231237,22987630,620,203
131072,32768,t,40670353756,504429169,500211690,44628845,525596,524878
131072,32768,n,40665883628,504418423,500280783,45988404,1143,127
131072,65536,t,40660828694,504428578,500187416,89204234,1051099,1050239
131072,65536,n,40658369575,504416294,500256551,91762214,2207,744
131072,131072,t,40653798676,504421742,500261811,177780584,2101953,2100962
131072,131072,n,40672041252,504422336,500237618,201523638,4518,2125
131072,262144,t,40675671122,504424456,500253476,353825744,4204403,4203765
131072,262144,n,40661225567,504428096,500253055,363779884,8832,6924
131072,524288,t,40693242492,504427481,500282265,721771043,8408768,8407619
131072,524288,n,40683066213,504418348,500256103,725447475,17772,16306
131072,1048576,t,40712753374,504427936,500392881,1413002684,16816641,16815060
131072,1048576,n,40715041188,504425498,500174285,1446984926,35327,34385
131072,1572864,t,40735057727,504431883,500387704,2118183618,25225642,25223311
131072,1572864,n,40737580785,504422033,500233626,2169771323,53169,53341
262144,16,t,40635328300,504393188,504350036,24411,315,294
262144,16,n,40638348880,504429664,504386007,23826,56,35
262144,128,t,40628218547,504424768,504381312,181157,2126,2083
262144,128,n,40633396762,504419992,504375072,178528,70,40
262144,512,t,40635415663,504416511,504370669,716127,8305,8232
262144,512,n,40641704122,504419029,504374004,708481,76,34
262144,1024,t,40630703930,504422125,504375110,1422900,16549,16440
262144,1024,n,40623513085,504419748,504377508,1424099,103,46
262144,2048,t,40648812321,504423055,504380884,2819797,32936,32838
262144,2048,n,40633226533,504426239,504382591,2864047,135,92
262144,3072,t,40630538274,504420369,504374504,4247778,49383,49232
262144,3072,n,40635233075,504422440,504376578,4274993,166,103
262144,4096,t,40638812320,504420810,504374791,5625402,65791,65610
262144,4096,n,40638071392,504417726,504370686,5727219,196,117
262144,5120,t,41719241283,504421347,504368094,7065984,82237,82022
262144,5120,n,40643497649,504426127,504381881,7183923,245,106
262144,6144,t,40639834317,504423160,504378508,8380783,98675,98471
262144,6144,n,40635744286,504423851,504381708,8767087,281,199
262144,7168,t,40625259585,504428322,504382651,9732603,115069,114895
262144,7168,n,40631907771,504407865,504365099,10060358,337,218
262144,8192,t,40640217460,504429938,504387281,11304088,131497,131277
262144,8192,n,40634152926,504426472,504383976,11464180,359,267
262144,12288,t,40630762077,504433872,504391814,16772400,197202,196954
262144,12288,n,40640068383,504427511,504382463,17254593,491,251
262144,16384,t,40634271725,504390779,504349080,22486875,262875,262565
262144,16384,n,40632780246,504412710,504366713,23041612,619,140
262144,32768,t,40622385967,504426695,504383987,44844436,525562,525033
262144,32768,n,40637193613,504422692,504376913,45982431,1168,200
262144,65536,t,40640495518,504426505,504384321,89403075,1051198,1050644
262144,65536,n,40634033842,504422870,504376931,91757121,2232,967
262144,131072,t,40643989555,504429919,504388051,177356100,2102170,2101601
262144,131072,n,40629007751,504421410,504375101,182877842,4424,2545
262144,262144,t,40649199579,504429478,504387836,353489787,4204295,4203741
262144,262144,n,40651179981,504422212,504377169,363356692,8800,6202
262144,524288,t,40668287448,504433158,504387867,706056663,8408439,8407632
262144,524288,n,40647381842,504417983,504372980,725559381,17715,16585
262144,1048576,t,40683755033,504427308,504385597,1410569987,16817109,16815497
262144,1048576,n,40687806354,504423208,504378488,1447064862,35350,34935
262144,1572864,t,40709020581,504429256,504386625,2115167151,25225243,25222878
262144,1572864,n,40719606887,504428330,504386350,2168360902,52853,52936
524288,16,t,40776811231,504425368,504386487,24285,315,294
524288,16,n,40627008213,504421257,504378673,23353,68,40
524288,128,t,40634305645,504424078,504382858,177542,2124,2081
524288,128,n,40635175776,504417990,504374506,183343,63,37
524288,512,t,41720328378,504423389,504373543,714186,8311,8239
524288,512,n,40632666326,504419532,504377624,707671,77,38
524288,1024,t,40640122614,504423194,504380003,1423517,16515,16425
524288,1024,n,40631873014,504417527,504379269,1405652,122,80
524288,2048,t,40628580716,504422174,504380190,2809665,32964,32812
524288,2048,n,40631245143,504426907,504387275,2860495,136,72
524288,3072,t,40633391641,504417395,504376240,4205028,49388,49205
524288,3072,n,40633883479,504423862,504381303,4296540,168,110
524288,4096,t,40639818169,504421665,504379996,5630310,65812,65676
524288,4096,n,40632325185,504406279,504363977,5721768,226,156
524288,5120,t,40632807177,504419841,504377726,7000940,82213,82082
524288,5120,n,40632689835,504425073,504384689,7184052,268,191
524288,6144,t,40636829581,504425422,504386647,8405038,98676,98450
524288,6144,n,40634232681,504429388,504389566,8611129,278,143
524288,7168,t,40631634528,504423142,504383157,9816983,115092,114909
524288,7168,n,40636368689,504429454,504388615,10055950,319,228
524288,8192,t,40635799297,504427630,504387084,11291246,131530,131285
524288,8192,n,40637503181,504425896,504386097,11498279,357,253
524288,12288,t,40630039422,504428419,504387298,16861259,197201,196918
524288,12288,n,40633859166,504429015,504388507,17246759,493,197
524288,16384,t,40628877756,504428389,504388352,22381060,262858,262536
524288,16384,n,40636251408,504416673,504375272,22971646,633,257
524288,32768,t,40633301170,504426167,504387519,44735692,525606,525172
524288,32768,n,40628008339,504420202,504379771,45976972,1150,165
524288,65536,t,40632015327,504425607,504386073,89236749,1051173,1050524
524288,65536,n,40626625705,504419236,504377211,91752298,2212,578
524288,131072,t,40642200667,504425734,504386174,177005539,2102232,2101664
524288,131072,n,40639563997,504421114,504379264,182889842,4394,2153
524288,262144,t,40650362217,504420083,504377715,353443553,4204229,4203445
524288,262144,n,40649145715,504421840,504380257,542818987,9179,8085
524288,524288,t,40666989446,504429213,504389895,705913482,8408390,8407331
524288,524288,n,40661126050,504424072,504383611,723716733,17771,16888
524288,1048576,t,40688837520,504388793,504348527,1409655697,16816903,16815357
524288,1048576,n,40681460940,504421993,504379557,1445010221,35498,34861
524288,1572864,t,40709378292,504424742,504381758,2111008360,25225345,25223152
524288,1572864,n,40709810807,504426878,504384402,2163478326,52203,52263
1048576,16,t,27087766037,336286599,336259365,24834,319,293
1048576,16,n,27089827957,336281464,336251107,25320,64,47
1048576,128,t,27092677986,336281480,336253057,181080,2120,2087
1048576,128,n,27086795495,336282633,336253857,175130,69,43
1048576,512,t,27093126237,336282096,336255704,717618,8322,8228
1048576,512,n,27089646385,336262220,336232240,712069,92,38
1048576,1024,t,27086801083,336283233,336253560,1399392,16525,16442
1048576,1024,n,27089779094,336279925,336253350,1420842,93,71
1048576,2048,t,27085451455,336284283,336256065,2807950,32943,32841
1048576,2048,n,27091422580,336271462,336245561,3072892,119,32
1048576,3072,t,27085829339,336283020,336255695,4239958,49387,49257
1048576,3072,n,27093133289,336283164,336253968,4258849,161,35
1048576,4096,t,27081501801,336280159,336251871,5624596,65798,65657
1048576,4096,n,27088637806,336271635,336243216,5721360,211,128
1048576,5120,t,27089871362,336281907,336252999,7029181,82232,81977
1048576,5120,n,27085169451,336284272,336257319,7149317,252,156
1048576,6144,t,27088616418,336280317,336251941,8471703,98643,98477
1048576,6144,n,27087653870,336287679,336258890,8583723,289,46
1048576,7168,t,27092317662,336283201,336255620,9837021,115100,114901
1048576,7168,n,27086561184,336283108,336257065,11080765,320,102
1048576,8192,t,27091284184,336267423,336241728,11230371,131485,131126
1048576,8192,n,27083001806,336285722,336259490,11426258,352,200
1048576,12288,t,27086129095,336283717,336257290,16828685,197177,196669
1048576,12288,n,27090106392,336287409,336257968,17198410,489,331
1048576,16384,t,27092469116,336284448,336258218,22465712,262887,262590
1048576,16384,n,27086450976,336278040,336250208,22923147,620,210
1048576,32768,t,27088784408,336284849,336259051,44862540,525624,525121
1048576,32768,n,27088314176,336280873,336252412,45903495,1152,679
1048576,65536,t,27094508246,336284106,336257813,89219417,1051092,1050434
1048576,65536,n,27094984361,336281813,336255780,91941957,2201,374
1048576,131072,t,27097649864,336279592,336254014,177248939,2102085,2101259
1048576,131072,n,27094622096,336279695,336254736,182575569,4467,3375
1048576,262144,t,27102918875,336264102,336238853,353743586,4204065,4202315
1048576,262144,n,27099245282,336278577,336250517,362956334,8896,7895
1048576,524288,t,27843289394,336288953,336256029,708467654,8408384,8407175
1048576,524288,n,27115290889,336282453,336252105,723812320,17809,16996
1048576,1048576,t,27135127595,336293004,336268249,1399273778,16821872,16820181
1048576,1048576,n,27143439015,336283206,336254023,1443590953,35386,32973
1048576,1572864,t,27191747122,336291115,336262526,2135357447,25224730,25221168
1048576,1572864,n,27159896985,336283510,336255112,2162869978,50909,50728
1572864,16,t,40636144340,504385395,504354056,24103,324,298
1572864,16,n,40625083791,504426589,504385222,24861,60,37
1572864,128,t,40767109571,504427003,504384010,191237,2119,2084
1572864,128,n,45476144376,504401860,504354803,187030,67,38
1572864,512,t,40636803557,504419529,504378229,723401,8300,8226
1572864,512,n,40636735555,504423979,504383543,743315,85,36
1572864,1024,t,40627127226,504425248,504384085,1446932,16515,16414
1572864,1024,n,40623290785,504424414,504386684,1447363,95,31
1572864,2048,t,40629414681,504424710,504384614,2868747,32933,32800
1572864,2048,n,40637479073,504426503,504387935,2896940,124,34
1572864,3072,t,40629714374,504425787,504385069,4246380,49353,49191
1572864,3072,n,40785866752,504427549,504386424,4354900,155,39
1572864,4096,t,40634710322,504397324,504358402,5672367,65795,65596
1572864,4096,n,40635169332,504402782,504362871,5801248,194,37
1572864,5120,t,40628792359,504426123,504384343,7113627,82200,81956
1572864,5120,n,40633478683,504424567,504387772,7166187,228,40
1572864,6144,t,40629711223,504425956,504385575,8436122,98623,98350
1572864,6144,n,40628136886,504430274,504391335,8678963,262,42
1572864,7168,t,40634148642,504400792,504362253,9912784,115044,114736
1572864,7168,n,40639085743,504423027,504383999,10135031,297,39
1572864,8192,t,40630416541,504427029,504388704,11318041,131453,131116
1572864,8192,n,40640110889,504421222,504380912,11530880,342,266
1572864,12288,t,40628790432,504423399,504384116,16949523,197154,196659
1572864,12288,n,40635774411,504428615,504388449,17326879,471,45
1572864,16384,t,40637413931,504421991,504382372,22576207,262835,262198
1572864,16384,n,40630414967,504427822,504388593,23035642,613,229
1572864,32768,t,40629816129,504424005,504385901,49740104,525614,525171
1572864,32768,n,40637212431,504420988,504382626,45929393,1125,63
1572864,65536,t,40636704333,504420781,504382268,89583688,1051083,1050375
1572864,65536,n,40638864931,504418833,504379942,92152750,2198,333
1572864,131072,t,40646157965,504426587,504389191,177611776,2101986,2099889
1572864,131072,n,40634070256,504422023,504382127,183211159,4346,1829
1572864,262144,t,40650037028,504400518,504360732,353360731,4204139,4202611
1572864,262144,n,40652032130,504416943,504379668,363398226,8701,5218
1572864,524288,t,40659561554,504421924,504382807,704976522,8407946,8406930
1572864,524288,n,40659977793,504421293,504381195,723294399,17653,14890
1572864,1048576,t,40699589525,504430351,504388506,1423394160,16815935,16813720
1572864,1048576,n,40679301231,504420791,504381821,1444573731,35469,33051
1572864,1572864,t,40751460532,504427964,504389105,2156380490,25223167,25220539
1572864,1572864,n,40704178937,504425650,504383397,2167856210,52509,52353
