16,16,t,15248618382,463,264,23775,312,289
16,16,n,15276594358,474,305,24152,59,36
16,128,t,15245355360,1100,756,173499,2123,2079
16,128,n,15256664299,1211,908,171842,64,29
16,512,t,15241438118,1863,1703,696175,8303,8236
16,512,n,15268333250,1067,668,684732,73,35
16,1024,t,15274979923,954,659,1373037,16508,16421
16,1024,n,15238656943,1038,794,1377426,160,122
16,2048,t,15252514927,892,592,2722525,32936,32821
16,2048,n,15247106801,885,469,2744238,130,63
16,3072,t,15256954344,1082,801,4068000,49369,49188
16,3072,n,15234304180,807,564,4109836,169,89
16,4096,t,15276479716,1539,1242,5406145,65766,65574
16,4096,n,15239062850,1093,838,5492411,205,111
16,5120,t,15264972376,1267,880,6729280,82208,81968
16,5120,n,15222467087,1609,1404,6854253,249,85
16,6144,t,15249932147,1229,900,8058140,98646,98359
16,6144,n,15275019745,1543,1078,8215245,273,188
16,7168,t,15250242305,2023,1729,9436436,115095,114828
16,7168,n,15316692318,813,602,9608275,408,302
16,8192,t,15122928036,1957,1598,10742433,131481,131186
16,8192,n,15122812473,807,630,11073923,346,127
16,12288,t,15249164054,2240,1956,16089769,197168,196751
16,12288,n,15247220109,473,346,16492829,473,154
16,16384,t,15262070509,2688,2334,21447670,262815,262342
16,16384,n,15260872011,949,572,21905348,612,362
16,32768,t,15264041687,3187,2768,42915594,525520,524536
16,32768,n,15271127954,1039,770,43787830,1118,501
16,65536,t,15256767129,4086,3740,85828534,1050904,1049352
16,65536,n,15227482596,772,600,87528091,2175,209
16,131072,t,15232918783,5218,4822,171640049,2102014,2100194
16,131072,n,15259959178,654,352,175063877,4249,259
16,262144,t,15246941205,12587,12354,342532375,4203444,4202017
16,262144,n,15269144464,675,405,350280435,8361,3553
16,524288,t,15245932983,16375,16094,683833666,8407763,8406276
16,524288,n,15252624103,1179,776,700764240,16822,7452
16,1048576,t,15246112828,41931,42234,1366426778,16814312,16812325
16,1048576,n,15276141756,1360,1135,1401333372,33583,21554
16,1572864,t,15219625426,46147,46075,2049248382,25221320,25218811
16,1572864,n,15279282890,488,303,2103276319,49391,330
128,16,t,15289666393,82353,2158,24107,316,287
128,16,n,15419280451,55972,2056,24330,62,34
128,128,t,15423651294,8381,2557,176199,2127,2085
128,128,n,15421782256,64523,3997,171550,66,34
128,512,t,15422365364,11217,2314,686442,8308,8231
128,512,n,15422157873,39939,3158,688767,86,34
128,1024,t,15488979162,220161332,2955,1369288,16527,16409
128,1024,n,15418011501,85600,2586,1372782,85,53
128,2048,t,15418768965,58943,2065,2702913,32925,32806
128,2048,n,15419142107,74257,3664,2744807,125,41
128,3072,t,15290113572,14724,2629,4042960,49397,49192
128,3072,n,15420530242,44661,3477,4143338,174,93
128,4096,t,15418771723,12618,2191,5407652,65783,65575
128,4096,n,16643585354,226521,4108,5515067,210,119
128,5120,t,15420059114,171511,2073,6782602,82230,81959
128,5120,n,15418299288,76989,3964,6848156,255,95
128,6144,t,15418135751,30043,2635,8061183,98655,98347
128,6144,n,15437440357,56737,2123,8219752,287,130
128,7168,t,15422340212,21814,2059,9456019,115075,114796
128,7168,n,15303398806,32657,2117,9577693,306,146
128,8192,t,15420387729,54206,2146,10755066,131493,131167
128,8192,n,15425019165,6918,2182,10970380,345,195
128,12288,t,15416036491,174105,2173,16107424,197173,196779
128,12288,n,15421563153,39890,3021,16435220,479,264
128,16384,t,15399405591,140012024,2078,21456060,262831,262367
128,16384,n,15418668541,71350,2662,21917269,610,157
128,32768,t,15421295116,10288,2062,42914442,525552,524885
128,32768,n,15418409138,25701,3490,43818021,1136,111
128,65536,t,15423353892,20436,2602,85821493,1050924,1049509
128,65536,n,15392698851,140112172,2685,87521471,2168,271
128,131072,t,15419202039,33849,2884,171475780,2101701,2100297
128,131072,n,15422619040,20612,4284,175126813,4241,627
128,262144,t,15420954424,93892,6418,342412434,4203638,4202383
128,262144,n,15422160560,33511,3285,350391691,8347,100
128,524288,t,15418902102,31261,6049,683591189,8407125,8405780
128,524288,n,15419766057,11861,4511,694587787,16571,6638
128,1048576,t,15419235265,54967,5900,1365883570,16814213,16812479
128,1048576,n,15433560261,173038500,6551,1401361639,32991,20585
128,1572864,t,15420046818,51779,5593,2048511736,25221198,25218528
128,1572864,n,15419041472,172300,2058,2103244445,49416,336
512,16,t,15833576964,503314532,8356,24294,328,291
512,16,n,15832691944,503264458,8545,24164,61,31
512,128,t,15835749508,503297918,8200,175512,2127,2085
512,128,n,19222872431,503284990,8330,178451,68,38
512,512,t,15830009805,503292695,18029,702098,8303,8225
512,512,n,15829132272,503229545,12345,688580,75,38
512,1024,t,15828470596,503289714,8209,1372635,16515,16440
512,1024,n,15836748089,503299360,28682,1382626,98,49
512,2048,t,15828802452,503305880,10670,2735438,32963,32802
512,2048,n,15840972110,503304455,26215,2762397,130,48
512,3072,t,15827763144,503250646,11165,4053970,49355,49193
512,3072,n,15830739449,503304727,22474,4572708,160,58
512,4096,t,15837079043,503263643,13278,5418023,65790,65569
512,4096,n,19460772917,472106168,27728,5502781,208,78
512,5120,t,15830072927,503299295,11002,6746079,82215,81962
512,5120,n,15829735392,503268946,26042,6881933,236,142
512,6144,t,15829456231,503295453,9932,8098440,98641,98337
512,6144,n,15833433596,503263562,27584,8252734,270,168
512,7168,t,15828217110,503234085,11519,9438304,115074,114786
512,7168,n,15791598822,471883128,26686,9630010,312,153
512,8192,t,15888454087,503313748,11290,10758827,131496,131191
512,8192,n,15896421648,503303221,23138,10985865,351,189
512,12288,t,15788741815,472011783,13564,16104767,197159,196794
512,12288,n,15829483913,503282560,25987,16486928,487,198
512,16384,t,15828731210,503309965,10216,21451382,262825,262434
512,16384,n,15830088989,503289020,23148,21915362,598,166
512,32768,t,15829048981,503312587,12282,42912180,525547,524568
512,32768,n,15858665721,475731190,32993,43844354,1121,181
512,65536,t,15788350978,471970921,18116,85807173,1050903,1049885
512,65536,n,15833391921,503259668,48535,87588013,2166,769
512,131072,t,15830089501,503248105,33402,171537170,2101823,2100486
512,131072,n,15831273114,503197360,31770,175126996,4242,164
512,262144,t,15832303271,503168603,42358,342490945,4203645,4201896
512,262144,n,15837873366,503282262,38044,350427355,8344,943
512,524288,t,15833111778,503177589,58959,683496495,8407172,8406037
512,524288,n,16510694522,483521342,47592,700882391,16558,6133
512,1048576,t,15793481118,471912681,54513,1366263984,16814151,16812243
512,1048576,n,15800554067,471407400,52798,1401708649,32994,21885
512,1572864,t,15836209681,503112156,50889,2050306109,25221248,25218795
512,1572864,n,15836096874,503309720,8362,2102992717,49418,501
1024,16,t,15841172030,503308712,16636,23732,317,288
1024,16,n,15828385459,503314308,17139,24575,64,37
1024,128,t,15835767462,503317469,16980,177398,2124,2084
1024,128,n,15829244158,503299435,17583,169353,62,35
1024,512,t,15835508985,503300455,16535,699260,8307,8220
1024,512,n,15827121130,503314082,16951,686024,72,33
1024,1024,t,15841703646,503293520,16589,1364965,16521,16418
1024,1024,n,15831991381,503314136,49601,1407189,96,25
1024,2048,t,15837834029,503306544,16396,2729943,32954,32805
1024,2048,n,15827889603,503312296,17465,2749456,134,83
1024,3072,t,15834723782,503307175,16566,4062818,49351,49187
1024,3072,n,15843842691,503310961,16884,4131067,168,63
1024,4096,t,15835470880,503304201,16388,5387547,65773,65570
1024,4096,n,15832567609,503274612,17138,5500971,198,114
1024,5120,t,15833125542,503305806,16411,6722184,82214,81972
1024,5120,n,15828003345,503299185,16797,6846889,231,119
1024,6144,t,15829528643,503272682,26679,8060261,98646,98324
1024,6144,n,15831745039,503272032,56987,8295112,275,129
1024,7168,t,15834718837,503283209,27573,9475167,115076,114777
1024,7168,n,15838110942,503310253,80716,9759858,322,205
1024,8192,t,15845146620,503309926,32361,10796891,131476,131242
1024,8192,n,15835389543,503312556,78887,11154579,359,233
1024,12288,t,15837956201,503265190,26477,16172146,197174,196883
1024,12288,n,15855693859,503274805,77939,16690851,490,220
1024,16384,t,15844659163,503316215,33567,21496256,262840,262494
1024,16384,n,15842024788,503302588,88133,22203173,612,159
1024,32768,t,15838011806,503240134,34624,42952992,525543,524754
1024,32768,n,15835122837,503270291,82054,44063215,1143,169
1024,65536,t,19796037375,503317529,45962,85889872,1050950,1049299
1024,65536,n,15840728476,503298602,86174,87795430,2164,174
1024,131072,t,15904523460,503283541,82972,171766177,2101879,2100546
1024,131072,n,15834956882,503315348,82175,175295683,4243,179
1024,262144,t,15844463509,503287366,100226,342486634,4203607,4202463
1024,262144,n,15842773067,503289066,119349,351082237,8359,1787
1024,524288,t,15839099855,503295882,135493,683877622,8406653,8405603
1024,524288,n,15840230322,503288405,133361,701459705,16560,4746
1024,1048576,t,15842094798,503272001,112143,1522562463,16813477,16811227
1024,1048576,n,15836676625,503292068,62835,1401761124,33010,20973
1024,1572864,t,15843242807,503295884,158681,2288311111,25221585,25218809
1024,1572864,n,15835761755,503317272,17732,2102967337,49398,1053
2048,16,t,15829608706,503316259,36550,24276,321,293
2048,16,n,15843226785,503317807,66847,27450,58,36
2048,128,t,19804506394,503320033,35034,174118,2123,2088
2048,128,n,15833353223,503318827,34506,172389,65,37
2048,512,t,15846889675,503305390,34849,697028,8309,8227
2048,512,n,15860126761,503313287,35246,693070,73,33
2048,1024,t,15839798728,503314881,34326,1394180,16547,16421
2048,1024,n,15835591947,503293064,35042,1371395,96,36
2048,2048,t,15838256888,503314233,34369,2735872,32932,32800
2048,2048,n,15840740305,503312708,34639,2749583,127,34
2048,3072,t,15841392273,503277556,33524,4062137,49351,49194
2048,3072,n,15844568834,503276935,34030,4127413,160,72
2048,4096,t,15829260297,503319573,33173,5393044,65769,65573
2048,4096,n,15834391620,503318544,35749,5498009,205,129
2048,5120,t,15844947544,503314760,34163,6763559,82222,81970
2048,5120,n,15835880264,503314709,34160,6854751,235,158
2048,6144,t,15834278019,503307284,33953,8075730,98644,98420
2048,6144,n,15831984978,503316070,34553,8235248,281,168
2048,7168,t,15837623674,503317847,34077,9427690,115063,114788
2048,7168,n,15835821106,503311007,34917,9611733,312,216
2048,8192,t,15835724598,503314235,34386,10730402,131465,131189
2048,8192,n,15829044157,503300903,34646,11083304,353,250
2048,12288,t,15835133008,503317773,34097,16109785,197169,196819
2048,12288,n,15831569608,503313010,34486,16457847,473,281
2048,16384,t,15840921193,503282203,111713,21825292,262869,262494
2048,16384,n,15838685008,503303211,100473,22198139,607,96
2048,32768,t,15841029753,503296527,139104,43543215,525564,524979
2048,32768,n,15841714156,503310381,123585,45169076,1130,80
2048,65536,t,15847132098,503316397,194044,86691497,1050965,1049613
2048,65536,n,19813596164,503319284,154473,88147193,2198,172
2048,131072,t,15842053252,503301934,197619,172046426,2101738,2100567
2048,131072,n,15847531057,503310458,165138,175620259,4269,246
2048,262144,t,15847450577,503304527,184975,342610654,4203662,4202625
2048,262144,n,15847753889,503312462,219560,351216936,8362,1074
2048,524288,t,15840590553,503311120,168969,683623967,8407286,8406018
2048,524288,n,15841288102,503306025,196153,701484032,16570,4205
2048,1048576,t,15853651139,503300353,163707,1366582410,16814439,16812590
2048,1048576,n,15857295303,503296672,137872,1401550289,32978,21599
2048,1572864,t,15849398064,503292978,173985,2048894340,25221552,25218645
2048,1572864,n,15895626528,503320615,37747,2103072034,49441,5748
3072,16,t,15900610393,503315905,61827,23157,320,290
3072,16,n,15853870316,503317315,186023,23255,57,31
3072,128,t,15845788279,503315402,56337,174161,2124,2082
3072,128,n,15831976238,503314308,57346,178076,68,39
3072,512,t,15838723753,503319074,106623,1001185,8301,8231
3072,512,n,15845511612,503311092,59530,686307,92,37
3072,1024,t,15842434561,503319733,52875,1373549,16519,16433
3072,1024,n,15840386427,503315629,57012,1382939,89,53
3072,2048,t,16582078730,503325551,66648,2726043,32923,32841
3072,2048,n,15843775974,503310735,184136,2827341,129,54
3072,3072,t,15845504811,503331234,56348,4063155,49354,49230
3072,3072,n,15839833101,503312674,55791,4113654,167,75
3072,4096,t,15845021327,503320052,54832,5427800,65827,65636
3072,4096,n,15848036589,503314964,66787,5522030,209,95
3072,5120,t,15840481985,503316221,53768,6768352,82228,81981
3072,5120,n,15846003600,503312134,59493,6883890,233,110
3072,6144,t,15837170708,503317447,56416,8125130,98659,98425
3072,6144,n,15836351048,503315071,55108,8243818,290,205
3072,7168,t,15839900887,503317564,60203,9436138,115037,114736
3072,7168,n,15840710608,503319408,55035,9668437,312,186
3072,8192,t,15835300601,503316032,56202,10775267,131490,131253
3072,8192,n,15855183738,503320187,56601,11126938,342,246
3072,12288,t,15841569337,503301439,55198,16168789,197148,196876
3072,12288,n,15831486135,503319305,54522,16521046,472,235
3072,16384,t,15845389375,503316091,88228,21637054,262850,262536
3072,16384,n,15837800754,503326706,55813,21948133,628,159
3072,32768,t,15848193817,503309498,175336,43542933,525560,524894
3072,32768,n,15851684445,503313648,150214,44227885,1136,231
3072,65536,t,15852678617,503317331,200985,86434600,1051001,1050101
3072,65536,n,15853907099,503327532,177791,88122484,2199,332
3072,131072,t,15858069003,503297590,245892,172099433,2101880,2100918
3072,131072,n,15850722345,503314228,164198,175547228,4261,617
3072,262144,t,15852053390,503318515,214294,342534607,4203672,4202380
3072,262144,n,15853454663,503316593,215765,379736283,8355,2601
3072,524288,t,15875786699,503321361,314772,684184386,8407392,8406557
3072,524288,n,15858724184,503325065,197819,701543788,16584,4764
3072,1048576,t,15858438312,503305492,235528,1366534075,16814622,16812866
3072,1048576,n,15844131247,503316686,138349,1402161370,33015,22666
3072,1572864,t,15868187861,503296721,246797,2048910218,25221515,25219467
3072,1572864,n,19472406252,503336351,59376,2102816498,49461,20495
4096,16,t,15901166799,503514871,242033,23568,316,290
4096,16,n,16092322437,503526822,2715278,26895,69,34
4096,128,t,15907570964,503522668,403898,180186,2113,2080
4096,128,n,15863504813,503524120,247750,179165,71,35
4096,512,t,15867316698,503523724,220050,703806,8299,8231
4096,512,n,19944876528,503561563,2279374,711261,84,51
4096,1024,t,15867872082,503513908,200882,1400387,16515,16431
4096,1024,n,16398338217,503536270,4443506,1393586,92,52
4096,2048,t,16306510110,503529627,8568470,2788595,32935,32825
4096,2048,n,15896797883,503519142,236169,2768697,128,75
4096,3072,t,15931567065,503520557,560540,4177244,49353,49207
4096,3072,n,15882740749,503523186,284407,4273547,172,89
4096,4096,t,15856885291,503525065,184327,5548015,65792,65592
4096,4096,n,15863216716,503508333,165836,5544496,203,108
4096,5120,t,15932285283,503524742,979624,6946720,82236,81962
4096,5120,n,15850378577,503523583,110208,7051610,280,163
4096,6144,t,15920822623,503522887,441896,8320672,98640,98390
4096,6144,n,15873845363,503526880,238651,8596233,279,168
4096,7168,t,19836202287,503562167,236973,9710788,115068,114780
4096,7168,n,15847357619,503523635,107718,9829248,324,218
4096,8192,t,15853445325,503527757,172940,11158926,131511,131210
4096,8192,n,15997982840,503518182,760439,11035949,348,270
4096,12288,t,16304071159,503521573,8605890,16582664,197178,196845
4096,12288,n,15857459255,503524432,91543,16501095,486,276
4096,16384,t,15862436174,503517025,291429,22175097,262861,262501
4096,16384,n,16101445868,503525619,2637404,22036145,630,244
4096,32768,t,15862720842,503526606,228907,43680784,525608,525032
4096,32768,n,19505136705,503565836,288673,44514796,1144,291
4096,65536,t,15877286689,503506689,296011,86770846,1051032,1050131
4096,65536,n,15885858019,503523359,433731,88494075,2180,408
4096,131072,t,15868764500,503497694,254156,172017223,2101965,2101510
4096,131072,n,15869235731,503525962,262482,176073370,4246,1139
4096,262144,t,15874677671,503512921,261143,342665792,4203826,4203061
4096,262144,n,15869915921,503525413,253096,351286109,8356,2631
4096,524288,t,16306051843,503528313,3860261,686056607,8407412,8406342
4096,524288,n,15873152005,503514750,280011,701728533,16602,7452
4096,1048576,t,15952379756,503516826,397733,1367375314,16814691,16813478
4096,1048576,n,15863682881,503518554,188959,1402505714,33029,23558
4096,1572864,t,15874980517,503511217,246250,2048647630,25222243,25219824
4096,1572864,n,15856607811,503519230,82660,2102846107,49402,26975
5120,16,t,16926265528,503992153,20952389,25081,318,293
5120,16,n,20370525498,503994818,4684172,23495,61,32
5120,128,t,15866509855,503981967,270319,182369,2125,2080
5120,128,n,16540095230,503984901,5553692,175961,68,37
5120,512,t,16280495524,503988023,3407056,697423,8295,8230
5120,512,n,16948099437,503987289,19667316,708935,78,31
5120,1024,t,16365246240,503991727,4237814,1435458,16519,16435
5120,1024,n,16928717417,503973742,20741690,1412712,100,66
5120,2048,t,16530739717,503988177,5463598,2800540,32944,32855
5120,2048,n,16680265416,503991124,6676761,2815819,129,64
5120,3072,t,17245410677,503988349,25618883,4177859,49383,49206
5120,3072,n,16425337948,503987623,4156946,4219103,167,41
5120,4096,t,16376246028,503996430,4275477,5551035,65808,65580
5120,4096,n,17324785034,503980720,28577165,5692040,208,126
5120,5120,t,16147446548,503991289,2264879,6943798,82249,82129
5120,5120,n,16607504447,503989027,12845478,7171687,257,158
5120,6144,t,16621046250,503990294,13347411,8570321,98660,98575
5120,6144,n,17256047520,503991682,27421707,8372722,301,137
5120,7168,t,16751444790,503993421,16689075,9937198,115096,115016
5120,7168,n,16422913237,503990984,4192419,9781957,315,230
5120,8192,t,16359023453,503993738,8242623,11298209,131548,131316
5120,8192,n,16647263906,503993169,6225305,11352835,356,189
5120,12288,t,17330399677,503991732,27548729,16647103,197163,196762
5120,12288,n,16671885418,503995533,15397380,16638691,483,227
5120,16384,t,16366683235,503991434,6565323,22083419,262855,262753
5120,16384,n,16832316608,503988695,7222484,22806773,627,196
5120,32768,t,17295647548,503983649,27924275,44004725,525592,525237
5120,32768,n,16200196673,503979719,2614460,49276431,1150,486
5120,65536,t,17052461545,503993465,3621657,87476395,1051073,1050082
5120,65536,n,17320955607,503992800,28782361,88974753,2193,790
5120,131072,t,16747583743,503988993,7006859,176648856,2101990,2100665
5120,131072,n,16296094294,503986674,7829216,176352600,4321,1712
5120,262144,t,16783489297,503991348,7025365,345113106,4203879,4203302
5120,262144,n,16291992793,503985398,3577140,352460344,8496,4289
5120,524288,t,16488737729,503991071,4780638,765890907,8407488,8406548
5120,524288,n,15955346253,503985190,734496,702610380,16955,9752
5120,1048576,t,17208383611,503985496,23521561,1387600294,16814085,16812837
5120,1048576,n,16871650529,503992372,7363018,1407678348,33365,25276
5120,1572864,t,16515628683,503985884,5465425,2057234611,25221990,25220007
5120,1572864,n,15924704846,503989693,441082,2084479276,49982,29700
6144,16,t,17675375647,504299492,14250474,23990,319,294
6144,16,n,17779366134,504326271,15469632,23416,60,37
6144,128,t,17362569313,504313655,11761638,181303,2130,2078
6144,128,n,22673376870,504342728,54303965,178593,66,40
6144,512,t,19244511715,504310229,65434984,707211,8308,8226
6144,512,n,17902364264,504294185,16423336,723553,74,41
6144,1024,t,17719437761,504317446,14850053,1378460,16516,16425
6144,1024,n,18367583314,504309227,19798625,1430091,93,33
6144,2048,t,17714577429,504308803,14807222,2773698,32961,32799
6144,2048,n,18240442950,504316443,19331444,2820458,135,37
6144,3072,t,17576296501,504318170,14631095,4133027,49355,49194
6144,3072,n,18194363142,504330177,19482191,4279812,180,38
6144,4096,t,17524955630,504304167,13624148,5557648,65779,65591
6144,4096,n,17780734996,504302942,15630902,5666127,216,68
6144,5120,t,17920541351,504316253,16603169,6937284,82207,81962
6144,5120,n,18080615642,504312769,17645475,7126865,267,133
6144,6144,t,18295500572,504311689,18550484,8619076,98658,98367
6144,6144,n,18491091982,504324573,21298663,8515722,273,99
6144,7168,t,18745850573,504327910,17748175,9713314,115077,114786
6144,7168,n,19623013808,504319945,71647446,9918188,297,36
6144,8192,t,17595692022,504300093,14066605,11264635,131522,131447
6144,8192,n,17489522839,504308791,12693562,11334592,352,213
6144,12288,t,17619393361,504314600,14387337,16602667,197181,196816
6144,12288,n,18100537176,504300257,18150343,17033402,487,202
6144,16384,t,18273679270,504310492,20158080,22175909,262872,262425
6144,16384,n,17797231354,504317570,14750124,22816037,616,147
6144,32768,t,17971314623,504318048,17078866,44542871,525574,524634
6144,32768,n,19368899484,504310478,67441309,45283306,1149,399
6144,65536,t,19608480572,504338336,71522135,87961457,1051247,1050596
6144,65536,n,17950043277,504330301,17119848,90124088,2528,1045
6144,131072,t,17998715405,504318023,17406646,174743636,2102161,2101793
6144,131072,n,17628382778,504311044,13931396,178244584,4773,3318
6144,262144,t,18036762154,504296727,17743923,347166465,4204219,4203791
6144,262144,n,19636792232,504321146,73901673,355402273,8713,6213
6144,524288,t,17909976883,504323760,16170019,691770463,8408107,8407324
6144,524288,n,17637406863,504299726,14075380,706682577,17357,12691
6144,1048576,t,17427717530,504309640,11850788,1381985795,16816078,16815160
6144,1048576,n,18027934097,504318908,17718310,1412630535,33636,28837
6144,1572864,t,18128623467,504310763,17348619,2073737019,25224340,25223387
6144,1572864,n,17598239168,504314795,13997364,2117203453,50274,40949
7168,16,t,20665501296,503338785,40551075,25717,319,285
7168,16,n,22006918190,503348382,120490192,23258,56,32
7168,128,t,20553770871,503336321,39484910,179953,2119,2086
7168,128,n,20499644316,503341998,38894341,184944,71,36
7168,512,t,20145008945,503335742,36864785,693308,8308,8243
7168,512,n,20315709301,503340078,36977162,704301,70,29
7168,1024,t,20010310644,503343859,35683653,1391932,16514,16433
7168,1024,n,20285949072,503337842,37437046,1405825,91,29
7168,2048,t,20629588140,503342058,39214762,2802825,32956,32803
7168,2048,n,20248040900,503334198,37317211,2936863,144,71
7168,3072,t,23679396130,503361390,155088837,4211194,49350,49191
7168,3072,n,23132665998,503349329,142111134,4435622,173,118
7168,4096,t,20295292843,503335192,37860077,5747711,65808,65676
7168,4096,n,20485721162,503341267,39079893,5711423,206,44
7168,5120,t,20707205238,503339921,40664366,7076345,82227,81973
7168,5120,n,20367558260,503348946,38685471,7119376,236,147
7168,6144,t,24825735617,503366059,178698528,8549125,98652,98404
7168,6144,n,20520962957,503336043,37460308,8645030,271,214
7168,7168,t,20453805227,503321018,38408676,9744877,115083,114828
7168,7168,n,24151156497,503355968,163226329,9994401,312,37
7168,8192,t,20645394961,503339252,38992249,11095854,131476,131293
7168,8192,n,20187659166,503339383,36047639,11430155,336,196
7168,12288,t,20837897002,503334560,39787627,16758665,197183,196769
7168,12288,n,20625796016,503338966,41019224,17077665,493,229
7168,16384,t,24268853954,503340815,166059674,22170231,262875,262513
7168,16384,n,20378032521,503339867,39620400,22803286,660,515
7168,32768,t,20147683433,503333160,36154002,44505326,525575,524795
7168,32768,n,20728693764,503339752,40965503,45777443,1259,615
7168,65536,t,20664566688,503340400,41958736,88837029,1051292,1050424
7168,65536,n,20089130379,503348320,36592263,90573071,2462,1497
7168,131072,t,20704081691,503340539,41376910,176994690,2102383,2101852
7168,131072,n,21112891634,503342179,43248600,181264588,4314,1739
7168,262144,t,20448306844,503330421,38251287,352837050,4203725,4202909
7168,262144,n,21413209478,503337534,45891638,359932698,8602,4576
7168,524288,t,20555070524,503361632,40006534,701351301,8408357,8407557
7168,524288,n,20342402611,503339373,38036385,714455605,17022,12712
7168,1048576,t,25564180755,503348870,42948551,1395986671,16815258,16814193
7168,1048576,n,20244650874,503352848,36771117,1425290512,36098,32166
7168,1572864,t,21723377115,503363173,50561210,6975798501,25228355,25225307
7168,1572864,n,19890880145,503349627,32928419,2124776307,50748,48376
8192,16,t,23876566100,504332177,70291877,23841,316,292
8192,16,n,23793755905,504322812,67405173,23513,64,37
8192,128,t,25590376318,504341661,88179844,177552,2116,2083
8192,128,n,29040286218,504395415,125576840,197153,79,49
8192,512,t,25064342977,504323346,85173676,690633,8324,8236
8192,512,n,25291451797,504331378,88308719,710630,84,37
8192,1024,t,24935998152,504325175,83795281,1397098,16511,16422
8192,1024,n,24425168181,504350617,75763671,1414533,105,33
8192,2048,t,25073426939,504344414,80286350,2821187,32930,32797
8192,2048,n,24405282543,504329016,76603742,2851347,138,81
8192,3072,t,24445387877,504332959,78628853,4149091,49349,49200
8192,3072,n,24644807447,504333393,77862121,4249751,160,105
8192,4096,t,24078840107,504326822,73480403,5534724,65782,65581
8192,4096,n,24302657275,504319379,75019011,5647809,204,111
8192,5120,t,23825041585,504353002,71295493,6947544,82244,81966
8192,5120,n,24939291063,504339893,80255479,7129409,246,141
8192,6144,t,23846399209,504328183,70835238,8270355,98652,98362
8192,6144,n,23970301673,504325106,72500558,8596057,310,122
8192,7168,t,24617675961,504326724,78225923,9724116,115052,114899
8192,7168,n,24655507885,504329485,82220633,9938894,331,201
8192,8192,t,24671853475,504338185,78003069,11066744,131492,131207
8192,8192,n,25000187735,504347577,79876483,11379165,346,224
8192,12288,t,23664521540,504324167,69109624,16612705,197193,196888
8192,12288,n,24441973862,504337858,77614814,17149002,501,81
8192,16384,t,24853025332,504339432,75342787,22200887,262888,262487
8192,16384,n,24315771489,504332852,73310866,22864865,627,175
8192,32768,t,24737809154,504336873,78728540,44194468,525644,525551
8192,32768,n,24102618995,504346147,70387153,45632081,1131,168
8192,65536,t,24409143552,504331252,75041595,88926689,1051083,1050126
8192,65536,n,23952558668,504328213,68269644,91271026,2210,565
8192,131072,t,23768905175,504329590,70740741,177341530,2102093,2101001
8192,131072,n,23613153353,504331039,66014295,181847570,4298,1751
8192,262144,t,24213648213,504329939,72253755,353676870,4204212,4203438
8192,262144,n,23652602562,504327621,68194736,360478932,8731,7354
8192,524288,t,25257885501,504332286,84067942,704295398,8407835,8406064
8192,524288,n,24583290025,504330015,76147025,716822960,17081,14381
8192,1048576,t,24358686577,504345417,72694375,1403455413,16816992,16815623
8192,1048576,n,23430090688,504323423,66850038,1426888806,33823,32060
8192,1572864,t,24270370730,504337649,73511614,2102773750,25222124,25220433
8192,1572864,n,24146473680,504340155,76214433,2142391482,51425,47832
12288,16,t,34425355993,504378845,201890498,25113,324,285
12288,16,n,34673158677,504373259,204189583,25297,67,36
12288,128,t,34496359295,504377241,199701038,174520,2123,2075
12288,128,n,34616953309,504382745,199561608,179316,63,35
12288,512,t,34363557329,504376398,199171355,710757,8309,8220
12288,512,n,34430760406,504371786,199727505,714734,80,42
12288,1024,t,34537349300,504380782,200616092,1376872,16521,16430
12288,1024,n,34452611793,504380369,200792458,1402499,96,38
12288,2048,t,34712253269,504373146,200946317,2803138,32962,32800
12288,2048,n,34436443500,504369213,199677920,2843440,134,35
12288,3072,t,34447172438,504374856,200483326,4244555,49351,49188
12288,3072,n,34523070574,504384679,200566172,4260711,167,39
12288,4096,t,34532453581,504369985,200728805,5689350,65772,65577
12288,4096,n,34555805269,504375432,200281482,5797607,225,73
12288,5120,t,34458403369,504369965,200502727,7673164,82210,81971
12288,5120,n,34340733603,504390080,198977336,7128316,244,145
12288,6144,t,34510319289,504373684,200792193,8528383,98650,98355
12288,6144,n,34299102015,504378127,199977932,8515037,263,189
12288,7168,t,34398853672,504374955,200714783,9655604,115085,114844
12288,7168,n,34534333849,504375004,201428682,9915389,308,143
12288,8192,t,34551956665,504360015,200839193,11085120,131492,131137
12288,8192,n,38261568086,504382333,202270430,11339367,352,175
12288,12288,t,34563447994,504382984,201195999,16776357,197160,196880
12288,12288,n,34499446202,504379574,201025728,17098743,485,220
12288,16384,t,34293204508,504368732,200736332,22355270,262851,262523
12288,16384,n,34493892736,504377128,200814441,22880381,608,154
12288,32768,t,34250802617,504373491,199891760,44679446,525604,525554
12288,32768,n,34363935885,504393516,199649178,45640821,1148,217
12288,65536,t,34495158447,504371961,200189852,89006135,1051083,1050585
12288,65536,n,34467271354,504377257,200675468,91408373,2181,314
12288,131072,t,34576241071,504369492,201306039,197161856,2102209,2101630
12288,131072,n,34461110437,504382288,200238762,182538955,4369,2130
12288,262144,t,34527334205,504376884,200408184,355074382,4204354,4203647
12288,262144,n,34437100752,504359719,199715483,363478689,8702,6469
12288,524288,t,34392678726,504373329,200177402,708622994,8408610,8407765
12288,524288,n,34590153524,504367312,200864317,725259688,17423,15409
12288,1048576,t,34590454012,504387311,202305018,1415639508,16817154,16815862
12288,1048576,n,34433307786,504371980,200863328,1448324416,34887,33532
12288,1572864,t,34683536756,504394380,203637697,2122877401,25225274,25223370
12288,1572864,n,34341902661,504378524,201731864,2169248921,52978,53034
16384,16,t,37993911500,504388237,281465844,25354,304,289
16384,16,n,37982025685,504388955,281501749,25269,52,28
16384,128,t,38014284055,504395260,281855143,175795,2123,2084
16384,128,n,38055796529,504390275,281925216,180676,61,33
16384,512,t,38074772361,504413719,282573667,692607,8299,8238
16384,512,n,38026109512,504395412,281987051,709460,94,54
16384,1024,t,38069669775,504397606,281716974,1408902,16511,16425
16384,1024,n,38047331360,504414620,281673764,1418032,97,40
16384,2048,t,38020059188,504393352,282012824,2760702,32933,32812
16384,2048,n,38004715203,504388306,282047702,2848569,138,84
16384,3072,t,38014272717,504386674,282019818,4191713,49375,49196
16384,3072,n,38010095414,504391913,281967783,4239126,161,56
16384,4096,t,37994438038,504394120,281918215,5588710,65803,65569
16384,4096,n,38595610997,504395839,281672352,5647209,209,105
16384,5120,t,38005509598,504396260,281962031,6903322,82208,81968
16384,5120,n,38046772907,504393894,282187876,7058906,249,165
16384,6144,t,38003572114,504392048,281959287,8367764,98621,98360
16384,6144,n,38093964931,504397720,282097763,8537450,290,130
16384,7168,t,37984836564,504399785,281565584,9828336,115069,114768
16384,7168,n,38022744749,504397689,282255453,9979902,310,175
16384,8192,t,37868558795,504392776,282202325,11266882,131500,131189
16384,8192,n,38037026171,504393484,283028719,11410421,344,132
16384,12288,t,42065247809,504408494,282916322,16650312,197168,196685
16384,12288,n,38106296114,504395819,282334630,18801561,492,208
16384,16384,t,38112180363,504381134,282043019,22236607,262876,262361
16384,16384,n,38027652584,504398735,282022812,22834239,632,124
16384,32768,t,38040534280,504407500,281975827,44505404,525576,524781
16384,32768,n,38025392888,504381766,282317227,45808583,1130,156
16384,65536,t,38049116472,504395141,282246008,89252291,1051114,1050007
16384,65536,n,38050233368,504388470,281802273,91547636,2215,647
16384,131072,t,38013559555,504399075,281913140,177985486,2102103,2101466
16384,131072,n,38095781631,504393404,283198838,182453727,4386,2178
16384,262144,t,38066845372,504389765,282207930,355132613,4204235,4203334
16384,262144,n,38026851437,504398262,281959064,363965462,8764,6173
16384,524288,t,38080130775,504400480,282390213,709471321,8408434,8407148
16384,524288,n,38092672788,504397759,282004354,726756182,17496,15547
16384,1048576,t,38128646161,504410370,283513684,1417970353,16816204,16814816
16384,1048576,n,38085254065,504396116,281933848,1451133991,35196,34188
16384,1572864,t,38108839753,504399222,284101649,2127019837,25225455,25223509
16384,1572864,n,37953630675,504390105,281779094,2174739878,52763,52809
32768,16,t,40499373931,504417865,407801771,23505,319,294
32768,16,n,40504728798,504407484,407245707,24834,68,40
32768,128,t,40517992691,504410121,407123393,182339,2166,2081
32768,128,n,40530248594,504411492,407364432,174270,66,34
32768,512,t,40522241239,504406929,407599603,708273,8307,8227
32768,512,n,40532581426,504415593,407550459,711266,79,31
32768,1024,t,40511976698,504418048,407524699,1409919,16507,16419
32768,1024,n,40539888542,504419059,407499788,1405607,94,34
32768,2048,t,40492847362,504418575,407543365,2859773,32924,32804
32768,2048,n,40713953269,504417982,407509149,2820301,127,32
32768,3072,t,41348810458,504413435,407832933,4280591,49342,49182
32768,3072,n,40511564004,504420925,407404250,4253511,170,36
32768,4096,t,40480801790,504413232,407261544,5735518,65802,65572
32768,4096,n,40513276752,504419524,407263043,5688081,198,37
32768,5120,t,40481791558,504417536,407950300,7199776,82253,82084
32768,5120,n,40522256365,504415989,407883634,7092927,260,37
32768,6144,t,40498513638,504414843,407524306,8558469,98639,98447
32768,6144,n,40518540929,504413151,407152939,8532315,280,32
32768,7168,t,40483383591,504420839,407844079,10065077,115060,114857
32768,7168,n,40495945498,504410868,408018245,9933726,319,38
32768,8192,t,40462320743,504414892,407968201,11329254,131499,131392
32768,8192,n,40492401050,504406619,407379606,11411534,348,43
32768,12288,t,40511728969,504419086,407796751,16952901,197170,197067
32768,12288,n,40522784296,504420178,407603618,17093557,497,35
32768,16384,t,40494674987,504424162,407724408,22442539,262876,262513
32768,16384,n,40492925705,504416700,407542891,22863404,616,43
32768,32768,t,40525365994,504421639,408102519,44641011,525551,524550
32768,32768,n,40497662255,504412244,407395906,46203061,1200,333
32768,65536,t,40501012334,504417063,408361954,89503629,1051030,1050084
32768,65536,n,40489304430,504407569,408128120,92034294,2293,1955
32768,131072,t,41323640054,504423188,409611697,178464701,2101986,2100774
32768,131072,n,40519286344,504415818,407820042,183056038,4433,4046
32768,262144,t,40511050644,504427747,408878584,356433800,4203758,4203131
32768,262144,n,40500104242,504414282,408589971,365413033,8750,8647
32768,524288,t,40502342937,504427701,410541370,713038263,8407319,8406415
32768,524288,n,40526524951,504430712,409111512,728964537,17071,16801
32768,1048576,t,40572374430,504408126,411358411,1422926226,16813866,16812844
32768,1048576,n,40560167031,504416551,408078176,1454569801,33524,33493
32768,1572864,t,40577768036,504409973,413694752,2140812988,25220679,25219049
32768,1572864,n,40546709827,504411558,408066037,2178291001,50015,50005
65536,16,t,41748672495,504410290,471279908,24414,319,295
65536,16,n,40751830457,504414648,471055121,26125,66,36
65536,128,t,40747662098,504409984,471041299,175637,2123,2080
65536,128,n,40747041868,504423142,471177771,186836,65,33
65536,512,t,40755645868,504418503,471055511,694955,8298,8240
65536,512,n,59643656777,504449629,471234218,707620,77,40
65536,1024,t,40774338059,504421635,471060448,1396256,16509,16423
65536,1024,n,40758514427,504416990,471111116,1424887,99,38
65536,2048,t,40758653221,504419372,470952228,2819823,32972,32834
65536,2048,n,40746672622,504411909,470993735,2861070,136,67
65536,3072,t,40747731746,504423882,471012392,4230423,49357,49196
65536,3072,n,40775319891,504415764,471218902,4253744,172,95
65536,4096,t,45548963437,504428294,471204103,5626729,65780,65586
65536,4096,n,40756667547,504414893,471158830,5690146,205,109
65536,5120,t,40751238940,504417987,471127183,7004160,82202,81994
65536,5120,n,40759835750,504421256,471019050,7113457,243,179
65536,6144,t,40754482274,504419372,471233018,8419868,98667,98363
65536,6144,n,40758604072,504413257,471449789,8525750,282,173
65536,7168,t,40756944035,504424812,471129860,9876402,115069,114772
65536,7168,n,40753629144,504413435,471291442,9964813,319,146
65536,8192,t,40769679782,504413414,471127666,11221860,131477,131210
65536,8192,n,40763614521,504406670,471050426,11420211,368,218
65536,12288,t,40756738744,504423957,471444154,16799767,197178,196806
65536,12288,n,40758292304,504421305,471241338,17093456,499,270
65536,16384,t,40760720343,504422514,471069854,22363696,262895,262441
65536,16384,n,40759813658,504418805,471092236,22932214,617,259
65536,32768,t,40752069262,504416245,471145608,44679547,525593,524782
65536,32768,n,40772025846,504424848,471471828,45665348,1150,185
65536,65536,t,40750270545,504420189,471025883,89210745,1051088,1050044
65536,65536,n,40770614985,504417925,471035818,91507986,2233,398
65536,131072,t,40754829796,504427981,471099426,177811734,2101986,2101171
65536,131072,n,40758702661,504422231,471093732,182791347,4373,1841
65536,262144,t,40749125756,504426935,471231040,355091404,4204546,4203705
65536,262144,n,40766692442,504409280,470954503,364312362,8855,6612
65536,524288,t,40779361853,504420335,471433329,709340347,8408662,8407552
65536,524288,n,40770495139,504419588,471099140,727099941,17787,16082
65536,1048576,t,40790937722,504426250,472041639,1416682818,16816826,16815143
65536,1048576,n,40790002441,504419988,471059145,1443428265,35639,34390
65536,1572864,t,40819072931,504427942,472256978,2130076596,25225858,25223777
65536,1572864,n,40810710696,504414626,471060330,2176131738,53107,53327
131072,16,t,40679475734,504423112,500279879,24491,318,295
131072,16,n,40681124091,504422036,500273998,37437,57,38
131072,128,t,40672901973,504418034,500239854,184040,2123,2089
131072,128,n,40666388880,504422397,500285019,177515,49,23
131072,512,t,40679950318,504419441,500342854,713145,8306,8225
131072,512,n,40670822232,504420925,500264651,709648,80,40
131072,1024,t,40678464647,504424557,500204573,1401939,16515,16423
131072,1024,n,40671617308,504425125,500222815,1422250,93,32
131072,2048,t,40675688989,504419572,500267789,2815148,32961,32809
131072,2048,n,40673607842,504421783,500329276,2887259,137,97
131072,3072,t,40667494390,504416872,500271888,4245831,49358,49206
131072,3072,n,40670540647,504422169,500300461,4285813,182,61
131072,4096,t,40671290150,504418643,500285093,5639651,65771,65590
131072,4096,n,40828452906,504419809,500288930,5679848,201,129
131072,5120,t,40676546539,504422683,500304011,7039863,82240,81974
131072,5120,n,40678191559,504423296,500313894,7119074,245,89
131072,6144,t,40679325282,504396894,500243480,8409147,98664,98413
131072,6144,n,40673327630,504430138,500336951,8580525,289,217
131072,7168,t,40671097519,504418251,500319278,9834501,115045,114819
131072,7168,n,40672027463,504403653,500300010,9988230,333,229
131072,8192,t,45513213410,504434336,500324016,11241482,131461,131193
131072,8192,n,40677907452,504429942,500385908,11397731,356,240
131072,12288,t,40665025268,504423612,500270209,16889778,197193,196903
131072,12288,n,40677206487,504425918,500268160,17126523,498,279
131072,16384,t,40682451376,504426130,500363591,22420970,262888,262519
131072,16384,n,40677705156,504427560,500338089,22890354,606,216
131072,32768,t,40674785598,504418274,500247131,44893376,525610,524986
131072,32768,n,40675213650,504413230,500257991,45787396,1142,148
131072,65536,t,40671989185,504423954,500270544,89283638,1051121,1050434
131072,65536,n,45529329950,504422824,500319945,91712480,2167,267
131072,131072,t,40677982169,504395373,500205603,177653891,2102509,2101548
131072,131072,n,40676219563,504420708,500258451,182689279,4386,1900
131072,262144,t,45529113118,504434849,500304865,356688547,4204456,4203347
131072,262144,n,40690290376,504416556,500271954,363604146,8785,6706
131072,524288,t,40685418647,504424451,500376500,706754522,8408714,8407563
131072,524288,n,40693750510,504420984,500277606,725219596,17731,16111
131072,1048576,t,40716312844,504434150,500352253,1413380866,16817294,16815471
131072,1048576,n,60171211770,504443170,500307519,1453322482,34759,33302
131072,1572864,t,40753065670,504422965,500447757,2118191878,25225028,25222841
131072,1572864,n,40739392842,504426393,500348080,2171285169,52065,52133
262144,16,t,40637274243,504426035,504384068,24779,323,298
262144,16,n,40652383769,504416884,504372452,25128,69,40
262144,128,t,40661561193,504420488,504373780,184025,2132,2088
262144,128,n,40655388782,504421228,504373432,199057,70,41
262144,512,t,41728617848,504424457,504374024,710741,8296,8226
262144,512,n,40648972399,504413820,504367370,719461,74,45
262144,1024,t,40649285851,504423135,504373788,1411654,16546,16432
262144,1024,n,40652550902,504427432,504384538,1421072,101,66
262144,2048,t,40647404421,504421946,504375537,2813161,32951,32834
262144,2048,n,40644492223,504426598,504383651,2863628,129,100
262144,3072,t,40630087714,504424103,504379265,4250934,49357,49257
262144,3072,n,40647687683,504424801,504378752,4299991,161,90
262144,4096,t,40644466787,504420071,504376403,5892029,65797,65597
262144,4096,n,40648884140,504426541,504382100,6295262,216,142
262144,5120,t,40643760683,504419099,504373991,7092156,82255,82061
262144,5120,n,40648927291,504428410,504385280,7143212,246,166
262144,6144,t,40653292354,504424151,504379115,8414848,98680,98463
262144,6144,n,40636858701,504427299,504384129,8552812,293,198
262144,7168,t,40644546823,504427399,504384304,9995663,115058,114883
262144,7168,n,40642909677,504426667,504384091,10000516,320,33
262144,8192,t,40647469053,504393630,504351067,11281313,131495,131271
262144,8192,n,40648511190,504426437,504383492,11487592,363,279
262144,12288,t,40649840878,504430584,504384865,16887807,197190,196922
262144,12288,n,40650931120,504425100,504381348,17220393,472,34
262144,16384,t,40646989169,504418742,504376820,22782891,262845,262583
262144,16384,n,40646680033,504428322,504383659,22833586,617,203
262144,32768,t,40651700696,504392701,504351291,45013123,525660,525397
262144,32768,n,45506211831,504422841,504371834,45811463,1114,106
262144,65536,t,40638162946,504422386,504379325,91309604,1051232,1050609
262144,65536,n,40646767922,504421368,504376388,91652841,2241,956
262144,131072,t,40650472018,504424508,504383979,177234461,2102156,2101473
262144,131072,n,40676122791,504409394,504374759,182259544,4475,3852
262144,262144,t,40656184037,504424359,504382326,353336366,4204494,4203724
262144,262144,n,40648048809,504420541,504376855,363161479,8820,7162
262144,524288,t,40669799558,504416536,504374601,708579575,8409171,8408702
262144,524288,n,40656869468,504421503,504375989,724490729,17711,16320
262144,1048576,t,40692498697,504427422,504386295,1411347483,16817611,16815938
262144,1048576,n,40690191529,504420724,504376908,1445349348,35569,35083
262144,1572864,t,40747968554,504392801,504351601,2368043350,25227917,25225593
262144,1572864,n,40722671658,504419889,504377545,2173207846,51405,51292
524288,16,t,40630056375,504423098,504388090,25345,321,295
524288,16,n,40638971189,504410847,504371609,29226,62,34
524288,128,t,40638563101,504418426,504376658,185851,2120,2085
524288,128,n,40640288529,504418149,504376828,180430,57,30
524288,512,t,40634084459,504420425,504380165,721193,8325,8230
524288,512,n,40637730130,504420541,504379848,709462,77,32
524288,1024,t,40637058319,504417135,504376519,1434172,16509,16421
524288,1024,n,40638725612,504416898,504377912,1434015,88,32
524288,2048,t,40635310720,504420396,504378874,2991829,32935,32806
524288,2048,n,40628660201,504423551,504384204,2868076,132,35
524288,3072,t,40639787095,504415887,504375490,4240616,49357,49189
524288,3072,n,61267792893,504446657,504376585,4306798,161,41
524288,4096,t,40639972861,504420381,504379441,5680296,65829,65588
524288,4096,n,40640669147,504427664,504389087,5693143,200,36
524288,5120,t,41735451914,504427882,504378917,7099229,82245,81967
524288,5120,n,40645854305,504428114,504389536,7490921,273,85
524288,6144,t,40639069604,504415413,504373902,9323395,98660,98471
524288,6144,n,40643049646,504426421,504384282,8542771,274,193
524288,7168,t,40637106850,504423735,504383726,9840839,115106,114872
524288,7168,n,40645271323,504429351,504390795,10750530,319,190
524288,8192,t,40636815252,504427963,504387456,12462605,131500,131305
524288,8192,n,40644655232,504426918,504388475,11450957,361,218
524288,12288,t,40644445071,504386916,504348721,16815458,197193,196917
524288,12288,n,40773980490,504415545,504375844,17239152,487,220
524288,16384,t,40635600550,504427783,504388498,22496047,262874,262524
524288,16384,n,40637861526,504428873,504389818,22997799,614,217
524288,32768,t,40637591255,504425713,504386802,44903107,525616,525139
524288,32768,n,40638537859,504418932,504377632,45903515,1144,176
524288,65536,t,40639644133,504426891,504387576,89334974,1051140,1050546
524288,65536,n,40638995134,504419972,504376345,91868428,2211,684
524288,131072,t,40648689432,504426053,504387564,177413370,2102819,2102227
524288,131072,n,40640476072,504422289,504379823,182165824,4377,2406
524288,262144,t,40646797363,504427101,504390483,353822848,4204558,4203826
524288,262144,n,40652448062,504422392,504379606,363766491,8893,7341
524288,524288,t,40658196969,504424748,504389156,706278278,8408912,8408084
524288,524288,n,40661428258,504422967,504377615,724442708,17676,16438
524288,1048576,t,40698838703,504430370,504389823,1412091721,16816693,16815086
524288,1048576,n,40682333095,504422317,504383105,1434002815,35621,35647
524288,1572864,t,40717918065,504428412,504390620,2116610432,25227867,25225981
524288,1572864,n,40712799969,504421055,504382260,2170594430,50340,50207
1048576,16,t,27094594377,336259187,336234285,25657,322,295
1048576,16,n,27092844381,336281087,336253191,25642,71,40
1048576,128,t,27092341921,336281718,336254166,187451,2126,2090
1048576,128,n,27091972269,336271218,336244298,184485,69,40
1048576,512,t,27088583989,336280348,336252665,712495,8297,8228
1048576,512,n,27093113457,336287109,336257044,710347,81,40
1048576,1024,t,30311471237,336285347,336255078,1448018,16551,16416
1048576,1024,n,27094025843,336280139,336251847,1421172,98,43
1048576,2048,t,27091055273,336282229,336254537,2864667,32978,32813
1048576,2048,n,27083595224,336284485,336257994,2871535,153,48
1048576,3072,t,27095563301,336280456,336253445,4230705,49357,49195
1048576,3072,n,30364013188,336287074,336255372,4323426,172,40
1048576,4096,t,27090911334,336281903,336253661,5651098,65815,65593
1048576,4096,n,27090566520,336281581,336255859,5748065,202,51
1048576,5120,t,27092005425,336282496,336254940,7125812,82200,81967
1048576,5120,n,27090697512,336281497,336254097,7176121,239,41
1048576,6144,t,27091946605,336279142,336251888,8551337,98619,98335
1048576,6144,n,27090671935,336270163,336246768,8572671,285,57
1048576,7168,t,27090349521,336279064,336252808,9909638,115078,114744
1048576,7168,n,27087641480,336284634,336258218,10052810,302,46
1048576,8192,t,27095320081,336273557,336246867,11328884,131483,131124
1048576,8192,n,27096648160,336285632,336258203,11520609,337,35
1048576,12288,t,27096214573,336284991,336258643,16991159,197173,196666
1048576,12288,n,27091847870,336284914,336259908,17234335,499,57
1048576,16384,t,27094826364,336261269,336235028,24965694,262854,262191
1048576,16384,n,27093965050,336284008,336257950,23056879,630,78
1048576,32768,t,27089556912,336284531,336258877,45354991,525595,524551
1048576,32768,n,27091356075,336278931,336253326,45925697,1139,77
1048576,65536,t,27091448955,336285422,336258835,89717846,1051014,1048935
1048576,65536,n,27095373981,336279026,336249823,91930571,2176,247
1048576,131072,t,27097159383,336261287,336235541,177610864,2102100,2101309
1048576,131072,n,27098327605,336280456,336251578,201653807,4378,1773
1048576,262144,t,27101646829,336262791,336237114,352843655,4204276,4202956
1048576,262144,n,27103175723,336280689,336252349,362988830,9053,6488
1048576,524288,t,27117652648,336285603,336259983,712050300,8407973,8406081
1048576,524288,n,30337338549,336283359,336251111,732895499,17794,16778
1048576,1048576,t,30371705634,336289891,336260157,1434105380,16817528,16814931
1048576,1048576,n,27150382254,336278961,336251931,1603675590,35650,33420
1048576,1572864,t,27160054788,336283929,336255999,2107525825,25224205,25221512
1048576,1572864,n,27165746706,336278707,336252585,2169317115,52065,51976
1572864,16,t,40631978469,504425795,504386422,29176,317,290
1572864,16,n,40630168600,504426470,504385316,25644,64,33
1572864,128,t,45483885959,504426763,504381931,183694,2126,2087
1572864,128,n,40628478289,504428271,504386189,188798,63,33
1572864,512,t,40633895735,504425675,504384444,741649,8312,8236
1572864,512,n,45534163177,504429553,504382985,734148,82,39
1572864,1024,t,40630150650,504431531,504388587,1462178,16510,16415
1572864,1024,n,40632672965,504426121,504387765,1461968,96,38
1572864,2048,t,40632094490,504427214,504382946,2889158,32938,32805
1572864,2048,n,40638085643,504408560,504368988,2866807,130,33
1572864,3072,t,40630757267,504426874,504385927,4315479,49370,49188
1572864,3072,n,40630880122,504423458,504383133,4315583,161,34
1572864,4096,t,40645369701,504427834,504386742,5714774,65774,65571
1572864,4096,n,40639715893,504405189,504366039,5872698,198,46
1572864,5120,t,40640547524,504423133,504386654,7150373,82208,81972
1572864,5120,n,40635519271,504400667,504362598,7157519,222,24
1572864,6144,t,40638175440,504399581,504358419,8514249,98624,98354
1572864,6144,n,40637823351,504400601,504361955,8613276,276,36
1572864,7168,t,40629463589,504426279,504387501,9934980,115047,114733
1572864,7168,n,40635162302,504429931,504389744,10051799,295,38
1572864,8192,t,40634958370,504424745,504386691,11386695,131468,131128
1572864,8192,n,40639115137,504412677,504372035,11487190,329,33
1572864,12288,t,40636464430,504405770,504362913,17378423,197175,196842
1572864,12288,n,59756455112,504436380,504366733,17219807,475,43
1572864,16384,t,40631205674,504424548,504385606,22662110,262832,262195
1572864,16384,n,40635059854,504426508,504386024,23031488,603,44
1572864,32768,t,40640245273,504423809,504386026,45131298,525582,524447
1572864,32768,n,40633487088,504416232,504376530,45936875,1130,78
1572864,65536,t,40638176035,504421916,504381972,89728010,1050992,1048932
1572864,65536,n,40618810684,504422858,504381727,91835550,2174,291
1572864,131072,t,40653169390,504403648,504364772,178006493,2101963,2099455
1572864,131072,n,40639589134,504419083,504378300,182949179,4362,1873
1572864,262144,t,40645350484,504424843,504383684,353622968,4204222,4203536
1572864,262144,n,40784673122,504420166,504380506,362917743,8666,4914
1572864,524288,t,40659390654,504426096,504387870,703304151,8408331,8406479
1572864,524288,n,40654182662,504418242,504379723,723922487,17573,14314
1572864,1048576,t,40723051530,504405890,504367404,1446784752,16816527,16813816
1572864,1048576,n,40680468578,504422951,504382267,1444388861,35266,32736
1572864,1572864,t,40769957849,504427364,504387104,2167320457,25223857,25220935
1572864,1572864,n,40697152990,504424093,504385676,2172132747,52198,52173
