16,16,t,15257177714,449,261,25400,323,291
16,16,n,15122809558,439,261,25065,62,29
16,128,t,15248541290,604,259,175285,2125,2083
16,128,n,15358241393,512,260,171414,71,36
16,512,t,15308930742,757,260,692161,8308,8237
16,512,n,15247691471,459,288,693636,74,28
16,1024,t,15238524482,693,270,1387466,16517,16423
16,1024,n,15237968210,573,283,1374144,96,58
16,2048,t,15260641306,890,685,2751419,32937,32810
16,2048,n,15259410943,677,294,2760425,118,29
16,3072,t,15257806409,517,271,4132544,49382,49199
16,3072,n,15255631817,517,258,4128719,171,88
16,4096,t,15240681943,855,351,5506783,65775,65574
16,4096,n,15259018689,667,258,5497550,214,92
16,5120,t,15237414000,555,349,6912119,82203,81972
16,5120,n,15245113622,687,258,6862259,242,117
16,6144,t,15275847221,1040,258,8098341,98650,98355
16,6144,n,15253470584,401,258,8210285,287,129
16,7168,t,15260346352,755,295,9443646,115067,114786
16,7168,n,15250092619,514,259,9600481,297,137
16,8192,t,15275279832,618,282,10764078,131489,131225
16,8192,n,15259852756,1852,1780,10934057,342,209
16,12288,t,15290164913,1272,963,16134192,197171,196821
16,12288,n,15256111587,1148,959,16476559,476,340
16,16384,t,15255375559,2482,2200,21458173,262813,262375
16,16384,n,15261825504,811,628,21889088,610,168
16,32768,t,15236533212,2810,2419,42915587,525530,524571
16,32768,n,15539740454,1033,686,43990700,1128,314
16,65536,t,15440871331,3609,3056,85765876,1050922,1049524
16,65536,n,15296395132,828,495,87552248,2168,149
16,131072,t,15265702189,7440,6954,171629070,2101808,2099681
16,131072,n,15280577990,1798,1304,193961219,4251,234
16,262144,t,15256377747,7982,7832,342651964,4203536,4200831
16,262144,n,15306243121,949,765,350363796,8384,707
16,524288,t,15230444322,14268,14121,1001497134,8407608,8405886
16,524288,n,15261207644,980,660,700789233,16685,7256
16,1048576,t,15252668945,28890,28581,1366680254,16814964,16812808
16,1048576,n,15253241954,756,451,1401532378,33139,20915
16,1572864,t,15236397128,64640,64481,2048877024,25221618,25218972
16,1572864,n,15270372355,440,263,2103097118,49403,652
128,16,t,15448771863,140601745,2085,22904,322,285
128,16,n,15415981272,230737,2051,24548,60,35
128,128,t,15416719544,302231,2187,175247,2131,2084
128,128,n,15418294125,80881,2050,174543,69,34
128,512,t,15423319443,28611,2052,691702,8301,8226
128,512,n,15301386035,12191,2048,685963,72,31
128,1024,t,15419194496,138860069,2054,1412116,16514,16419
128,1024,n,15421414442,29256,2052,1359408,96,26
128,2048,t,15413197254,140709360,2054,2765983,32936,32805
128,2048,n,15412848719,44550,2052,2735638,133,45
128,3072,t,15314526441,222761,2050,4156657,49376,49207
128,3072,n,15291451068,16320,2050,4135475,173,31
128,4096,t,15457790378,204377587,2051,5555364,65789,65590
128,4096,n,15424867182,156836048,2204,5481208,208,42
128,5120,t,15286230338,94786,2070,6924906,82201,81997
128,5120,n,15401949115,140274418,2167,6870121,247,107
128,6144,t,15417056649,65182,2063,8271919,98662,98361
128,6144,n,15420446821,18769,2050,8235747,264,134
128,7168,t,15420095145,8973,2051,9435546,115071,114798
128,7168,n,16642584478,39238,3214,9641526,301,181
128,8192,t,15424122238,17536,2456,10805249,131497,131220
128,8192,n,15417908666,59517,2735,10951979,332,193
128,12288,t,15425975144,20052,2142,16133107,197166,196827
128,12288,n,15425124297,172918794,7217,16457111,464,219
128,16384,t,15420915431,66942,2737,21512957,262831,262397
128,16384,n,15431647882,35533,4780,21913250,616,319
128,32768,t,15408294078,2448312,3214,47902698,525535,524785
128,32768,n,15420397878,14109,4944,43823332,1119,52
128,65536,t,15418955613,70546,2833,125989543,1050965,1049550
128,65536,n,15558798500,44698,2886,87550213,2171,265
128,131072,t,15419231483,2302092,5748,171571342,2101831,2100143
128,131072,n,15430231824,157460274,9176,175067669,4240,1655
128,262144,t,15421194932,11585,3132,342539496,4203631,4202473
128,262144,n,15452918195,141173426,5785,352503884,8353,3130
128,524288,t,15290903842,45271,3146,683883631,8407266,8405999
128,524288,n,15419682651,241172,3785,700705750,16557,7434
128,1048576,t,15420476188,156864304,5705,1366381965,16814148,16812152
128,1048576,n,15393457349,138714747,7616,1401632256,32992,20491
128,1572864,t,15421996281,41228,6922,2048698783,25221225,25218593
128,1572864,n,15408497206,2448436,2060,2103021135,49449,598
512,16,t,15758603351,448333618,8203,26229,314,285
512,16,n,15826529227,503315066,8260,23371,63,35
512,128,t,15798639184,475812449,8382,179814,2126,2082
512,128,n,15795100396,471993569,9056,257599,60,32
512,512,t,15833485364,503286490,24993,764722,8312,8237
512,512,n,15831029181,503305123,31956,684446,77,37
512,1024,t,15814298600,475800035,26196,1378931,16514,16437
512,1024,n,15844863996,503308725,30623,1379812,103,62
512,2048,t,15807720923,479698039,12884,2733657,32964,32801
512,2048,n,15792473742,472474317,30023,2758627,124,74
512,3072,t,15798818491,479713588,10387,4076498,49352,49191
512,3072,n,15823477356,456090903,24921,4149522,181,59
512,4096,t,15827686845,503277486,12454,5410377,65764,65560
512,4096,n,15755936594,441269018,25648,5498256,210,81
512,5120,t,15798295451,479700327,10752,6764637,82210,81972
512,5120,n,15828923730,503274886,25855,6871158,235,103
512,6144,t,15828527465,503286773,10308,8106007,98658,98357
512,6144,n,15799152145,472028970,22860,8240321,277,150
512,7168,t,15793908171,475801445,12453,9464658,115064,114785
512,7168,n,15789052024,472013515,25623,9586504,312,204
512,8192,t,15791740718,475788613,11283,10764219,131479,131191
512,8192,n,15827853685,503074087,26533,10989792,357,206
512,12288,t,15826752191,503240696,13556,16186711,197160,196810
512,12288,n,15790987400,472070682,38597,16486365,482,202
512,16384,t,19226540173,503301340,12775,21543948,262836,262489
512,16384,n,15796884249,472033114,39890,24304240,609,235
512,32768,t,15799966522,475727942,13940,42949417,525537,524780
512,32768,n,15836852054,503304980,25405,43789265,1159,104
512,65536,t,15765137328,440733846,13328,85809966,1050950,1049608
512,65536,n,15830520077,503156756,28777,87546168,2160,735
512,131072,t,15830040506,503227763,31687,171582607,2101880,2100293
512,131072,n,15838850772,503306933,36055,175169289,4238,637
512,262144,t,15841728491,503136879,43268,342604071,4203638,4202646
512,262144,n,15779058984,456198029,45833,350396883,8350,2610
512,524288,t,15806819515,483590402,57118,683840829,8407161,8405879
512,524288,n,15805327768,483626949,52685,700835765,16570,7018
512,1048576,t,15835013208,503268970,58238,1366378145,16814202,16812374
512,1048576,n,15833634052,503283179,30769,1401307509,33015,17058
512,1572864,t,15793026821,471827010,53903,2049113440,25220478,25218111
512,1572864,n,15763408401,452248336,8218,2102397995,49449,982
1024,16,t,15828174040,503288784,17702,24478,320,289
1024,16,n,15903822321,503313361,18291,22717,68,37
1024,128,t,15845394404,503273286,18089,172752,2123,2077
1024,128,n,15892175983,503319606,17613,172438,60,32
1024,512,t,15835685550,503314517,16543,701899,8307,8231
1024,512,n,15835043138,503316126,16596,690547,76,37
1024,1024,t,15827596278,503314145,16431,1383525,16514,16423
1024,1024,n,15835927135,503292418,17424,1380566,94,30
1024,2048,t,15833687827,503305890,16510,2720880,32958,32807
1024,2048,n,15842301784,503293230,17134,2757488,139,86
1024,3072,t,15832828170,503310662,16489,4069141,49363,49191
1024,3072,n,15829093721,503315563,18208,4137388,175,82
1024,4096,t,15889268660,503283571,16470,5402536,65776,65577
1024,4096,n,15827831889,503313756,16969,5486160,223,109
1024,5120,t,15833911348,503308301,16538,6742989,82213,81981
1024,5120,n,15827416931,503275418,17106,6860505,229,130
1024,6144,t,15836063293,503308887,16497,8109511,98647,98359
1024,6144,n,15827577448,503271643,16575,8217746,275,153
1024,7168,t,15829052264,503301144,29721,9449640,115080,114748
1024,7168,n,15840233493,503301215,78897,9803774,330,207
1024,8192,t,15829992104,503318851,31421,12064058,131471,131179
1024,8192,n,15832794972,503308290,62149,11189281,359,239
1024,12288,t,15830402757,503290623,36271,16207341,197153,196732
1024,12288,n,15837705490,503316359,86825,16704902,484,195
1024,16384,t,15833498357,503310927,33135,21617805,262856,262428
1024,16384,n,15847025874,503300959,95011,22186486,610,283
1024,32768,t,15830811783,503307398,36191,42992050,525538,524800
1024,32768,n,15833682070,503312778,70302,43903639,1129,408
1024,65536,t,15831606029,503257656,54768,85985072,1050953,1049587
1024,65536,n,15836161472,503246367,93122,87896381,2207,90
1024,131072,t,15849447721,503300613,83949,191278658,2101847,2100539
1024,131072,n,15833831289,503280282,81744,175246609,4247,1048
1024,262144,t,15837389076,503291554,100778,342401567,4203576,4202376
1024,262144,n,15847055718,503296606,125568,351077461,8371,2661
1024,524288,t,15843945289,503263593,130824,683677404,8407111,8405996
1024,524288,n,15846834634,503295503,138829,701295133,16572,5143
1024,1048576,t,15852056396,503270844,133703,1366536481,16814345,16812544
1024,1048576,n,15835719341,503302223,109222,1401990825,33012,16634
1024,1572864,t,15858052353,503274985,107521,3074356168,25222751,25218619
1024,1572864,n,15837104984,503291114,18049,2102918056,49417,2587
2048,16,t,15842768365,503305265,35867,24714,323,290
2048,16,n,15840188546,503298327,35986,25493,60,29
2048,128,t,15845737082,503310280,36090,175634,2127,2082
2048,128,n,15841076537,503312030,34989,173002,68,38
2048,512,t,15835606312,503303167,35422,707724,8308,8228
2048,512,n,15838445133,503296752,34321,690358,82,33
2048,1024,t,15845845019,503306227,36608,1426302,16531,16425
2048,1024,n,15839774044,503310238,36225,1385172,108,55
2048,2048,t,15834531182,503309881,34629,2833811,32932,32840
2048,2048,n,15857865922,503310873,35561,2774566,132,61
2048,3072,t,15839759421,503305296,34617,4183839,49344,49211
2048,3072,n,15838773028,503311858,36002,4126426,159,108
2048,4096,t,15841597316,503318425,34087,5565514,65780,65590
2048,4096,n,15830830335,503319168,34715,5493479,208,126
2048,5120,t,15837879553,503316720,36278,6754124,82236,81972
2048,5120,n,15828889455,503317366,35420,6877278,233,130
2048,6144,t,15850955085,503299701,34214,8103283,98655,98400
2048,6144,n,15842524346,503304984,34758,8245515,277,164
2048,7168,t,15829018975,503316448,34228,9441221,115068,114757
2048,7168,n,15840129043,503310051,35142,9607305,315,186
2048,8192,t,15829124348,503315862,35151,10774019,131450,131194
2048,8192,n,15830647234,503315622,34542,10971736,345,232
2048,12288,t,15836870759,503307658,41671,16151476,197180,196858
2048,12288,n,15836549827,503317075,34302,24963344,483,187
2048,16384,t,15834886690,503308414,34841,21529466,262847,262472
2048,16384,n,15833491674,503319344,35536,21996658,616,182
2048,32768,t,15829356602,503310306,35189,42927003,525541,524901
2048,32768,n,15840464054,503308859,80544,43925974,1125,188
2048,65536,t,15851429541,503313536,96478,86089262,1051005,1050689
2048,65536,n,15853797703,503304917,213946,88680811,2185,145
2048,131072,t,15841860194,503300051,100748,171650150,2101905,2100627
2048,131072,n,15842823306,503304176,156273,175553370,4238,318
2048,262144,t,15849113770,503296531,126108,342344952,4203686,4202244
2048,262144,n,15845206096,503314904,140717,350636336,8368,1620
2048,524288,t,15843449952,503302136,141918,683437961,8407079,8406017
2048,524288,n,15877636117,503283454,336810,701292640,16640,6090
2048,1048576,t,15843731263,503295822,125934,1366116409,16814320,16812646
2048,1048576,n,19236751492,503317424,91689,1409815356,32997,22376
2048,1572864,t,15839944894,503283802,123046,2048038169,25221616,25219073
2048,1572864,n,15834775214,503292104,37292,2102453230,49427,6421
3072,16,t,15836038004,503315889,54510,24332,323,290
3072,16,n,15944093663,503287686,584248,23115,55,30
3072,128,t,15869263192,503315507,268544,175902,2121,2085
3072,128,n,15850620683,503309209,116425,171930,58,35
3072,512,t,15838198291,503302422,58390,705960,8299,8226
3072,512,n,15847179347,503315241,60937,691485,82,33
3072,1024,t,15836359217,503313995,56075,1403220,16510,16421
3072,1024,n,16496926703,503313051,12521383,1500025,91,31
3072,2048,t,15841207723,503312931,55468,2793249,32933,32822
3072,2048,n,15864724720,503296221,250456,2774331,120,63
3072,3072,t,15875386026,503309140,258708,4210639,49385,49246
3072,3072,n,16540450352,503308251,13162531,4118612,160,115
3072,4096,t,16497619297,503314865,12511989,5431634,65804,65620
3072,4096,n,15855912927,503316953,286867,5504728,196,149
3072,5120,t,15842841031,503310914,56576,6941203,82246,82052
3072,5120,n,16558339187,503314664,11855817,6906816,245,141
3072,6144,t,15837098444,503314849,54861,8235153,98656,98488
3072,6144,n,15867593619,503320574,249244,8416745,289,193
3072,7168,t,15843092270,503321654,57063,9423710,115037,114807
3072,7168,n,15840081990,503317001,56556,10651011,332,221
3072,8192,t,16429109507,503312575,11193354,10829033,131503,131249
3072,8192,n,16440645143,503307765,11216770,11114636,366,242
3072,12288,t,15850456772,503332613,56911,16441885,197182,197040
3072,12288,n,16537794954,503315163,13161209,16531860,477,219
3072,16384,t,16444163854,503307612,11215626,21783809,262875,262651
3072,16384,n,15834708884,503318019,63770,21937492,603,56
3072,32768,t,15887288694,503318583,258320,43004426,525543,524900
3072,32768,n,16433309085,503311840,11256032,45972055,1239,922
3072,65536,t,15876310315,503304276,313226,86119684,1051022,1050471
3072,65536,n,16604039708,503308714,14589470,88234863,2202,500
3072,131072,t,17099475752,503310211,24386506,172239704,2101923,2101395
3072,131072,n,15888528257,503287854,383733,175734592,4271,818
3072,262144,t,16470645312,503319275,11960695,351155928,4203686,4202748
3072,262144,n,16465537661,503315791,11586480,352003002,8364,1688
3072,524288,t,15845220663,503312789,168453,683778728,8407356,8406584
3072,524288,n,16481373959,503309069,11997622,702905430,16649,7758
3072,1048576,t,15862412399,503310236,219467,1366371554,16814380,16812595
3072,1048576,n,16520046438,503303038,12567500,1405001122,33110,22154
3072,1572864,t,19550891299,503312562,702161,2051037851,25220684,25218740
3072,1572864,n,15840587533,503310086,60930,2103041240,49438,14252
4096,16,t,15878575574,503516048,277909,25411,321,295
4096,16,n,15887123439,503514403,286839,25168,56,30
4096,128,t,16712224594,503528092,16792521,175390,2126,2086
4096,128,n,16322544140,503523539,8968665,176547,57,25
4096,512,t,16299932292,503507203,8488190,707287,8295,8227
4096,512,n,16371008080,503522647,9924452,690047,76,37
4096,1024,t,16826536083,503517835,18867349,1429538,16516,16435
4096,1024,n,15902020241,503515996,362827,1392962,97,39
4096,2048,t,16318408239,503523334,8760369,2841233,32938,32833
4096,2048,n,15879963596,503521259,265894,2765531,119,58
4096,3072,t,15977590026,503502887,970686,4244290,49364,49269
4096,3072,n,16713634457,503527304,16787960,4155165,159,65
4096,4096,t,15856293795,503532065,92086,5492309,65785,65616
4096,4096,n,15867508899,503507732,90267,5965103,205,120
4096,5120,t,16317778517,503525933,8615683,6846875,82323,82149
4096,5120,n,15887456628,503519677,397749,6923102,249,182
4096,6144,t,16327776620,503514803,8639141,8438325,98659,98519
4096,6144,n,15877688645,503511313,169661,8337875,295,181
4096,7168,t,15886887164,503517774,294025,9685711,115095,114873
4096,7168,n,16323394063,503509280,8947867,9828469,319,218
4096,8192,t,15864223254,503513023,86415,10841552,131534,131291
4096,8192,n,16375163918,503520484,9909512,11063861,353,243
4096,12288,t,15840484784,503513670,80789,16197999,197190,196912
4096,12288,n,15887178718,503519889,288818,16484630,487,216
4096,16384,t,16591366327,503533984,88448,21639717,262882,262565
4096,16384,n,16379551857,503525545,9996834,23746527,614,424
4096,32768,t,15863722134,503514773,153836,43195026,525597,525359
4096,32768,n,16378475688,503530420,9965910,44294873,1143,370
4096,65536,t,16344604838,503526696,9146534,86632619,1050993,1050368
4096,65536,n,16795684393,503509028,18402864,88561559,2195,636
4096,131072,t,16337908688,503525831,9107948,172095307,2101844,2101601
4096,131072,n,16358717194,503522322,9569434,176522485,5753,3713
4096,262144,t,16336196963,503523391,8873028,343908288,4204179,4203575
4096,262144,n,16318780701,503516277,8673416,351740804,8370,2584
4096,524288,t,16326235948,503530144,9048494,684877458,8407546,8406675
4096,524288,n,16306034356,503524805,8569565,702697031,16641,8522
4096,1048576,t,15869230077,503523815,264132,1366997021,16818406,16818236
4096,1048576,n,16740185322,503518742,17375326,1406383592,33266,25115
4096,1572864,t,15920637328,503514297,639750,2050127530,25221880,25219639
4096,1572864,n,15881496138,503506169,286119,2103046091,49433,36215
5120,16,t,16985999318,503981698,20134108,23232,310,289
5120,16,n,17433341312,503987963,30853876,23924,59,36
5120,128,t,17324800167,503986222,28898067,179497,2131,2084
5120,128,n,17603202056,503990753,34739839,183587,68,38
5120,512,t,21295445802,503999716,29684345,717167,8305,8228
5120,512,n,17749737423,503994059,37389274,707273,76,35
5120,1024,t,18498740880,503995096,51873049,1424637,16507,16433
5120,1024,n,18230703174,503994604,46353412,1402804,95,40
5120,2048,t,18332167289,503993547,49514101,2834256,32931,32851
5120,2048,n,17738457026,503997748,36819080,2804909,125,44
5120,3072,t,17388466251,503986201,29858607,4239475,49392,49223
5120,3072,n,17702604403,503983303,36098055,4223168,161,74
5120,4096,t,17797944332,503987536,38307070,5627538,65813,65636
5120,4096,n,17690039919,503995263,35854292,5667262,212,134
5120,5120,t,20943436464,503994492,22939595,6988279,82215,82045
5120,5120,n,17750776591,503986791,37125945,7147100,304,260
5120,6144,t,17704060834,503997185,36455391,8303040,98630,98479
5120,6144,n,17101923913,504006932,24214147,8395420,299,228
5120,7168,t,17402892059,503994803,27969748,9636278,115097,114927
5120,7168,n,18256949362,503983510,48446242,9851003,338,288
5120,8192,t,17382124918,503987469,29700775,11054434,131500,131318
5120,8192,n,18105369037,504004794,42761299,11210047,398,319
5120,12288,t,17050673478,503980032,22729344,16649644,197205,197025
5120,12288,n,17633234710,503986061,34887870,16647137,499,301
5120,16384,t,17009384477,503969492,22050415,21903600,262924,262675
5120,16384,n,17406542710,503988528,30296205,22147682,629,359
5120,32768,t,17329143216,503993883,28703227,43526392,525607,525451
5120,32768,n,17329269800,503990292,28790010,44269647,1399,900
5120,65536,t,18157325807,503988510,44255273,87393863,1051120,1050687
5120,65536,n,17011383089,503981091,22235524,89066403,2593,1616
5120,131072,t,17051934495,503983102,22558666,173173565,2102016,2101699
5120,131072,n,17431109960,504000985,30509622,177466828,4865,2259
5120,262144,t,16677725900,503983510,15186655,344654743,4203740,4203237
5120,262144,n,16976961089,503983320,21770151,352958970,8427,3917
5120,524288,t,17075488587,503986540,23190289,688143168,8408677,8407530
5120,524288,n,16675392396,503969941,15804828,704093660,16785,10725
5120,1048576,t,16659363273,503978883,14975188,1372977856,16814616,16813169
5120,1048576,n,17044682311,503984330,22672739,1408622531,33104,25520
5120,1572864,t,17087454167,503978086,23532996,2061381850,25223085,25221588
5120,1572864,n,17800158422,503982800,37467800,2115570513,49769,35903
6144,16,t,19937397769,504312920,78386840,23662,309,283
6144,16,n,19313811509,504333104,67284509,24322,62,39
6144,128,t,21611393083,504320113,113034007,180665,2116,2077
6144,128,n,20576266993,504312744,93471239,178839,65,36
6144,512,t,21153395018,504305544,103920325,722421,8301,8223
6144,512,n,20534753993,504325209,92056343,801831,87,54
6144,1024,t,21507293811,504324854,111450069,1432409,16537,16438
6144,1024,n,21604457518,504321507,101441218,1441380,97,37
6144,2048,t,20394900468,504324088,89539152,2799690,32960,32840
6144,2048,n,21050889718,504330130,102807159,2895381,133,63
6144,3072,t,18984743843,504303208,26860522,4218078,49371,49240
6144,3072,n,20751911514,504327814,94481309,4723961,178,86
6144,4096,t,21270108307,504323051,106154582,5577750,65785,65581
6144,4096,n,20991533899,504325699,101014631,5855469,213,160
6144,5120,t,18127035860,504318388,19889229,7611271,82205,81982
6144,5120,n,24067180416,504333928,85051305,7173709,254,123
6144,6144,t,20203410106,504314591,86115157,8332187,98663,98421
6144,6144,n,21303737090,504341714,106453592,8570914,312,250
6144,7168,t,21322503503,504322879,107805173,9676269,115069,114779
6144,7168,n,20750701510,504315934,95534029,9954687,348,218
6144,8192,t,20219020287,504323426,83865699,11100436,131515,131328
6144,8192,n,20807023980,504322674,93267901,11542432,440,347
6144,12288,t,21176016015,504310797,103980832,16626419,197236,197140
6144,12288,n,21258505749,504325600,105361116,16927082,517,430
6144,16384,t,21847907429,504345059,119119252,22264623,262928,262827
6144,16384,n,20330934825,504316062,88547169,22438146,614,205
6144,32768,t,20109339941,504322655,83508278,43814889,525627,525504
6144,32768,n,21034893852,504343887,100411876,44700512,1158,761
6144,65536,t,20985423756,504325544,100770171,87986870,1051498,1051441
6144,65536,n,20284487597,504308261,86960171,89921886,2456,1550
6144,131072,t,20705151171,504321487,94995048,174919001,2102137,2101711
6144,131072,n,21429682171,504317648,108822254,178849101,4302,2483
6144,262144,t,20497523009,504322671,90322092,350076220,4204756,4204499
6144,262144,n,20935755919,504321724,99061641,356520158,8704,5451
6144,524288,t,21885189702,504311770,118577218,698454200,8408712,8407988
6144,524288,n,20003675322,504312697,81763859,710249189,17035,12411
6144,1048576,t,18445985730,504303910,21976601,1384262760,16815133,16814167
6144,1048576,n,21592510962,504334597,112018005,1424178328,33418,27882
6144,1572864,t,21213305377,504342906,104395655,2087510665,25223813,25222373
6144,1572864,n,19132874410,504319187,39124176,2133852393,50834,42788
7168,16,t,33522316411,503359267,174507288,24014,321,287
7168,16,n,26797738764,503360859,218888833,27439,56,38
7168,128,t,25255543403,503344275,187673545,183909,2130,2081
7168,128,n,24489358946,503328793,170476189,187258,70,42
7168,512,t,21438223264,503331573,59115723,786814,8301,8244
7168,512,n,23697109326,503335333,147706391,706036,88,46
7168,1024,t,21250642612,503338165,47166159,1429989,16516,16416
7168,1024,n,21526535529,503329875,49052010,1436502,97,66
7168,2048,t,21245476442,503353613,55824165,2779424,32952,32820
7168,2048,n,23805270104,503336852,144523318,3206862,139,81
7168,3072,t,26521759478,503378197,211264860,6106695,49357,49215
7168,3072,n,26305887795,503361726,206974028,4403460,168,101
7168,4096,t,25429724990,503342217,190632252,5660197,65784,65634
7168,4096,n,27012930528,503358189,220721081,5817088,209,165
7168,5120,t,25099586531,503339809,183424229,7142732,82250,82118
7168,5120,n,21403512275,503332103,48446040,7240896,241,140
7168,6144,t,21789051337,503343267,50788975,8338512,98660,98349
7168,6144,n,25972038986,503350714,200808339,8570356,270,38
7168,7168,t,21094612327,503326554,48911527,9737354,115094,114919
7168,7168,n,21483100581,503358523,47672297,9963165,320,162
7168,8192,t,22855681002,503345606,110736022,16022012,131480,131145
7168,8192,n,29825730550,503363721,186321236,11392746,337,212
7168,12288,t,21481929447,503338161,49069331,16701461,197206,197096
7168,12288,n,25678739346,503349046,194217902,17092793,482,68
7168,16384,t,21331110540,503331380,48243323,22187287,262916,262839
7168,16384,n,21692658951,503334413,50278219,22842845,613,46
7168,32768,t,25127252923,503347312,180709127,44528878,525652,525497
7168,32768,n,26300199801,503368297,206298263,50694310,1216,484
7168,65536,t,21549714042,503338817,48516314,88161185,1051171,1050472
7168,65536,n,26568001206,503359869,212145539,91082247,2350,1344
7168,131072,t,21693551244,503336935,50787272,176835833,2102015,2101465
7168,131072,n,21628555987,503335108,48248243,181560168,4324,1692
7168,262144,t,22153932797,503352757,53960915,391808745,4204279,4203535
7168,262144,n,21766572545,503337974,52412404,358709898,9589,7208
7168,524288,t,22157621676,503344129,52246605,701825634,8408069,8407371
7168,524288,n,21858195060,503333902,51972454,712708896,16875,12871
7168,1048576,t,22164372587,503334430,55334425,1396318484,16816239,16814886
7168,1048576,n,21869252993,503332498,53103811,1423487344,34522,29293
7168,1572864,t,22631806090,503336727,58538384,2094876154,25223632,25221622
7168,1572864,n,21956015626,503342717,51416560,2119990081,50764,45270
8192,16,t,25054234573,504336935,84495176,24021,317,288
8192,16,n,25174041535,504326236,86495380,24774,56,33
8192,128,t,25128887275,504329403,87434532,174264,2124,2080
8192,128,n,24708091326,504335890,82579205,178946,76,47
8192,512,t,24850368743,504339495,86096168,726332,8292,8232
8192,512,n,24502982658,504344279,80282704,704922,79,27
8192,1024,t,25415992248,504331826,87804014,1412307,16534,16431
8192,1024,n,24548581291,504329407,80137902,1420800,106,58
8192,2048,t,24758559573,504345521,84267687,2794621,32926,32811
8192,2048,n,25074131996,504329397,86143099,2868307,138,54
8192,3072,t,30961026707,504345763,88025158,4211228,49366,49212
8192,3072,n,25249404095,504333020,86816928,4688261,190,55
8192,4096,t,24301897646,504333859,77647731,5537925,65788,65583
8192,4096,n,25340103462,504327255,88300942,5668762,195,34
8192,5120,t,24975782055,504325948,87104942,6871117,82231,81951
8192,5120,n,24955392145,504317392,86682430,7092225,229,172
8192,6144,t,24267737805,504348410,81474822,9216558,98656,98407
8192,6144,n,24765643357,504332378,83237617,8519914,288,165
8192,7168,t,24566739609,504332479,82951003,9663186,115046,114798
8192,7168,n,24935354359,504341339,85373329,9968288,325,173
8192,8192,t,25041410677,504344461,85549833,11057182,131489,131143
8192,8192,n,24720517288,504319198,83527339,11369522,372,246
8192,12288,t,24909806402,504323881,85559338,16601439,197180,196810
8192,12288,n,24578042030,504324746,81818972,17039250,475,187
8192,16384,t,24858092263,504323083,88043802,22145945,262893,262743
8192,16384,n,25035442394,504320311,85229759,22769947,620,186
8192,32768,t,25028833270,504337334,87494814,44430443,525602,524963
8192,32768,n,25124866695,504332947,84409119,45687386,1143,217
8192,65536,t,25098126768,504372464,85358833,89010774,1051102,1050095
8192,65536,n,24257708025,504326004,77178139,91124656,2207,494
8192,131072,t,24677046453,504331441,81032598,177268321,2101934,2101174
8192,131072,n,25334610272,504362916,87138116,181595780,4382,1904
8192,262144,t,25288504903,504349310,89111999,353894387,4204323,4203812
8192,262144,n,25134321066,504344601,86111727,361820928,8613,5542
8192,524288,t,25431618547,504332461,89789112,720515491,8408278,8407353
8192,524288,n,25403043993,504338087,89282941,719341267,17111,12538
8192,1048576,t,25594486091,504335714,90763644,1405074601,16816381,16815318
8192,1048576,n,25317667059,504336581,88473364,1435804121,34576,30966
8192,1572864,t,25576416897,504330133,91849133,2106092719,25223885,25222162
8192,1572864,n,24577997944,504346968,81885351,2363122144,52528,47919
12288,16,t,34455955152,504376356,199731179,25742,321,290
12288,16,n,33740862405,504378179,201695373,25182,63,40
12288,128,t,33569534941,504358906,203637429,174796,2118,2085
12288,128,n,33619306851,504373120,204179691,179930,64,35
12288,512,t,33170971100,504376032,203029268,698757,8298,8238
12288,512,n,33851429762,504369004,205571811,702894,79,35
12288,1024,t,33642992394,504371415,205983790,1406578,16522,16426
12288,1024,n,33623762207,504379480,205593564,1419648,101,43
12288,2048,t,33607084708,504383387,204299561,2749939,32955,32811
12288,2048,n,33533477477,504376071,205853759,2813871,126,68
12288,3072,t,33494200351,504361247,204014197,4122453,49359,49204
12288,3072,n,33557789281,504372850,206322316,4233615,184,97
12288,4096,t,33496941227,504361741,204914594,5630331,65796,65603
12288,4096,n,33622376654,504378046,205913155,5709403,211,99
12288,5120,t,33753609751,504370278,204669216,6887351,82209,81968
12288,5120,n,33750351435,504380328,202616493,7222712,255,135
12288,6144,t,33527530286,504375179,203620655,8280482,98671,98424
12288,6144,n,33713424392,504388502,203127492,12655056,282,159
12288,7168,t,37645711522,504392663,202876651,10035628,115097,114926
12288,7168,n,33579047171,504366843,202122738,9938484,313,143
12288,8192,t,33522280431,504379874,202721363,11388664,131509,131457
12288,8192,n,33661258498,504372959,203301598,11461799,349,174
12288,12288,t,33495780010,504389259,202869364,17110015,197204,197061
12288,12288,n,33696347045,504375424,202810068,17079642,493,193
12288,16384,t,33856915930,504386670,203843790,22567139,262873,262773
12288,16384,n,33590626566,504374093,203893534,22726663,601,134
12288,32768,t,37806086552,504404202,204652733,44481652,525561,524644
12288,32768,n,33711550479,504383477,201854933,45698939,1148,193
12288,65536,t,33745999465,504403360,203963885,89251682,1051080,1049925
12288,65536,n,33482332492,504363471,201328641,91357410,2218,584
12288,131072,t,33672400898,504387054,202790409,176606665,2101982,2099987
12288,131072,n,34116190615,504379880,201025298,182303767,4375,1910
12288,262144,t,34056886591,504399370,203196721,354640728,4204465,4203848
12288,262144,n,33977677767,504376611,201293964,363438189,8713,5718
12288,524288,t,33891655590,504395242,205529824,708639373,8408670,8407866
12288,524288,n,33882430411,504379069,204798121,724447689,17585,15239
12288,1048576,t,33890773998,504398677,206444193,1414622194,16816985,16815689
12288,1048576,n,33849237669,504371261,204893024,1438224595,34958,33107
12288,1572864,t,33908428389,504384366,207171589,2121088606,25223423,25221310
12288,1572864,n,33620351561,504374617,203279588,2167134607,52275,51810
16384,16,t,38029848782,504393387,281865603,24241,314,289
16384,16,n,38191851003,504392465,282462116,23760,57,28
16384,128,t,38200115718,504408672,282107883,176360,2124,2081
16384,128,n,38201760736,504406875,282306903,170629,70,30
16384,512,t,38222870015,504413532,282002481,715465,8310,8230
16384,512,n,38220863287,504390257,282726655,696646,75,29
16384,1024,t,38222325564,504403209,282046810,1409654,16525,16419
16384,1024,n,38159438092,504384059,281829422,1407660,94,42
16384,2048,t,38198856246,504395936,281685921,2836255,32934,32817
16384,2048,n,38175992229,504399436,281665531,2827068,133,63
16384,3072,t,38550823483,504395826,282157063,4245876,49383,49206
16384,3072,n,50328512309,504422117,282048585,4272277,170,118
16384,4096,t,42172112790,504402537,282001901,5562164,65803,65587
16384,4096,n,38176760325,504397777,282024816,5678199,213,95
16384,5120,t,38169980924,504401509,282068060,7154233,82206,81973
16384,5120,n,38217194128,504394160,283326802,7071367,252,130
16384,6144,t,38189712459,504401820,281853845,8302242,98632,98377
16384,6144,n,38151017521,504409309,281466739,8503285,290,157
16384,7168,t,38174067183,504408658,281476521,9719005,115088,114829
16384,7168,n,38200409089,504404528,281653876,9916125,314,164
16384,8192,t,38073730762,504386926,281936571,11545554,131522,131302
16384,8192,n,38212993954,504406527,283513539,11377585,350,53
16384,12288,t,38093969664,504393930,281308337,16875604,197169,197069
16384,12288,n,38167893239,504391289,281728194,17078067,474,145
16384,16384,t,38028527364,504395976,282020936,22489713,262866,262791
16384,16384,n,38238773372,504407584,282303785,22890414,608,37
16384,32768,t,38231463473,504391727,282551208,44779338,525590,525042
16384,32768,n,38233996892,504391505,282806046,45747831,1130,134
16384,65536,t,38203148682,504401687,281914125,89002837,1051203,1050514
16384,65536,n,38241286360,504401700,281974467,91371482,2197,349
16384,131072,t,38105383115,504399607,283043888,178421034,2102022,2101521
16384,131072,n,38201957683,504391999,282378227,182597357,4382,1676
16384,262144,t,38228537493,504408836,282850971,355312061,4204359,4203642
16384,262144,n,38197640819,504388417,281882625,363889517,8748,6313
16384,524288,t,38222448816,504410795,282590699,708827425,8408233,8407421
16384,524288,n,38235374144,504396122,282437555,725741836,16828,15373
16384,1048576,t,38274285983,504401358,285042555,1417138383,16816948,16815544
16384,1048576,n,38233901895,504393818,282743830,1451022100,35160,33842
16384,1572864,t,38269619282,504395966,284648209,2125756029,25225640,25222772
16384,1572864,n,38074553923,504405264,281752286,2174625091,53137,53345
32768,16,t,40451653463,504412964,407386613,24624,310,282
32768,16,n,40447577391,504420361,408470973,25867,67,35
32768,128,t,40449165321,504415136,408093072,181117,2142,2080
32768,128,n,40468484545,504411772,407696820,204106,62,33
32768,512,t,40468716934,504406406,407954872,717266,8299,8224
32768,512,n,40476326651,504419564,408590187,720673,88,40
32768,1024,t,40447207592,504424289,408740932,1447797,16517,16423
32768,1024,n,40469507503,504415205,407829368,1407229,91,32
32768,2048,t,40446974518,504406467,407640339,2893926,32933,32815
32768,2048,n,40452667046,504407330,407663796,2824178,134,35
32768,3072,t,40451703520,504408593,407963551,4339748,49366,49225
32768,3072,n,40400960596,504409215,408135271,4241666,159,38
32768,4096,t,40438652432,504423676,408173858,5764732,65807,65684
32768,4096,n,40444073412,504419101,407672998,5663669,194,50
32768,5120,t,40451650535,504413747,408165328,7149440,82254,82094
32768,5120,n,40445463435,504417225,407696923,7121569,249,35
32768,6144,t,40425843572,504422145,408349328,8590082,98662,98527
32768,6144,n,40442026097,504413797,407506611,8549332,288,38
32768,7168,t,56996589346,504428164,408089993,9973372,115082,114988
32768,7168,n,40443099426,504416670,408293113,9976308,311,150
32768,8192,t,40415101005,504413898,409292233,11378804,131518,131435
32768,8192,n,40440291997,504416759,407814796,11430606,336,273
32768,12288,t,40446112787,504420729,408862791,16922171,197183,196997
32768,12288,n,40439025668,504411807,408269496,17217304,480,183
32768,16384,t,40448615481,504409704,407606499,22487970,262870,262608
32768,16384,n,40415402575,504411877,408895746,23085450,633,320
32768,32768,t,40455824912,504421416,407306664,44718871,525570,525352
32768,32768,n,40472941957,504420603,408209936,46268951,1202,710
32768,65536,t,40463443848,504407632,408261330,99226854,1051053,1050049
32768,65536,n,40461453239,504415200,408584632,92274108,2292,1866
32768,131072,t,40470169817,504418223,408080381,178035939,2102010,2099933
32768,131072,n,40462285790,504409184,407910239,183443336,4413,3934
32768,262144,t,40454888274,504425624,408388734,356025817,4203668,4202952
32768,262144,n,40468703081,504409865,408074361,364505489,8524,7934
32768,524288,t,40490162345,504419351,410126248,712136661,8406951,8405785
32768,524288,n,40465122633,504409484,408736464,728224574,16946,16621
32768,1048576,t,40524801758,504413766,411270811,1423517133,16813555,16812688
32768,1048576,n,40499658636,504411595,408361231,1451373093,33489,33435
32768,1572864,t,40530938024,504418783,413025067,2134261131,25220353,25218842
32768,1572864,n,40495099766,504428993,408236689,2177129378,50051,50073
65536,16,t,40727661700,504432760,471270411,25072,317,293
65536,16,n,40732858857,504417813,471057340,26989,63,30
65536,128,t,40739280957,504429356,471144192,175553,2131,2085
65536,128,n,40744782140,504417237,471394144,179550,70,37
65536,512,t,40727999807,504421537,471197479,703776,8309,8237
65536,512,n,40745801229,504416579,471285452,703338,77,37
65536,1024,t,40744939713,504421971,470971870,1568320,16493,16416
65536,1024,n,40741811855,504421983,471033229,1398015,93,35
65536,2048,t,40738788764,504420182,471035470,2841541,32966,32813
65536,2048,n,40735668358,504424309,470954020,2824405,146,87
65536,3072,t,40735124070,504417728,471206591,4233795,49360,49196
65536,3072,n,40734421637,504418244,471048888,4255443,176,36
65536,4096,t,40740569647,504416238,471392030,5598935,65773,65575
65536,4096,n,40753469280,504421646,471276200,5686922,219,140
65536,5120,t,40731707427,504420440,471024195,6977291,82189,81962
65536,5120,n,40742170607,504416789,471237842,7105726,250,131
65536,6144,t,40736593682,504427748,471182283,8457104,98668,98381
65536,6144,n,40746295739,504427348,471113137,8501530,266,43
65536,7168,t,40743827741,504402880,471157227,9868519,115084,114750
65536,7168,n,40740121293,504424458,471045325,9933665,317,35
65536,8192,t,40737539614,504404783,471056445,11243414,131497,131152
65536,8192,n,40744561286,504424891,471034778,11382196,347,42
65536,12288,t,40734012475,504425404,471128746,16803869,197203,196858
65536,12288,n,40740802376,504426513,471357579,17025892,495,220
65536,16384,t,40732050594,504416624,471018932,22706854,262861,262573
65536,16384,n,40735608395,504424475,470995949,22713676,609,196
65536,32768,t,40740266103,504413737,471034372,44719311,525601,524836
65536,32768,n,40744102983,504418306,471139439,45558526,1148,173
65536,65536,t,40739137920,504425917,471118189,89146712,1051142,1050142
65536,65536,n,40728931081,504424074,471033647,91695815,2206,344
65536,131072,t,40751919629,504420965,471104065,177633376,2102562,2102201
65536,131072,n,40736535052,504418698,471369066,182875304,4359,1732
65536,262144,t,40758950572,504418691,471577711,354759771,4204896,4203922
65536,262144,n,40744823233,504422645,471204333,364177439,8819,6258
65536,524288,t,40756104109,504420068,471497552,710874428,8408981,8407783
65536,524288,n,40763595488,504415629,471110436,725957994,17784,16348
65536,1048576,t,40780548314,504431746,471924091,1415265184,16817394,16815813
65536,1048576,n,40779664376,504425884,471290662,1450462381,35405,34400
65536,1572864,t,40798472798,504429763,472612628,2124162510,25225336,25223344
65536,1572864,n,40792543349,504420854,471294136,2174978723,49892,49811
131072,16,t,40664614175,504394349,500311840,25541,315,282
131072,16,n,40658203506,504427487,500368061,24120,66,38
131072,128,t,40658914309,504421282,500236328,178318,2126,2081
131072,128,n,40661147995,504423069,500291929,178042,57,27
131072,512,t,40663111335,504419901,500248399,713382,8314,8227
131072,512,n,40667883063,504420141,500277269,714940,72,32
131072,1024,t,40665636480,504422218,500270920,1445131,16509,16417
131072,1024,n,40677619286,504428410,500270100,1562695,87,44
131072,2048,t,40669092253,504420836,500221893,2905015,32953,32807
131072,2048,n,40654730520,504426936,500286752,2843706,147,89
131072,3072,t,40650527827,504417235,500292222,4282736,49359,49195
131072,3072,n,40654058346,504426999,500274203,4269217,160,46
131072,4096,t,40653398631,504422000,500285724,5642995,65779,65609
131072,4096,n,40658996343,504408296,500262897,5625166,205,49
131072,5120,t,40816122907,504421353,500247702,7037099,82210,82003
131072,5120,n,40657900889,504422210,500283769,7149993,235,139
131072,6144,t,40664326105,504419873,500216160,8443460,98680,98463
131072,6144,n,40660132893,504426593,500233513,8600095,291,230
131072,7168,t,40658534507,504429546,500243824,9817632,115068,114806
131072,7168,n,40662417463,504408080,500304188,10763163,322,173
131072,8192,t,40667871641,504425856,500307502,11239335,131468,131226
131072,8192,n,40665502145,504420403,500278272,11412458,362,274
131072,12288,t,40646971871,504425713,500213818,16891558,197168,196841
131072,12288,n,40655087830,504422085,500277653,17125413,497,279
131072,16384,t,40662320522,504424844,500252739,22600308,262871,262703
131072,16384,n,40656557719,504423865,500319047,22924059,605,292
131072,32768,t,40661896425,504395831,500231019,44873453,525622,525415
131072,32768,n,40649701380,504416140,500358018,45791020,1132,140
131072,65536,t,40663710388,504428443,500269179,89220871,1051096,1050068
131072,65536,n,40663647941,504417477,500362577,91467257,2197,641
131072,131072,t,40668444703,504425501,500353077,177588436,2102567,2101800
131072,131072,n,45583531904,504426514,500306133,183358720,4361,2256
131072,262144,t,40677953254,504428812,500305251,353973477,4204558,4203677
131072,262144,n,40663635716,504420135,500314665,363181689,8920,7452
131072,524288,t,40696607998,504427792,500334060,706130865,8408640,8407403
131072,524288,n,40691738339,504424725,500292888,725013176,17737,16371
131072,1048576,t,40716133733,504425983,500456866,1413262431,16816782,16815033
131072,1048576,n,40712249001,504424053,500298504,1447384790,34865,34675
131072,1572864,t,40737723562,504430493,500474680,2120106847,25225505,25223120
131072,1572864,n,40740325116,504423036,500469157,2174854559,50369,50322
262144,16,t,40639445874,504416596,504376519,25639,315,289
262144,16,n,40641462222,504420617,504374418,23838,56,35
262144,128,t,40648271165,504418382,504371862,185742,2123,2081
262144,128,n,40642099560,504420419,504374046,178245,67,34
262144,512,t,40637355317,504423335,504377933,729981,8297,8227
262144,512,n,40640449410,504419690,504373074,694658,81,29
262144,1024,t,40639281212,504417135,504372304,1453337,16520,16414
262144,1024,n,40646190757,504426016,504382395,1422383,103,43
262144,2048,t,40642959376,504423058,504377263,2806993,32935,32865
262144,2048,n,45541524022,504430708,504380148,2858804,132,51
262144,3072,t,40635638767,504419283,504376844,4386953,49362,49200
262144,3072,n,40631537274,504420664,504376762,4263500,176,107
262144,4096,t,40625151865,504420417,504374701,5668743,65795,65619
262144,4096,n,40785931160,504421644,504380523,5710679,207,142
262144,5120,t,40627040147,504421932,504382117,7173382,82258,82092
262144,5120,n,40636869489,504427273,504384412,7160700,243,169
262144,6144,t,40634950608,504426177,504383129,8441733,98672,98384
262144,6144,n,40648928840,504403560,504364100,8569100,293,207
262144,7168,t,40650038497,504423870,504381391,10247408,115061,114745
262144,7168,n,40644971685,504424876,504380846,10068489,326,224
262144,8192,t,40634939507,504423802,504382656,11297845,131518,131290
262144,8192,n,40636629471,504426967,504382681,11460996,368,214
262144,12288,t,40636380200,504425354,504386316,17283571,197185,196884
262144,12288,n,40635884655,504417312,504373093,17204076,486,269
262144,16384,t,40639012468,504425272,504381628,22381968,262887,262590
262144,16384,n,40640234463,504423732,504379491,22927218,616,174
262144,32768,t,40640503652,504423040,504381432,44918683,525590,525106
262144,32768,n,40646442786,504418371,504375179,45895617,1133,182
262144,65536,t,40638012909,504428692,504384672,89219379,1051126,1050515
262144,65536,n,40640995469,504422083,504376703,91449977,2187,344
262144,131072,t,45496446882,504430603,504382719,178249515,2102139,2101591
262144,131072,n,40646146978,504421527,504376225,182233612,4376,2134
262144,262144,t,40654749932,504426954,504385284,351902878,4205359,4204617
262144,262144,n,40656873781,504418213,504373157,363591413,8893,7239
262144,524288,t,40667782077,504430893,504387880,704050901,8408791,8407978
262144,524288,n,45516763148,504425676,504375948,728432784,17660,16293
262144,1048576,t,40677641943,504429890,504387411,1411601869,16816214,16814730
262144,1048576,n,40684990850,504426072,504381342,1445635559,35314,35235
262144,1572864,t,40704490841,504431831,504390441,2114239510,25225743,25223276
262144,1572864,n,40714154685,504421993,504377188,2170514778,52382,52433
524288,16,t,40637847389,504387357,504349251,24746,311,288
524288,16,n,40636882546,504419063,504377276,25360,65,37
524288,128,t,40628546410,504418591,504376419,177179,2124,2092
524288,128,n,40621951930,504423414,504380506,179688,63,41
524288,512,t,40630746041,504420631,504379482,703674,8314,8231
524288,512,n,40639214687,504420793,504379906,727938,71,31
524288,1024,t,40643258269,504423804,504382085,1468052,16513,16418
524288,1024,n,40626676414,504426462,504387114,1418596,97,35
524288,2048,t,40631509559,504425368,504384053,2958003,32938,32808
524288,2048,n,40644584137,504426152,504387996,2849400,133,41
524288,3072,t,40630245296,504423724,504382205,4263759,49357,49187
524288,3072,n,40632778645,504423900,504381667,4274144,156,27
524288,4096,t,40628139045,504420958,504378374,5643939,65801,65575
524288,4096,n,40640411155,504419709,504384413,5738629,221,52
524288,5120,t,40633354451,504417083,504376615,7114276,82240,81967
524288,5120,n,40644368984,504424951,504385530,7146884,252,55
524288,6144,t,40643729232,504424679,504384205,8531678,98673,98371
524288,6144,n,40631345753,504426269,504387495,8576936,301,56
524288,7168,t,40634584437,504423095,504385410,9904893,115101,114863
524288,7168,n,40626676301,504427621,504388509,9988928,323,51
524288,8192,t,40639606845,504388244,504349043,11265415,131472,131309
524288,8192,n,40626193332,504429003,504389789,11463365,340,32
524288,12288,t,40634008433,504430470,504391257,16883682,197195,196893
524288,12288,n,40641278452,504415850,504375194,17270554,487,289
524288,16384,t,40634289993,504428552,504389259,22600685,262880,262585
524288,16384,n,40636737703,504422073,504386037,22856703,629,343
524288,32768,t,40638369879,504426937,504388980,45022191,525636,525225
524288,32768,n,40639601313,504419351,504378211,45853526,1123,78
524288,65536,t,40639529686,504420536,504378490,88981832,1051180,1051025
524288,65536,n,40641269569,504419146,504375626,91652750,2255,1098
524288,131072,t,40651029942,504397976,504357851,177792568,2102117,2101359
524288,131072,n,40643223593,504417790,504375893,182872477,4351,1783
524288,262144,t,40653965087,504428391,504389750,352775054,4204858,4204137
524288,262144,n,40652215269,504423469,504381140,362970631,8815,6123
524288,524288,t,40677969945,504430152,504388581,711093334,8408427,8407448
524288,524288,n,40654497501,504420236,504377605,723988139,17700,16485
524288,1048576,t,41763861641,504432553,504385118,1413948754,16816938,16815057
524288,1048576,n,40672672625,504419114,504377761,1444798130,35473,35124
524288,1572864,t,45554541458,504402068,504355264,2138501405,25225138,25223088
524288,1572864,n,40714337597,504420334,504382773,2172358709,51815,51700
1048576,16,t,27820861346,336285269,336254724,25948,312,290
1048576,16,n,27086872632,336283822,336255407,26158,56,37
1048576,128,t,27090062761,336283438,336255815,184145,2132,2092
1048576,128,n,27088193569,336284228,336256328,184548,71,41
1048576,512,t,27086482702,336283442,336257579,712347,8306,8233
1048576,512,n,27088250460,336285392,336257607,714143,78,35
1048576,1024,t,27090678911,336266729,336237956,1427683,16510,16418
1048576,1024,n,27091608977,336280705,336254494,1412377,98,39
1048576,2048,t,27088070211,336283194,336253567,2879639,32943,32810
1048576,2048,n,27093187802,336279568,336252934,2868097,141,47
1048576,3072,t,27090039556,336281180,336253089,4268030,49387,49187
1048576,3072,n,27092144759,336285126,336256299,4288558,166,45
1048576,4096,t,27087504382,336282964,336255977,5661911,65791,65577
1048576,4096,n,27091225799,336266935,336240550,6297088,202,47
1048576,5120,t,27090058581,336279633,336250762,7061316,82217,81970
1048576,5120,n,27090786262,336286779,336260296,7159228,240,40
1048576,6144,t,27089532350,336283174,336258323,8755312,98666,98363
1048576,6144,n,27093886354,336269180,336242570,8606229,289,52
1048576,7168,t,27089675061,336271037,336243783,9932734,115080,114737
1048576,7168,n,27092595716,336285721,336259160,10086075,320,46
1048576,8192,t,27090009550,336284699,336256603,11348233,131509,131120
1048576,8192,n,27089781829,336281658,336255615,11448287,337,37
1048576,12288,t,27086468440,336283571,336258182,16932184,197168,196667
1048576,12288,n,27092397213,336279111,336252322,17251010,505,60
1048576,16384,t,27088295669,336284982,336258241,22588951,262841,262196
1048576,16384,n,27090320238,336284809,336259072,22992303,608,51
1048576,32768,t,27094107943,336282957,336257845,45074374,525567,524391
1048576,32768,n,27091446967,336279478,336255276,45873483,1161,73
1048576,65536,t,27096474994,336284250,336258472,89527076,1050997,1048903
1048576,65536,n,27090916956,336279125,336251262,137950806,2239,889
1048576,131072,t,27100945649,336284042,336258353,177361211,2102147,2101439
1048576,131072,n,27096719883,336281714,336253603,183112560,4349,1663
1048576,262144,t,27104278175,336283566,336257639,353139111,4204172,4203277
1048576,262144,n,27098491153,336278120,336249631,362821714,8864,7252
1048576,524288,t,27114224567,336285594,336257319,708864597,8408261,8407142
1048576,524288,n,27112200702,336281007,336253095,722958270,17752,16844
1048576,1048576,t,27170524280,336286885,336260969,1439042748,16816705,16814062
1048576,1048576,n,27140463590,336280365,336252805,1442893463,35416,32909
1048576,1572864,t,27160154938,336287537,336260370,2108418323,25224723,25222391
1048576,1572864,n,27158597428,336279040,336252953,2169310981,50651,50532
1572864,16,t,40634435057,504426763,504387634,26938,322,295
1572864,16,n,40643400370,504429348,504384902,27099,67,38
1572864,128,t,40622460889,504426967,504388101,186760,2123,2081
1572864,128,n,40632171065,504421118,504380527,198800,65,36
1572864,512,t,40630560243,504424599,504385096,740948,8296,8224
1572864,512,n,61507133626,504448427,504375631,734848,82,33
1572864,1024,t,40634218707,504402252,504360984,1467064,16522,16425
1572864,1024,n,40638034130,504422883,504383621,1461464,105,43
1572864,2048,t,45471384647,504428715,504383167,2872749,32933,32807
1572864,2048,n,40640538892,504415247,504375672,2898078,130,39
1572864,3072,t,40641274195,504425686,504384570,4696267,49354,49195
1572864,3072,n,40623406079,504429229,504386899,4787824,163,40
1572864,4096,t,40633319272,504400595,504361013,5718454,65784,65576
1572864,4096,n,40761014637,504426637,504388975,5792486,201,40
1572864,5120,t,40631190526,504422503,504383136,7098893,82210,81966
1572864,5120,n,45538356629,504432251,504386795,7200183,236,35
1572864,6144,t,40634558220,504425393,504380684,8552907,98625,98347
1572864,6144,n,40631960653,504423311,504384476,8667234,265,39
1572864,7168,t,40633743447,504424958,504381738,9906301,115049,114732
1572864,7168,n,40633049932,504422555,504383810,10071321,286,30
1572864,8192,t,40637710611,504424442,504386869,11414115,131454,131122
1572864,8192,n,40623998790,504419281,504379231,11516595,332,41
1572864,12288,t,40636434614,504403872,504360931,17042367,197169,196654
1572864,12288,n,40638731790,504430036,504390769,17619600,462,38
1572864,16384,t,40633357890,504421854,504383961,22631140,262820,262193
1572864,16384,n,40631546868,504424155,504389627,22971580,606,47
1572864,32768,t,40634696102,504422074,504384683,45054617,525539,524358
1572864,32768,n,40644427469,504423581,504383936,46057839,1119,70
1572864,65536,t,40640663841,504422050,504383206,89649297,1051016,1049118
1572864,65536,n,40642771104,504421102,504381457,91904459,2215,1722
1572864,131072,t,40642061763,504404103,504366824,177308590,2102212,2101516
1572864,131072,n,40643195212,504421822,504380880,202070407,4336,958
1572864,262144,t,40637255571,504425983,504387086,353871363,4204233,4203640
1572864,262144,n,40651486319,504416419,504374961,400887970,8740,4784
1572864,524288,t,40657172538,504425682,504387130,709366494,8408335,8407435
1572864,524288,n,40643535303,504420672,504379403,722914298,17548,14025
1572864,1048576,t,40716253211,504428058,504389568,1439751519,16816822,16815148
1572864,1048576,n,40684662855,504420227,504380831,1435296868,37236,37490
1572864,1572864,t,40708179938,504426667,504387780,2116772078,25224751,25222733
1572864,1572864,n,40737375962,504418365,504381414,2334334801,50098,49976
