657785667 675882602.4 653163459.8 644938393.3 644286326.1 659979104.3 647689925.4 677959505.2 653288025.6 653903250.8 644358547.1 668869118.1 644321987.3 643648185.8 679048923.6 650724180.3 685572158.5 642918134.4 641865169.4 643151602.2
1091114408.9 1128100094.8 1091144974.7 1091145215.9 1128229904.2 1091153739.4 1128455878.1 1091126472.5 1128382197 1127683834.3 1091132949.2 1091153325.1 1091114362.6 1091156293.9 1091095351 1091139376.8 1091137656 1128349067.7 1091166593.3 1169911828.1
2396994661.5 2397039381.2 2389134791.3 2397109392.9 2391064022 2390046325.9 2396936137.1 2397073722.5 2397097677.3 2397236016.7 2389307316.8 2397142943.3 2389228059.8 2397450870.5 2397523342.5 2397709135.2 2397969127.5 2398273068.4 2398658627.3 2398877144.6
2397170326.9 2397291118.2 2397389010.7 2397388375.5 2397399327.6 2397388559.3 2397485849.9 2397510417 2397506069.3 2397506497.3 2397501514.2 2397441868.4 2397628928.1 2398063218.7 2398822556 2398869634 2399428963.3 2399740054.6 2399913949.9 2399115829.6
2397496578.8 2397474976.9 2397486124.5 2397484474.5 2397599448.9 2397711551.8 2398144216.4 2397866821.5 2397959461.1 2398115612.8 2397991086.1 2398031747.4 2397837723.3 2398415369 2399722422.4 2400555299.7 2400325163 2400577321.6 2399958662 2399484770.4
2397889686.1 2398002629.6 2397907404.8 2397875225.3 2397921410.8 2397967489.1 2398092683.7 2397962972.7 2397997916.4 2397854859.8 2398019562 2397955496 2397980953.7 2399086736.4 2400184359.3 2400317001 2400603838.5 2401267225.9 2400883673.6 2399896884.7
2493058674.3 2483338028.2 2465622322.9 2453487623.9 2426666094.2 2453033917.5 2441466630.2 2416729062.9 2457359446.2 2399783749.9 2464150327.4 2466332553.1 2440838659.7 2415882615.8 2416606767.7 2470327979 2442675239.9 2415749382.2 2443420700.3 2403342955.2
2654425339 2633883367.2 2677152537.7 2689612418.2 2698765464.3 2727454694.7 2698457657.5 2665266497.4 2698523598.2 2770748891.3 2684633586.7 2760940956.1 2665905248.7 2694789720.3 2678399745.4 2678453998.2 2729418890 2648875552.3 2790225410.4 2729645670.7
3055704267.7 3500341825 3534905478.3 3186891478.9 3327850942.9 3465269910.5 3195000958.6 3110606797.3 3173929765.8 3286914393.2 3344684393 3456456253.1 3449512402.9 3441932518.8 3345270771.7 3397925375.9 3178571983.5 3484945666.6 3250160621.8 3225891018.2
3751967230.7 3610700408.2 3886925382.9 3672584313.9 3579570802.3 3606038305.1 3595602119.9 3844492044.7 3810538117.2 3387322866.4 3748403558 3796544586 3680292249.2 4242517600.7 4086408095 3385070006.6 3902065760.2 4142510132.4 3648923161.6 3368056298.3
3498903735.3 3755922661.7 4397285038.6 3484022966.2 3500569722 3775115108.4 3764264910.6 3738432063.5 3471974483.7 4052727565.1 4269851824.1 4363273347.8 4419035532.9 3804735174.4 3761222561.4 4360326784.6 4027115496 3506521666.9 3529889086.9 3506776674.1
5396343319.4 5395784776.3 5393176319.9 5397396524 5399090162.9 5396856223.6 5399391747 5391688033.5 5394668009.5 5389644296.8 5385118270.4 5391419449.4 5395710086.2 5392085790.2 5389948118.7 5391839126.1 5401067705.8 5410561297.1 5425298833.4 5445911701.3
6594941622.5 6597911949.1 6593127686.5 6601242678.8 6601281723.7 6595991337.5 6595791871.2 6597321125.3 6597696863.8 6593861267.9 6599299053.7 6600360111.5 6593387485.9 6597425175.5 6606514279.9 6605718841.6 6616129515 6609417980.4 6627064104.7 6655581382.3
8488751594.9 8485425017.3 8487336689.7 8491258116.6 8490049385.4 8481960056.9 8479128615 8478918580.8 8482281468.4 8478652809.1 8480838203 8481057257.2 8483883412.7 8486393766.9 8487792109.1 8496101562.9 8494192383.5 8510809103.5 8529440285.6 8551705467.7
9437209349.6 9441013205 9439437061.6 9440811301.8 9439667047.7 9438294000.1 9441181806.9 9440809611.9 9438488052.9 9440080327.2 9438799889.8 9437397035.4 9439552729.9 9439563056.6 9445793636.9 9446341346.9 9453919845.9 9465317241.8 9486844398.8 9509203200.3
9941137603 9952411215.4 9931494395.8 9942211456.3 9945106968.3 9941535519.1 9928901597.8 9931131525 9943218980.7 9946717254.7 9951410298.8 9944155627.9 9946515925.9 9934734262.6 9953805522.2 9963419412.2 9955565051.8 9964746388.8 9980922196.3 10021009811.1
10018482453.7 10013803231.1 10020565271.8 10016948784.6 10017182041.5 10011828094.1 10018054000.8 10017674934.9 10010339806.1 10016397144.9 10013993424 10018767671 10015379437.1 10018174431.3 10017462554 10021681932 10028729890.7 10034096582.9 10059258076.9 10084666650
9989132228.3 9989222853.6 9990548111.8 9991288753.6 9991035715.6 9992243973.2 9992108687.1 9987302873.1 9989458444.2 9989044911.9 9985449368.8 9990670568.3 9997428556.7 9992038130.2 9998664409.9 9995332738.1 10003956794.5 10016781832.4 10034419614.8 10061763188.9
9967040363.4 9968269420.5 9969543466.3 9968517102 9964332229.1 9965631482.7 9967595315.4 9967248754.4 9969226911.9 9967503049.2 9966865047.4 9969871115.6 9963623924.8 9969948020.3 9974085307.5 9970810095.3 9976515704 9991879767.2 10015192936.7 10039542230.8
9962106230.3 9963775344.9 9958650712.7 9964850892.6 9960253930.4 9964677181.6 9961197138.5 9965974923.7 9963134686 9968272984.5 9964220802.3 9965404863.8 9962273640.4 9962963698.1 9962970898 9966528716 9978812271.8 9988639576 10012258540.3 10036278159.6
