650009206.5 669985081.6 654172357.3 661098158.9 657534073 644813432.1 680263344.7 663242215.7 670878487.3 686363577.4 730469446.4 728632012.2 719277842.3 753135790.1 741354667.8 752946073.7 752452626.8 758051152.1 697669161.5 745546361.9
1128231907.5 1239327387.3 1091122110.9 1164804288.4 1091216596 1091248855.5 1091943133.3 1091111783.8 1091869865.9 1132485835.7 1128039599.9 1091117526.5 1091101585.8 1091118813.8 1091125441.3 1091160401.1 1132654764.8 1091415516.2 1092201993.5 1091587234.7
2396892081.3 2397065502.5 2397004475.5 2396912276.4 2397013936.7 2374102875.6 2390932357 2396870110.7 2396945144.6 2389934491.5 2396904589 2396981161.7 2396937289.7 2390122102.4 2391333178.6 2397597409.4 2398062317.3 2398632465.9 2399541749.1 2394240704.2
2397157041 2397195676.2 2397316326.7 2397277439.2 2397211224.3 2397163457.3 2397174408.3 2397178895.3 2397192621.7 2397176771.8 2397191468.3 2397202727.8 2397248419.6 2397335152.1 2397990538.7 2398647759.3 2399124558.1 2399501434.9 2400733536.4 2402111392.8
2397452804 2397479977.4 2397476108.8 2397447630.5 2397576829.4 2397555568.6 2397661069 2397662540.9 2397578839.9 2397760203.9 2397589544.4 2397693854.6 2397671528.2 2398234707.4 2399474334.7 2399262616.2 2399728149.2 2400003720.3 2401378943.8 2402562434.3
2397797233.8 2397841522.7 2398008738 2397929908 2398093323.8 2397833218.2 2397960539.2 2397858788.7 2397924049.5 2398274706.8 2397969756.8 2397906033.8 2398126528.8 2398570372.2 2399969774.3 2400524887.9 2418956617.5 2400661508.1 2402604650.1 2405000372.1
2455181550.8 2425551575.9 2479026552.8 2427688226 2428504248.3 2413254716.4 2452957684.1 2399547391.6 2427758831.9 2522210399.9 2402348299.3 2450557226.2 2440724594.7 2466318924.1 2484325119.5 2443027805.1 2474813695.7 2417653758.6 2475140050.7 2450030935.1
2583706282.5 2640221230.7 2753160397.3 2710924232.6 2658705503.9 2774777428.3 2656906158.4 2719687498.8 2697424939.6 2720108835.5 2652909645 2818119867.1 2791659245.2 2748575460.8 2670480291.8 2773644406.3 2671941541.6 2561208441.9 2679755878.7 2657731804.8
3245927457.7 3481119049.3 3237358228.3 3218646605.8 3379124229.4 3610476657.3 3166087426.1 3239948971 3306383549.7 3175978478 3619263793 3213108162.1 3280716098 3398681675.7 3318865171 3555347833.9 3332264271.4 3346334698.1 3309887547.1 3162228914.3
3921163196.3 3574455843.8 3979584117.4 3423653435.7 3579283525.6 3835793732.8 3556130965.8 3553789912.2 3559349886.6 3499639985.9 4019400090.6 3565004915.9 3873810596.6 3350555910.7 3983212521.8 4307332902.6 3603389563.9 3711238968.1 3741040110.3 3835445370.2
4014456704.7 3967980735.9 3807806844.9 4099193531.7 4046975114.4 3482822173.1 3773991058.1 3738883435.1 3768618717.5 4317233572.7 4124943915.7 3737571157.4 3819438316.7 4358173176.3 3576569567.1 3503092766.2 4066142757.8 3516688773.9 3812897328.3 4205870936
5384657975.8 5386206173.1 5403732937.7 5401741965.3 5400919495.9 5400846823.8 5399176368.3 5399515747.8 5398228261.5 5398186927.3 5396180296.7 5400304484.5 5396469816.9 5397359744.7 5395415804.2 5400503640.9 5425516744.4 5440124212.9 5479000167.6 5490235281.6
6596042068.6 6589399951.3 6599144822 6600172776.6 6592991956.5 6590490237 6583204177.6 6597531612.7 6599338335.2 6596590811 6598213335.8 6597378461.3 6597342182.5 6601703065.4 6602153618.9 6602320117.5 6619725396.2 6634688481.9 6656950179 6720082486.5
8482448379.1 8487632312.9 8479752918.2 8482012136.2 8485500459 8491157333.4 8484857648.9 8484907135.7 8481656321.8 8482024761.9 8486821912.3 8486050916.3 8486864314.4 8485620452.3 8492987802.2 8495375119.8 8501826514.7 8520680060 8556069520.6 8593808828.4
9439471489.4 9439353113.5 9442072390.5 9439693458.2 9437427802.5 9440264202.8 9436858787.9 9437640285 9438313920.4 9436513622.6 9439338482.5 9438337546.9 9438230152.7 9440550371.5 9442926443 9449343784.2 9453916268.1 9469704797.5 9503295640.4 9537053025.3
9946442593.7 9953838498.1 9945638964.6 9934037694.8 9953757727.7 9944987296.5 9944902233.5 9946200496.3 9939173142.9 9929513344.4 9953757163 9947113048.5 9945594619.4 9951484118.5 9952824855.4 9950478929.6 9954682264.2 9969288585.9 9985668390.7 10009165105.5
10015723879.9 10009315828.5 10017532469.1 10016010015.2 10019210905.7 10019313259 10017481567 10016348476.4 10019978378.4 10014462990.7 10013174818.8 10014825829.3 10016261991.1 10014511491.6 10020933519.4 10018451176 10031634774.6 10037425315.1 10059202182.9 10078861014.6
9994016078.2 9993046369 9990723609 9998661840.4 9990473690.7 9993047123.2 9992197270.8 9993546038.5 9992530035.2 9992808526.5 9994502824.5 9991989486.1 9993476028.6 9992515372.2 9989485504.6 10001781626 10006223570 10009425910.1 10030850526 10056675573.2
9971935478.4 9968419868.3 9969163186.3 9968012175.5 9966819361.5 9969005968.1 9966439504.3 9965794569.5 9966743737.5 9967510784.2 9969458119.6 9966340307.8 9964217918.4 9971831449.2 9971753209.6 9972201691.8 9982966503.5 9993909505.4 10012956588.9 10037024967.9
9965897796.6 9963511805.2 9965071396.7 9959526960.1 9960361413.6 9964347546.6 9963304158.7 9965351049.7 9961167115.2 9965794807.3 9960039595.8 9963328925.7 9964462073.3 9963511777.6 9969288624.8 9966462547.8 9978819383.7 9983812826.3 10005608661 10030252012
