7920.1 50363.2 192504.2 379327.4 718952.6 1041911.3 1367993.8 1700072.6 2032487.5 2363424.1 2706228.2 4036133 5368991.6 10687274.2 21412999.1 42725926.2 85251415.1 169258755.8 337093682.5 504908441.4
7871.7 51223.1 195262.2 383091.4 737607.8 1063477.6 1387336.5 1715173.5 2056197 2371680.6 2697138.4 4026524.5 5358042.8 10685813.9 21341781.9 42690800.7 85065958.6 169140043.2 336929703.5 504494569.4
7923.3 51143.7 199890.7 385785.7 746778.7 1074894.8 1414514 1753004.3 2075142.1 2413887.2 2749857.7 4033541.5 5354857.3 10679938.1 21401865.6 42720537 85089664 169085763.9 336808532.1 504131007.3
8314.7 51791.6 196355.3 382499.6 747640.9 1102899 1428774.4 1761193.8 2104140.9 2421203.7 2699970.4 4024373.9 5387845.6 10683830.6 21366680.1 42681619.5 85060009 169079877.6 336696424.9 504340204
7846 51603 198011.6 391858.9 765277.2 1115430.4 1449336.2 1774199.7 2123768.6 2443533 2741021.7 4079337.8 5413090.7 10721486.4 21399397.2 42661121.6 84949096.3 168986933.8 336603677 504197359.4
7835.2 51279.8 199026.4 386851.4 738341.9 1100883.2 1493898.6 1855317 2147746.3 2502009.7 2769240.9 4126698.4 5448528.3 10731477.3 21412989.7 42594112.8 84964956.4 168802499.9 336476745.6 504343618.2
8228.4 52297.2 199910.2 381138.2 737892.5 1095053.9 1449613.2 1817042.4 2134870.5 2483472.2 2810158.6 4192235.4 5516319.9 10819721 21571296.7 42708929.2 85303516.5 169144743.3 338727502.2 506919889.5
8434.2 53092 206103.1 400407.6 816034.7 1188608.9 1496764.9 1931223.9 2188579.9 2621871.8 2863435.8 4236171.5 5751410.9 11391935.6 21790342.4 44391172.7 86906450 170899347.2 343788506.8 513423620
8346.4 55865.1 211555.7 422599.9 804540.5 1222961.3 1612498.2 1980809.5 2344994 2710779.7 3093300.1 4574470.4 6134217.1 11869033.7 22942425.3 45473462.7 88997195.1 177736541.9 355140307 526608627.2
8725 53466.3 218990.9 417365.2 830142.9 1210654.5 1619384.3 2027415.5 2387855.6 2768085.6 3247649.6 4663285.5 6146648.9 12193406.7 23699414.7 46558858.4 91218403.8 179149638.8 354513651.7 538219968.4
8399.8 56746.8 207890.4 407049.5 852192.4 1288143 1654005.9 2181895.2 2601192.9 2863965.8 3286692.4 4817983.4 6319923.5 12189474 24225494.2 47523519.3 93158747.2 182255750.3 362727976.8 545537750.2
8180.6 53147.9 212199.2 436759.7 875195.2 1305400.7 1759929.6 2086073.4 2645071 3003424.8 3486144.8 5059721.7 6520392.8 12612229.6 24586496 48463497.3 95296454.8 189137336.5 376374757.6 563520697
8073.9 53304.6 215973.8 429332.8 886460.7 1322183.9 1777073.1 2231518.1 2600973.7 3040312.3 3443023.1 5013372.6 6613408.9 12584061.8 24548897.8 48755217.4 96085442.3 190868117.2 380268019.8 569122728
8130.7 52051.6 212322.9 435971.3 890811.6 1328940.1 1728769.2 2194714.3 2590716.1 3011080.5 3408259.2 4960994.9 6503813.3 12580372.8 24655578 48761482.7 96101656.8 191553330.3 381922477.6 571603630.3
8255.2 51350.6 215827.5 436717.6 874082.7 1301445.8 1816052.6 2237531.4 2650660.6 3128451.6 3469759.7 5057746.4 6641028.9 12602623.6 24677831.3 48977885 96465226.5 190918240.5 380383125.5 566975545.6
7998.1 54460.5 201447.8 438725.9 823174.2 1177873.6 1751915.2 2260118.1 2730523.6 3137166.1 3248946.1 4982021 6463839.9 12597051 24789995.4 49045272 96452019.4 190760822.3 378888099.7 566916563.9
8284.5 49361.9 194418.3 409781.6 776909.1 1216472.8 1580381.7 1925370.9 2363457.9 2744999.6 3267670.3 4622102.6 6141989 12179760.7 24213263.9 49076974.5 96074239 190884488.4 378766262.2 566221302.6
8639.1 53956.4 204026.8 400727 820933.4 1225610.3 1675656 2069497.7 2600180.4 2872333.1 3104798.5 4772994.6 6319950.7 12370919.3 24620167.2 49240601.8 96453798.8 190905971 378780742.9 565735675.9
7877.8 55401.7 215679.3 452864.6 857973.6 1352153.1 1831336.2 2243326 2446477.9 2938231 3465244.2 5055439 6639124.2 13014608.5 25410409.3 49264775.4 96635261.9 191155634.8 378355747.9 565119869.4
8403 53745 216696.1 428434.6 856533.4 1279209.9 1706244.6 2119290.9 2511875.7 2962422.2 3281634.1 4983290.4 6555636.8 13100414 25544872.1 49590726.2 97444016 191502424.9 378527110.3 562698367.3
