8648.3 55734.2 213613.8 425127.1 852071.1 1280153.6 1702831.4 2135390.1 2593650.3 2971220.7 3411857.5 5101827.6 6758990.5 13540297.6 26762864.7 53481159 106626167.7 213068362.3 425811641.4 639074263
8807.7 55087.9 214047.3 426653.1 853143.1 1276394.1 1704606.6 2133255.7 2579876.1 2969052.4 3412777.9 5099783.7 6760273.5 13534401 26772414.9 53488006.5 106610357 213044660.8 425654056.1 639005102.6
8708.5 55279.7 213313.3 425638.6 851310.8 1275563.8 1702816.8 2157846.6 2555748.9 2985918.7 3411088.6 5096809.6 6751904.7 13523515.4 26766388.6 53489061.5 106597624.2 213079538.9 425884754.8 639044805.2
8519.5 56180.4 214779.1 426228.7 853904.5 1273588.7 1702830.8 2133698.9 2561848.3 2984837.9 3408091.3 5098712.1 6740165.4 13512837.3 26741276.9 53471737.7 106604427.7 213073046.3 425600317.8 638951174.4
8721.8 55814.1 214593.8 425264.2 850948 1276706.3 1708976.5 2134789.5 2561875.8 2984500.9 3410482.3 5095359.2 6789309.3 13490940.1 26872124.4 53469390.7 106729976.4 213041679.3 425760600.5 638952198.5
8655.1 55352.7 214272.3 427245.6 855516.3 1276230.2 1706374.3 2138239.1 2560090.6 2988741.2 3412952.6 5080332.3 6796726.5 13478681.9 26841598.5 53450035.3 106666420.8 213048802.6 425787630.5 638803280.6
8906.8 56150.6 215168.8 427545.3 855073 1276739.7 1708669.3 2133911.6 2571624.2 2989732.9 3421715.4 5118555.4 6813540.8 13460233.7 26861664.3 53527952 106802470.4 213028707.6 426395028.6 638422636.3
9216.6 56305.9 217055.2 435628.2 875558.9 1304755.3 1736203.5 2163201.3 2605812.8 3037358.7 3473775.8 5194534.1 6890595.1 13598020.2 27151806.5 54004161 108064113.3 215178540.4 431672449.4 646954610
9419.4 56728.4 224461.4 444883.5 899721.3 1352863.4 1792738.7 2237268.9 2714256.2 3137140 3582605.7 5308234 7111890.5 14054458.1 27849560.1 55537888.3 110044449.5 220981625.2 438715411.4 656632960.3
9237.9 57493.6 225394.2 447996.8 911982.2 1346281.9 1885447.8 2280453.2 2790654.2 3209108.8 3661967 5500243.4 7236233 14405243.6 28312926 56466645.5 112095976.8 223334787.9 441309806 658674367
9380.4 59735.7 229512.5 456665.9 910516.7 1359566.3 1815111.9 2343678.4 2734167.5 3242319.1 3685747.7 5493014.5 7342461.8 14512600.3 28717021.1 56830450.5 111780688.7 221607927.2 440775646.2 659638370.7
9261.7 58420.9 228280 453824.1 909808.2 1348231.7 1814221.6 2269591.5 2745013.8 3206754.4 3636353.3 5422876.5 7223896.5 14448670.6 28622533.3 56927653.7 112239041.7 222421413 442522939.7 662016440.2
9614.2 59127.1 228481.2 457428.5 904723.3 1351761.8 1805390.4 2263489.7 2715986 3188291.8 3638828.4 5411206.2 7249952.4 14413177.4 28714788.9 57141355.8 112730044.6 223431024.3 444606036.5 665483316.9
9319.2 59185.9 227202.1 452134.2 901044.8 1348380.5 1802017.2 2259748.7 2719599.7 3167066.2 3617319 5418304.3 7210444.3 14476309.7 28736086.6 57216142.3 112732400.5 223849811.8 445474373.4 666709679.5
9150.4 58733.1 228254 455819.2 906756.8 1352376.9 1806754.7 2269215.6 2723209.7 3185535.6 3641872.6 5408463.9 7269476 14448936.8 28744079.4 57122792.1 112658640 223626222.5 444549697.4 666088490.8
9374.1 58661 230919 455909 906648.3 1351982.1 1807514.7 2269534.3 2743814.7 3182244.6 3639137.2 5471144.8 7277529.3 14440676.6 28745895.7 57085804.2 112687905.8 223536038.2 444967196.4 669427988.9
9107.8 59163.7 227349.6 448543 894185.8 1342216 1794294.8 2248682 2715956.9 3196841.1 3674131 5428808.4 7344941.2 14556735 28842653.8 57216154.2 112822191 223738813.2 446727498 671264951.9
9717.7 59123.1 229247.3 450256.3 901274.4 1347019.3 1794309.7 2272559.2 2752382 3218846.5 3663296.6 5555694.2 7377975.4 14628720.2 28899289 57410110.1 113113280.4 224169354.4 446386707.7 671773044.6
9968.9 59554.3 234053.8 463112.4 921120.6 1376697.1 1841555.8 2317511.3 2774154.3 3246362.8 3685441 5515894.3 7384343.9 14715191.3 29088881.9 57460176 112922945.3 224469419.4 446753135.7 672622268
10040.6 59978.7 233263.3 463117.2 922542.2 1381012.8 1866236.2 2310145.5 2777455.5 3217516.7 3678253.2 5532494.7 7435879.3 14699792.2 29197757.4 57699014 113254507.8 224670006.1 447228320.8 672760913.8
