324.3 526 402.6 368.5 384.2 487.1 523.6 474.2 494.3 453.1 451.4 658.8 616.7 523.3 557.9 473.4 561.2 614.3 720 281
2564.6 2609.9 2477.4 2624.2 2799.8 3417.6 3212.6 3358.9 4247.4 2863.2 3617.1 3867.6 4051.5 4111.6 3910.8 4973.4 4324 6041.3 5183.3 2073.8
10974.2 10571.2 14180.1 14183.5 13943.4 14090.6 14207.3 15862.8 16808.8 21134.9 19661.1 21497.9 20430.5 31336.2 33905 40032.3 46531.3 48861.7 36439.8 8485.2
17412.8 25257.2 29508.3 29828.1 30006.5 29513.1 35307.4 36853.6 35851.2 35895 35567.7 31616.8 44172.2 68488.1 111031.3 109686.2 132815.2 132848.3 103780.6 17518.5
35267.8 35155.9 35063.9 35277.8 42583.8 50958.3 76536.9 60804.4 64998.5 74547.7 66929.5 69344.1 56882.4 91064 170207.1 215285.3 193341 187209.4 101499.4 36529.5
56817.3 65258.7 57688.9 56375.8 59979.2 62297.6 70878.9 62873.2 65406.5 55005.1 64650.5 60779.7 60273.4 131727.9 199674.5 201833.3 208811.3 225027.2 151333.2 56573.2
6092448.5 5453669.9 4382758.9 3523566.2 1828664.5 3538699.9 2779775.6 1158978.6 3802548.7 123447 4295008.9 4361740.9 2731091.9 1155302 1188142.3 4598863.5 2828929.3 1095126.6 2742059.5 163193
15235332.7 14587403.8 17399418.4 18023750.2 18728856.9 20698454.1 18431502.9 16394523.6 18765364.1 22291594.5 17442541.8 22451484.3 16445282.7 17643579.9 17017393.5 16902942.7 20510707.3 14695080.8 23335831 19672593.4
39287908.4 69683518.4 71545582.8 48846168.6 57922168.4 66398148.1 49235267.7 43702752.3 47574550.6 55529251.5 58770794.9 66587530.2 66123107.7 64735173.9 59431286 61847335.8 47801616.6 67235822.1 51778797.1 49640090.7
84411977.1 75548140.7 93964081.8 79347933.2 74248190.7 75527761 75323771.8 90990663.7 89141044.5 61740454.1 84264266.5 87768919.7 80096616.8 116881437.5 106126430.9 61473920.1 94260542.2 109626022.8 76326176.7 59276568.9
68809824.6 85183793.2 126937566.5 67498256 68488266.6 86456716.7 85934741 84154549.4 66964349.5 104685638.9 118460742.8 124006402 128539937.7 88000681.9 85727929.7 124904696.7 102799663.6 67974068.8 69676798.2 67462271
198458304.3 198231654.4 198136030.7 198554034.3 198355507.2 198294974.7 198237644 198366011.7 198140265 197992012.7 198188816.1 198231472.7 198486270.3 198187297.8 198137046 197941950.7 198254753.6 198036247.9 198428211.2 198539488.1
280284921.8 280300393.5 280291176 280184923.8 280291146.7 280137467.4 280314205.1 280269288.9 280204158.1 280217293.6 280212115.7 280240305.4 280158700.4 280211599.2 280206408.3 280445300.6 280294833.8 280278621.4 280467651.8 280262922.2
406506324.6 406497520.8 406591569.1 406554826.5 406740053.5 406481392.2 406503848.6 406463947.2 406476507.3 406521372.7 406498468.4 406475939.1 406461376.1 406522871.4 406457840.1 406668685.2 406473784.5 406579018.2 406663710.3 406736653.1
470655148.1 470724355.6 470702607 470665796.3 470710148.2 470671511 470721496.2 470710651.2 470720488.6 470705618.9 470692223.2 470725314.1 470727012.3 470688668.2 470707285.1 470673755 470754211.2 470733933.4 470791712.3 470886943.4
500949140.3 501390498.2 500542217.7 500948987.1 500958191.2 500969313.4 500334472.4 500277049.2 500947326.1 500950529.6 501372546.9 500900589.8 500950191 500537825 501350234.8 501679089.9 500936602.8 500926407.4 500530334.5 501481108
504324564.6 504337134.4 504329182.4 504334064.8 504335182.9 504334834 504335085.8 504332674.1 504345727.3 504332405.4 504337258.4 504325767.8 504334944 504323235 504336536.2 504326082.2 504334339.5 504331630.3 504324249.2 504321230.5
504333612.8 504343647.3 504343248.8 504339383.3 504335555.3 504341331 504340660.5 504356557.5 504356589.2 504339248.4 504350606.9 504336305.9 504346954.3 504334341.6 504339544.2 504350091.5 504357349.8 504340177.2 504354734.1 504336103.2
504371542.4 504364679.2 504369335.2 504366714.4 504378965.6 504381999.6 504376036.8 504375014.5 504381938.7 504369039.3 504355383.5 504374775.4 504367157.7 504378458.3 504368258.4 504375005.1 504378738.1 504372468.5 504373562.2 504362045.1
504368212.3 504378853.3 504381977.8 504380968.8 504380376 504380874.3 504379136 504380042.8 504380113.9 504351915.6 504367815.9 504380803.5 504379254.2 504378794.5 504379129.9 504379544.9 504379322.7 504379676.8 504380576.6 504364802
