257.5 290.2 445.2 402.8 452 505.5 615.4 731.4 938.8 876.3 1035.2 980.3 1251.3 1885.3 3639.3 5346.8 8576.3 18106.2 33811.1 50292.8
2081.2 2278 2373.4 2680.1 2181.1 2156.2 2061.8 2353.4 2119 2240.5 2121.5 2244 2165.7 2225.8 2629.6 3409.1 5406.1 5230 4488.2 6301.7
8394.9 12186.6 12410.4 10556.2 9649.6 9307.3 9330.6 8636.8 9156.6 9375 9422.2 10047.2 10725.8 11922.7 18217.1 31495.9 45805.4 49682.9 49615.7 41338.8
17248.7 19226.6 27109.8 24260.4 21347.6 19315.5 20004.3 19509.7 20102.3 19058 20401.7 20357.1 22199.7 25502.6 56826 90222.6 107155.6 100456.6 116554 118985.7
35123.4 35629.8 35070.2 34960.2 43344.9 41910.3 47693.8 46941.3 44250.8 53563.4 45631.3 48744.1 47576.4 79480.5 148927.6 132139.9 143535.9 126162.8 153860.8 151617
53643.2 55532.9 67244.3 62741.8 72312 58200.9 63773 58910.8 62659.9 83831.1 64805 59879.7 72335.4 99420.5 180062 204888.7 1361956.4 158699.7 209156.4 259114.4
3648145.9 1779378.5 5249490.2 1887817.7 1969621.3 987371.6 3566132.3 111908.1 1916087.5 7983705.4 273807.7 3411647.8 2708595.6 4430548.3 5566036.9 2857621.9 4833628.7 1151014.9 4676604.5 2941784.1
10823171.2 14975979.9 22219628.9 19204058.6 15818100 23681619.9 16142398.1 19645798.1 18596488.4 19604373.2 15339874.2 25823613.6 23916729.7 21820524.7 16606815.3 22281663.8 16193491.5 8718848.3 16913525 15272093.2
52581756.2 67534700.6 52185434.1 51101826 62327729.3 75680687.6 47682106.4 52156196.2 56468320.5 48339753 76669528.3 50751546.1 54549391 62795749.6 58127067.6 73292243.9 57840667.2 58477583.4 55758947.4 45262493.7
97061521.5 73275884.1 99877206.4 63634643 73711175.6 89759301.7 72390358.3 72042801.9 73266564.1 68707801.9 102888833.3 72395797.5 93662607.8 59077389.8 100292162.4 120066330.2 74375597 81881274.3 82737024.9 88926498.5
102260116.2 98846120.5 89032238.9 107698162.3 104130673.5 68181509.2 86436247.4 84393443.3 86155623.6 122437510.1 110086835.1 84636751.2 89290185.1 124790545.2 73486367.5 68710399 105710939.4 69082416 87777544.4 112658458.7
197657183.8 198065528.3 198615511.4 198666051 198563105.7 198734820.8 198728265.3 198889158.7 198775455.4 198622966.6 198822699.1 198960598.3 198157257.2 198254290.7 198487208.3 198538127.3 199615354.3 200551998.3 200992135.3 201437987.9
280356242.7 280144401 280362179.5 280286266.1 280389262.4 280206867.3 280235700.1 280432528.3 280345845.5 280376177.5 280502730.8 280414557.1 280330583.5 280592493.2 280622435.8 280492526.1 280970501 281470718.3 281882499.1 283801830.6
406676542.3 406486025.4 406485135.1 406402944.8 406526601.5 406622146.7 406503366.8 406564084.9 406502510.4 406514886.2 406566725.1 406622951 406577815 406579478.2 406844594.3 406776120.6 407033980.9 407406063.2 408124408.1 409318707.6
470863733.2 470667592.3 470653600.6 470724649.9 470691921.7 470701927 470694493.3 470680101 470689049.7 470704408.1 470695744.9 470669020.6 470703006.2 470720808.1 470744699.9 470837115.5 471020597.1 471312002 471874249.2 472484553
501089495.3 501354871 500999386.1 500547508.6 501363337.4 501012522.3 500953390.4 501367412.9 500873635.8 500142088.9 501360617 500964931.3 500955526.7 501378055.4 501316780.3 500966531.2 501041888.2 501085482.2 500910456.1 501121531.8
504344308.1 504344298 504337085.8 504332624 504315972.8 504330619.7 504323734.1 504327131.2 504317730.2 504331248.6 504336204.2 504345538.2 504331509.4 504330404.5 504316251.9 504357030.4 504355235.9 504389430.4 504390866.9 504357680.9
504329249 504334376.7 504342826.8 504320294.2 504338706.3 504338190.8 504345030.5 504338429.6 504341398.3 504340919.7 504338270.9 504339344.6 504337262.6 504335897.8 504368231 504358507.4 504371353.6 504412631.3 504421775.8 504379375.7
504347605.8 504369467.2 504365906.7 504368632.8 504370490 504372820.6 504380060.8 504373863.7 504374051.6 504380286.7 504373740.8 504374488.8 504378667.2 504385968.5 504388339.6 504391954 504396062.7 504434993.9 504438263.2 504409372.1
504363613.2 504379036.9 504379607.6 504380768.5 504378986.9 504379913.8 504381828.6 504381088.5 504382072.9 504380701.6 504380866.1 504382406 504384896.3 504388166.2 504389167.6 504400636.6 504422264.8 504433617.5 504451555.1 504423274.1
