34.3 35.3 36 43.8 61.9 61.8 99.5 115.8 111.2 140.3 124.7 128.4 102.1 166.9 329.1 945.4 1887.4 7409.7 14494.7 343.2
32.5 36.3 37.8 45.6 53.9 65.8 81.1 96.3 133.7 109.1 128.2 128.6 127.4 201.2 306.2 694.6 1644.3 7267 20343.4 350.8
35.7 32.9 35.2 38.6 49.3 64.5 74.4 82.4 132.6 121.7 135.8 119.5 150.4 145.5 154.4 516.5 1847.4 7110.8 11515.2 588.9
32.8 35.2 39 40.4 52.5 56.6 73.9 102.4 147.5 153.6 187.9 114.3 179.7 195 261.5 388.3 2163 6555.1 21498.2 1337.8
33.4 33.3 36.5 39 44.2 66.3 100.4 101.9 123.9 143.3 162.4 137.9 119.9 170.1 300.3 524.8 1384.4 6227.8 16314.9 5634.3
35.8 35.6 34 41.3 58.6 75.6 103.4 115.4 149.9 158.6 179.9 105.4 146.4 233.6 489.6 792.4 2392.4 7327.6 22602.2 14407.4
37.4 33.9 41.8 41.7 47.5 75.7 111.2 112.6 132.7 171 195.9 197.9 220.1 485.5 802.5 1490.7 3203.4 8755 20981 26339.4
37 39.2 46.1 49.7 70.5 91.6 122.8 148 164.5 153.6 212 214.1 288.7 423 1094.4 2298.6 4740.7 10966.8 25642.6 34560.7
40.2 37.5 47.4 51.9 82.1 119.5 154.4 149.2 194.7 194 217.7 287.3 293.5 651 1431.9 3127.4 5910 13043.2 29061.2 41574.3
40.9 39 50.2 63.3 88.4 105.3 137.9 181.7 235.8 228.6 261.2 354.3 374.8 673.4 1570 3366.8 7266.1 14827.5 31002.9 46845.8
37.5 42.4 41.4 46.5 59.9 94.2 112.6 171 140.7 226.6 274.3 324.2 367.5 659.4 1521.8 3528.8 7030.8 15653.7 32369.1 49329.5
38.5 38.6 40.4 40.4 52.3 65.1 70.3 92.3 110.8 108.6 92.8 61.1 90.1 223.8 896.7 3190.5 7549.4 16601.9 34533.9 51697.4
35.3 33.6 39.6 38.8 40.3 54.4 70.4 89.1 83.8 77.3 95.5 77.1 86.3 149.4 905.3 3020.3 7543.4 16441.1 34139.6 52058.8
34.6 34.5 38.6 36.3 53.1 45.1 64.2 68.9 74.4 118.7 90.3 85.1 77.8 170.6 762.5 3028.9 7486.3 16192.7 33644.1 50352.6
33.8 34.7 35.8 36.2 44.8 55.1 63.4 70 103.9 77.5 105.3 74.5 73.9 221.3 741.5 2714.9 7381.9 16595.9 33852.6 50407.8
35 38.4 39.8 49.4 68.2 84.9 98.4 131.1 122 100.6 160.3 118.6 256.7 344.4 948.7 2574.3 7505.2 16771 33864.9 50661.8
37.6 40.6 53.2 64.8 97.1 115.7 173.2 205.4 237.9 257.6 277.5 407.2 508.1 675.1 872.2 2806.3 7348.7 17026 33488.9 50732.6
40.8 43.1 45 68.4 83.7 106.7 144.8 147.1 161.8 183.4 237.6 357.7 369.4 419.5 936.6 2847.8 7527.6 17154 33447.7 50739.3
42 41.2 45 47.5 49.1 49.2 55.8 58.1 61.6 48.8 78 111.9 167.8 94.8 814.9 2761.5 7754.5 16845.8 33547.6 50810.6
41.8 39.5 41 40.8 45.4 45.8 46.3 47.3 48 55.3 54.9 55.9 47 84.4 372.6 2039.6 6271.6 16182.5 33801.3 50670.6
