292.4 2085.8 8242 16460.8 32852.4 49238.7 65665.6 82076.1 98494 114881.2 131321.8 196850.2 262449.8 524871.3 1049674.9 2099668 4202519.6 8407767.1 16817329.8 25229732.7
290.4 2082.5 8228.2 16423.6 32804.6 49191.2 65578.6 81960.4 98349.9 114735 131122.9 196662.3 262217.2 524406.4 1048851.8 2098423.2 4199978.4 8403992.4 16810364.9 25217785.7
291.2 2080.7 8225.4 16417.9 32804 49192.1 65576.7 81968.9 98355.5 114747.9 131139 196663 262208.1 524386.4 1049016.1 2098685.8 4200640.8 8403805.5 16811036 25217991.1
291.2 2083.3 8228.6 16420.1 32809.2 49191 65582.3 81971.1 98363.8 114752.8 131128.5 196667.7 262235.3 524420.8 1048963.9 2099009 4200687.2 8404221.7 16811239.9 25217848.1
292.3 2082.5 8230.1 16419.5 32812.9 49196.6 65601.6 82002.9 98381.4 114768.4 131159.8 196709.7 262287.5 524507.4 1049291.7 2099740.3 4201704.9 8405260.8 16811685.6 25218355.5
291.7 2082.4 8231.9 16420.6 32822.8 49209.9 65620.4 82032.4 98427.2 114857.1 131199.2 196804.3 262373.3 524674.7 1049774.3 2100408.8 4202301.8 8405563.2 16812275.2 25220199.4
291 2087.5 8230.2 16429.8 32820.8 49231.6 65627.9 82069.4 98490 114889.2 131283.4 196896.4 262497.5 524942.9 1050429.4 2101121.3 4203215.1 8406471.6 16814757.1 25222292.9
292.9 2087.5 8245.6 16441.5 32851.5 49261.2 65697.1 82169.9 98563.3 115017.7 131353.9 197061.5 262764.9 525539.5 1051087.5 2102352.6 4205032.5 8409607 16821457.2 25231867.5
295.7 2087.6 8252.2 16448.9 32882.7 49325 65800.4 82226.7 98677.7 115120.5 131468.2 197214 263018.1 525998.3 1052039.5 2104346.8 4207518.7 8414426.7 16828849.7 25241340.5
296.6 2089 8258.3 16461.6 32890.5 49349.7 65876.1 82268.8 98742.9 115245.2 131581.1 197266.6 263062.4 526040.9 1052315.1 2105450.2 4210014.2 8417230.9 16831124.6 25252585.4
295.8 2087.2 8246.4 16458 32884.3 49301.6 65790.7 82174.3 98552.9 115202.7 131477.1 197404.8 263168.2 526510.9 1053053.2 2105418.3 4212177.5 8420930.5 16839678.5 25255778.7
298.2 2085.2 8250.1 16459.2 32861.4 49241.7 65676.7 82220.3 98617.1 115155.2 131406.6 197145.4 262991.3 525963.2 1056260.8 2110127.1 4215416.9 8430408.1 16870224.1 25316325.3
297.9 2083.5 8231 16432.3 32892.2 49323 65718.8 82033.6 98707.4 115080.8 131449.2 197556.1 262859.9 525997.8 1054959.5 2114207.4 4223629.5 8451106.7 16909995.4 25348359.8
297.4 2085.2 8268.4 16452.1 32805.3 49314.1 65716.1 82267.5 98690.7 115312.4 131832.5 197373.5 263084 526219.5 1054778.8 2116877.9 4229037.8 8470858.7 16955679.5 25410962.2
294.8 2082.2 8229.6 16458.4 32917.3 49437.7 65676.4 82299 98441.8 114870.3 131744.9 197399.8 263538.4 527097.5 1056228.2 2121190.5 4241492.7 8458690.5 16923768.4 25267851.6
299.7 2086.9 8236.1 16573.3 33000.3 49577 65939.5 82333.1 98450.3 115635 132347.2 197393.9 263514.4 528425.5 1058188.5 2120777.8 4237879.6 8449313 16862335.5 25274176.5
295.9 2092.1 8241.2 16443.9 33272.1 49306.2 65921.4 82391.6 98797.6 115659.1 131572.6 197829.2 263130.4 527129.8 1053464.7 2122112.8 4226267.1 8462265.8 16867752.2 25244588.1
298 2090.4 8242.6 16461.6 33025.6 49306.7 65896.1 82414.7 98537.2 115366.1 131790.2 197524.1 263032.1 526038.4 1057447.1 2121784 4238455.2 8464274 16871210.2 25253200.9
296.9 2089.7 8235.8 16623 33051.1 49607.2 65951.4 82648.7 99139.8 115650.9 131838.2 197950.7 265332.8 530953.5 1062827.3 2120098.6 4238873.2 8474050.1 16881569.2 25251988.8
298.9 2091.4 8251.9 16558 33217.6 49450.7 66363.4 82763.6 99254.4 115855.6 131895.6 198180 265122.3 529849.7 1060058.4 2118705.9 4249054 8463531.8 16882111 25255812.6
