315.3 2124 8318.3 16554.1 32967.5 49401.9 65878 82317.3 98771.2 115190.7 131658.9 197312.6 263044.5 525949.1 1051579.2 2102938.6 4205085.4 8410768.1 16819940.2 25231465.5
309.9 2115 8310.2 16515.3 32931.3 49353.4 65790.2 82212 98632.8 115044.5 131465.8 197128.3 262810.7 525481.8 1050840.6 2101578.3 4203221.6 8406531.8 16812972.8 25219592.7
315.4 2117.4 8303.3 16511.7 32927.3 49366.3 65782.1 82210.5 98626.6 115053.4 131465.8 197132.9 262798.3 525502.1 1050847.4 2101590.5 4203226 8406491.8 16813042.9 25219580.2
317.7 2122.9 8307 16511.9 32939.5 49361.2 65787 82215 98628.1 115050.4 131489 197135.3 262814.9 525491.7 1050841.9 2101614.3 4203216 8406438.3 16813073.1 25219506.5
316.3 2117.9 8300.5 16513.1 32936.9 49354.2 65788.6 82218.4 98636.3 115070.5 131477.6 197132.3 262803.1 525491.6 1050856.8 2101675.2 4203301.1 8406547.2 16813112.8 25219529.7
314 2114.7 8307.2 16516.5 32939.7 49356.2 65791 82224.7 98643.6 115067.9 131487.6 197169.4 262816.4 525477.6 1050894.9 2101742.6 4203424 8406644.6 16813145 25221058
317.2 2121 8303.4 16514.9 32933.2 49359.8 65791.5 82238.8 98669.7 115086.8 131484.9 197180.5 262870.8 525594.6 1051060.9 2101956.2 4204060.3 8407326.7 16815566 25223129.3
316.1 2122 8320 16530 32952.6 49376.8 65842.6 82304.2 98704.8 115189.7 131548.1 197300.3 262978 525829.2 1051551.5 2102758.1 4205500.5 8410107 16822026.1 25232675.4
313.7 2120.7 8314.9 16523.7 32962.2 49407.5 65887.8 82330.7 98773.5 115240.8 131556.9 197342 263194.7 526147.7 1052283.4 2104709.3 4207927.8 8414797.9 16829345.2 25242072.4
314.1 2115.2 8325.5 16539.6 32962.1 49451.4 65995.3 82370.1 98866.9 115358.7 131707.3 197367.2 263206.8 526287.7 1052498 2105799.9 4210432.2 8417599.9 16831538.9 25253257.6
311.9 2121 8319.8 16530.6 32992.3 49436.9 65941.2 82331.8 98732.7 115391.6 131636.5 197611.8 263431.8 526727.5 1053535.1 2105989.7 4212897.6 8421461.4 16840269.3 25256528.1
311.1 2120.5 8330.9 16549.5 32990.8 49395.1 65888.5 82436.2 98842.3 115381.3 131619.3 197359.4 263255.3 526329.6 1056771.6 2111135.4 4216347.1 8431282.7 16871230.2 25317325
312 2122.4 8311.9 16530.2 33013.1 49495.1 65922.4 82273.4 98958.1 115349.5 131689.7 197869 263142 526387.4 1055404.2 2115447.3 4224728.5 8452269.1 16911182.6 25349335.6
309.4 2123.3 8343.3 16545 32942.1 49479.1 65905.5 82501.5 98949.4 115576.9 132126.1 197679.1 263415.1 526722 1055517.2 2118137.7 4230168.9 8472108.4 16956886.8 25412261.1
306.7 2114.6 8308.1 16546.2 33042.2 49605.4 65882.5 82531.9 98709.2 115163.1 132029.3 197767.5 263863.1 527660.1 1057286.9 2122735.4 4242932.4 8460221.1 16925330.6 25269403.4
312.4 2118.6 8297.8 16667.3 33100.6 49700.9 66102.7 82571.9 98693 115887.6 132526.3 197641.2 263840.9 529036.4 1059209.7 2122177.1 4239281.3 8450615.4 16863710.5 25275729.1
310.4 2118.2 8305.4 16522.2 33349.7 49402.9 66012.5 82479.2 98871 115738.2 131683.8 197934 263233.8 527349 1053937.7 2122925.6 4226792.3 8462916.3 16868801.2 25246190.1
311.5 2118.5 8305.6 16534.2 33110.6 49410.9 66041.4 82559.5 98687.7 115462.6 131886.2 197649.7 263240 526207.5 1058219.5 2122963.1 4239227.3 8464857.7 16872325.6 25254609.1
309.9 2124.1 8307 16708.9 33160.1 49767.9 66155.8 82876.1 99368.7 115979.4 132167.2 198320.5 265850.6 531810.9 1064307.9 2121247.5 4239612.2 8474662.6 16882496.5 25253059.9
311.4 2118 8323.2 16646.5 33344.2 49608.9 66568.7 83012.3 99536.3 116168 132131.4 198600.9 265722.5 530971.1 1061965.7 2120230.5 4249965.6 8464284.5 16882880 25256880.8
