416.7 612.7 492.1 469.1 470.3 569.2 604.8 553.8 570.4 534.3 540.9 740.8 693.4 603.2 647.7 562.2 650 701.7 800.3 341.4
11981.2 14092746.6 9951.6 6313.7 14092231.1 11955.5 14089667.4 6192.4 14093054.5 13871051 7403 11775.5 6090.5 11545.8 7914 9663.6 10424.8 14095540.4 9081.7 29824017.1
503297232.3 503317185.5 500173582.8 503317022.1 500931690.3 500545049.7 503257223.9 503297233.3 503296370.5 503316658.3 500202628.3 503276173.4 500156327.5 503315739.7 503314709.1 503315258.2 503314036.1 503294140.9 503274516.5 503298157.8
503317293.2 503317294.4 503317299.2 503317295.1 503317291 503317293.8 503317286.8 503317287.7 503317291.6 503317298.2 503317287.1 503317315.4 503317287.7 503317270.4 503317274.1 503317286.3 503317288.8 503317302.1 503317291.8 503317279.2
503317189.1 503317175.9 503317179.7 503317204.8 503317179.3 503317174.7 503317217.8 503317186.5 503317180.1 503317184.5 503317195.4 503317176.5 503317192.1 503317187.2 503317187.3 503317186.8 503317186 503317196.3 503317197.1 503317189.9
503317393.6 503317581.4 503317721.8 503317612 503317543.7 503317554 503317388.7 503317388.1 503317421.6 503317384.7 503317596.6 503317462.4 503317724.2 503317518.3 503317445.4 503317298.7 503317402.5 503317564.3 503317670.5 503317543.7
503399324.8 503399828.2 503399509.3 503399060.8 503399014.1 503399133.9 503399139.2 503398640.3 503398940.1 503398996.5 503399072.5 503399401.5 503398745 503398728.4 503398951.2 503398813.1 503399070.2 503398743.4 503399055 503398424.8
504308260.7 504308270.4 504308296.6 504308390 504308529.9 504308312.1 504308381 504308317.7 504308378.8 504308389.7 504308297.6 504308770.6 504308687.9 504308764.3 504308472.3 504308785.5 504308724.1 504308820.4 504308927.1 504308359.5
504308397.6 504308216 504308928.8 504308453 504308243.9 504308249.6 504308545.8 504308143.9 504308033.1 504308168.3 504308334.2 504308807.6 504308605.5 504308547.2 504308162.4 504309071 504308321.7 504308324.5 504308567.6 504308899.2
504243471.7 504243162.7 504243524 504243785 504242609.4 504243167.2 504242433.1 504243052.6 504243776.3 504242994.5 504243534.1 504243687.2 504243816 504244612.6 504243796.7 504243087.6 504243377 504244431.7 504243643.6 504243077.8
504309307.7 504309001.1 504310371.1 504309648.1 504309904.6 504308913.5 504309240 504309555.9 504309149.7 504309321.7 504310237.6 504310816.5 504310114.7 504309688.7 504308700.2 504310037.4 504309923 504309167.6 504309211.4 504309315.6
504314588.2 504315231.4 504314727.3 504315678.1 504315596.2 504315690.9 504314493.1 504315234.4 504314355.4 504316047.3 504314354.7 504314286.6 504315213.8 504314714.3 504313907.3 504314715.7 504313854.9 504316729.4 504314675.3 504315981.5
504322032.3 504322793.2 504320767.2 504322689.7 504322880.9 504322696.1 504322632.9 504323487.5 504322283.9 504322136.6 504324413.1 504325380.5 504321714.5 504325688.4 504323515.4 504324397.4 504323680 504322945.3 504322569.7 504323393.8
504352258.8 504354591.1 504353309.9 504354513.7 504359720.2 504353299.9 504351833.3 504352352.8 504355249.7 504356658.8 504359710.9 504356569.6 504356766.2 504351755.1 504353246.5 504352959.3 504355778.4 504352514.3 504351802.2 504357253.7
504376944.1 504375050.8 504374370.1 504373982 504374113 504375686 504376413.6 504374740.1 504377954.6 504375516.4 504374645.5 504377395.1 504377091 504374140.6 504375700.5 504378468.3 504379006.8 504377824.1 504376453.3 504375278.9
504372516.3 504370389.6 504383126.5 504374744.7 504375644.7 504378995.6 504387145.6 504385773 504377591.7 504377020.3 504369069.1 504372285.1 504382224.8 504379861.6 504368815.7 504364710.7 504378003.9 504376755.3 504382717.3 504370024.5
504340472.3 504352148.2 504344175.7 504348347.5 504348886.4 504349557.2 504349125.3 504346638.4 504359450.5 504346866.9 504351594.7 504340315.2 504349294.7 504338703.1 504352902.9 504343181.1 504350842.3 504348023 504339736.4 504335279.6
504347070.7 504356299.7 504356414.2 504351988.9 504348779.1 504353272.2 504353106.7 504368180.8 504368242.8 504351634.4 504362534.9 504349168.6 504359015.6 504348222.8 504354619.9 504364218.2 504370892.3 504355100.2 504367168.7 504348542.4
504382618.9 504375839.9 504381078.7 504377973.7 504389928.3 504391468.1 504386163.6 504385067.2 504391683.2 504379169.8 504367763.1 504384969.4 504377382.3 504388403.1 504380503.5 504386784.8 504389858.7 504384505.8 504384414.6 504372708.2
504379201.5 504389110.6 504392083 504391287.5 504390965.4 504390832.8 504388639.4 504389295.3 504390103.4 504363847 504379264.1 504390166.3 504388492.2 504388439.5 504389951 504390058.4 504389973.5 504390479.8 504390112.7 504375120.6
