55.9 58.1 68.1 85.8 117.8 162.6 193.2 230 277.4 306.3 323.9 454.8 601.3 1121.5 2166 4242.9 8365.1 16643.9 33081 49405.2
50.8 54.3 72.1 89 124.6 152.3 198.3 230.3 272.8 306.8 332.6 452.8 596.3 1113.8 2169 4234 8360.8 16563.7 32975.6 49396
54.5 60.5 69.7 86.3 122.1 154.9 196.5 242.4 274.6 298.3 329.1 453.6 599.5 1116.1 2163.7 4244.9 8364.3 16560.9 32989.1 49394.7
49.8 59.7 74.4 84.7 125.9 152 195.1 240.4 267.2 293.6 328.3 464.5 597.1 1116.2 2169.2 4242.6 8346.4 16558 32973.5 49395.1
53.1 52.8 72.7 84.9 118.6 160.9 194.7 230.5 260.8 297.8 327.6 477.9 592.1 1111.3 2155 4248.4 8355.4 16560.1 32981.3 49397.1
56.1 58.8 70.8 88.6 120.2 161.3 198.5 230.8 265.2 299.7 324.8 473.8 593.7 1115.7 2156.4 4243.2 8350.2 16567.3 33006 49399.6
58 56.1 71.6 88 117.6 152.9 199.7 233 266 293.9 338.3 465.7 598.3 1131.6 2161.1 4271.1 8373.4 16588.9 33011.7 49464.9
60.5 62 77.2 92.3 123.9 161.6 200.2 241.6 277.2 304.5 351.3 477.3 608.9 1139 2203.6 4306.3 8728.9 16852 33529.3 49680.5
56.4 57.1 73.9 89.5 131.4 175.5 213.6 259 309.2 331.6 362.1 486.7 645.1 1178.2 2236.9 4509.9 8714.7 16981.1 34332 50347.5
57.3 57.6 71 90.1 132.1 168.9 221.2 273.3 309 330.8 377 510.1 638.9 1171.2 2238 4415.8 8887.5 17562 34095.7 50763.5
58.1 59.6 67.9 89.5 120 165.3 210.4 254 292.2 324.2 371.3 518.8 651.9 1195.3 2252.9 4451.6 8714.6 17406.6 34521.6 51454.6
60.6 59.3 68.7 89.1 123 157.8 197.7 233.5 277.6 311.1 343.9 458.2 605.1 1125.2 2214.5 4452.8 8797.6 17539.9 35064.4 51893.5
52.4 58.6 78.2 91.9 123.3 154.6 197.1 235.1 266.4 300.5 335.6 469.6 599.6 1129.9 2228.8 4396.9 8753.3 17460.7 34643.5 52200.2
54 57 74.3 87.8 121.8 152.9 204.3 242.9 266.7 304.4 331.6 466.6 605 1128.1 2208.6 4421.6 8764.6 17146.6 34122.7 50441.9
57.5 58.8 71.6 89.7 127.8 161.4 192.2 232.8 266.6 294.6 332.4 483.2 600 1126.1 2204.9 4436.5 8836.4 17589.1 34242.1 50455.1
57.8 60.2 70.4 90.7 121.8 160.6 199.8 238 268.5 305.5 357.5 475.2 624.9 1149.6 2221 4428.2 8919.8 17789.3 34492.8 50774.7
53.2 56.4 72.6 88.9 122.8 164 200.5 248.8 280.5 323.2 359.6 531.4 659.8 1181 2223.5 4455.8 8931.1 17805.7 34284 50887.3
51.9 61.3 69.9 88.3 119.4 157.5 193.2 240.3 278.4 321.4 367.7 520.1 645.2 1154.2 2224.4 4446.8 8929.7 17856.7 34755.3 50878.7
59 60.4 78.1 86.9 125.4 163 202.7 232.1 266.4 304.2 333.8 487.1 615.3 1131.5 2209.4 4452.2 8944.9 17896.9 35556 51055.7
58.2 60.4 72.2 91 126.8 162.8 198.6 233.8 270.4 305.7 335.9 475.5 599.2 1121.7 2179.8 4393 8850.1 17816.1 35663.9 50962.9
