349.4 385.3 533.9 483.5 541.4 584.5 730 808.7 1026.9 956 1140.8 1062.5 1338.8 1973.8 3726.7 5438.7 8677.9 18206.6 33918.7 50393.1
14089503.1 56146208.5 10972.8 27953013.9 7368.9 5934.3 233211.8 6902.6 232727.2 15736669.1 14086978 11997.1 8206.2 8714.3 9003.3 8907.9 15737353.7 11158.6 235639.5 13014.4
503278161.1 503317264.1 503297801.3 503277328.6 503317271.4 494261285.7 500918599.9 503277802.6 503297071.1 500539079.8 503277219.9 503297258.1 503277541.9 500559231.1 500950960.5 503296258.1 503294499.7 503314331.7 503293589.6 500852114.7
503317307 503317291 503317288.9 503317290.6 503317298.8 503317287.6 503317269.4 503317297.6 503317298 503317288.8 503317290.8 503317308.7 503317281.4 503317300 503317301.6 503317317.3 503317324 503317342.8 503317304.6 503317453.6
503317180.6 503317175.5 503317194.2 503317176.7 503317192 503317191.5 503317183.6 503317192 503317182.4 503317183.1 503317180 503317191.4 503317175.1 503317184.9 503317200.5 503317239.5 503317244.9 503317225.5 503317235.3 503317393.5
503317551.8 503317393 503317406.9 503317568.8 503317436.7 503317270.3 503317397 503317256.1 503317436.6 503317263.6 503317528.6 503317556.3 503317783.9 503317406.5 503317548 503317312 503317328.1 503317857.3 503317745.4 503318183.8
503400073.7 503399390.9 503399837.4 503399009.6 503398967.6 503398815.7 503399782.7 503398680.3 503399164.9 503400288.3 503398728.2 503399620.8 503399695.6 503400150.9 503400354.1 503399549.4 503399467.5 503399306.1 503399910.4 503400588.1
504308587 504308622.5 504308687.2 504308870.7 504308305.4 504308366.7 504308333.1 504308404.2 504308604.5 504308504 504308326.3 504308775.7 504308429.9 504308938.7 504308428.5 504308876.1 504308404.5 504308636.4 504308958.2 504309609
504308779.8 504308492.7 504308053.7 504308500.9 504308543.2 504309239.9 504308412.7 504308245.5 504308567.4 504308308.9 504308673.3 504308275.2 504308784 504308743.2 504308634.2 504308876.1 504309858.6 504309607.2 504310622.8 504312632.3
504243247.8 504243221.5 504243938.5 504242932.8 504242933.9 504243380.4 504243362.8 504243665.1 504242662.2 504243740.2 504243583.6 504243093.3 504244386 504243565 504244023.8 504246036.9 504245750.3 504247713.8 504252607.4 504252956.5
504309631.7 504309641.5 504309644.9 504309950.2 504310742.7 504308993.4 504310475 504309633.7 504309733.8 504310079.7 504309721.7 504309946.1 504310390.4 504310703.9 504311701.9 504313152.7 504315702.8 504321025.8 504328664.5 504336857.8
504314237.5 504315058.6 504314781.1 504314904.1 504314883.2 504314693.7 504315359 504316870.4 504314917.1 504315670.5 504315040.6 504316190.3 504316563.8 504316820.5 504322499.5 504325440.2 504332628 504346385.7 504387920.2 504439025.4
504323297.5 504324028.6 504323719.6 504325607.1 504321966.6 504324466.5 504322131.8 504323008.1 504323745.6 504324410.2 504324178.9 504324885 504321889.7 504324575 504327740.7 504338262.5 504350724.5 504382090.5 504449272.5 504490831
504351936.6 504353288 504354149.2 504352755.2 504353170 504351166 504354116 504354140.1 504351209.9 504355681.1 504354451.1 504356272.4 504352997.1 504352277.1 504360156.9 504370473.7 504384429.8 504424595.3 504509880.6 504563741
504377517.3 504376711.4 504376314.2 504375057.6 504373703.9 504376932.5 504375050.4 504375034.2 504377437.4 504374019.3 504374875.3 504377668.8 504375310.9 504378344.6 504381990.2 504397124.8 504415682.7 504431805 504491433.8 504425379.7
504374054 504368151.5 504378056.3 504380076.3 504369297.8 504373234.3 504375492.4 504370819.7 504378291 504387076.2 504368489.5 504376967.3 504371458.5 504373734.2 504381927 504398677.3 504411148.5 504419392.6 504431892.2 504437239.9
504357502.8 504358845.2 504351581.1 504347581.5 504331167.7 504345635.8 504338896.8 504341912.9 504332222.6 504346076 504349974.5 504359496.6 504345865.2 504344699.8 504330829.1 504371743.2 504370182.8 504404310.2 504405155.7 504371518.5
504342065.5 504348156.1 504355692.3 504334546.7 504351764.1 504351149.4 504357996.9 504351680.9 504354104.9 504353699.3 504351455.7 504352261 504350193.9 504348648.2 504379635.2 504371934 504384913.7 504425321.2 504433020.8 504391501.1
504359040.9 504380510.2 504377278.4 504380034.5 504381419.2 504383578.4 504390339.8 504384507.1 504384654.1 504390662 504384198.9 504385165.8 504389201.8 504396268.6 504398518.6 504402514.6 504407493.1 504445580.2 504448463.6 504418908.5
504373949.9 504389128.4 504390244.6 504390879.4 504389389.1 504390390.5 504391747.5 504390971.4 504392058.7 504390413.3 504390443.5 504391984.9 504394798.5 504397922.8 504398709.5 504410051.6 504432062.9 504443302.1 504460485.9 504432431.6
