16,16,t,649181637,346,264,8203,318,295
16,16,n,644251857,677,590,9926,58,37
16,128,t,761242753,482,383,51684,2134,2104
16,128,n,759503914,645,559,54410,51,34
16,512,t,643940730,1038,971,188047,8314,8245
16,512,n,644198379,475,352,214138,76,37
16,1024,t,767082401,581,518,360202,16539,16423
16,1024,n,643101761,482,409,426331,83,37
16,2048,t,647267871,752,648,704176,33015,32883
16,2048,n,644827571,436,354,852747,107,59
16,3072,t,643933503,618,525,1041678,49425,49250
16,3072,n,643675785,512,438,1281198,156,100
16,4096,t,655083288,913,785,1394354,65905,65690
16,4096,n,642113312,519,445,1701249,197,129
16,5120,t,643459528,758,694,1725792,82322,82075
16,5120,n,707838040,440,343,2130198,228,140
16,6144,t,656806374,1435,1374,2074948,98826,98539
16,6144,n,737175920,538,459,2604014,269,86
16,7168,t,767159620,1080,975,2420789,115239,114928
16,7168,n,659809720,523,461,2974008,293,185
16,8192,t,764178151,1085,1006,2759324,131681,131321
16,8192,n,639750635,843,743,3414730,326,92
16,12288,t,643333150,1142,1066,4485354,197232,196951
16,12288,n,759120216,1736,1716,5103579,459,177
16,16384,t,642482103,1251,1181,5629782,262995,262463
16,16384,n,646451517,323,256,6765586,600,42
16,32768,t,648037604,784,715,10916048,525607,524643
16,32768,n,644095155,540,434,13476472,1162,483
16,65536,t,757127938,2284,2189,21892034,1051067,1050013
16,65536,n,640030324,448,368,26759085,2170,126
16,131072,t,652714733,6290,6191,43054443,2101518,2101188
16,131072,n,647167444,589,510,53475221,4231,270
16,262144,t,756797974,8092,7988,85568605,4203377,4202346
16,262144,n,677025885,669,538,106610721,8383,2104
16,524288,t,664821138,17493,17361,170092834,8405601,8405125
16,524288,n,679077875,448,362,212925332,16541,7375
16,1048576,t,714739298,29417,29316,337152752,16821340,16819118
16,1048576,n,637127267,888,806,425745953,33150,20548
16,1572864,t,693468132,50360,50246,505089184,25216421,25215436
16,1572864,n,645406861,326,281,639109771,49412,419
128,16,t,1505898145,157285684,2048,8450,306,291
128,16,n,1091023666,6200,2048,8813,50,32
128,128,t,1090998401,19700,2053,49779,2113,2083
128,128,n,1460688666,140812419,2802,55940,49,33
128,512,t,1091084853,21431,2259,192632,8287,8219
128,512,n,1091180383,19697,3041,214398,84,41
128,1024,t,1091158500,25353,2120,359741,16526,16421
128,1024,n,1091301484,9129,5439,424497,85,62
128,2048,t,1090905581,15705,2654,694018,32928,32804
128,2048,n,1091000064,9235,4174,858434,129,65
128,3072,t,1460683132,140817266,2187,1030955,49354,49195
128,3072,n,1091226397,6626,5256,1272924,147,94
128,4096,t,1099371296,2262393,2053,1372145,65791,65586
128,4096,n,1091247418,5037,3440,1704754,203,88
128,5120,t,1091107752,14522,2214,1725909,82204,81961
128,5120,n,1091174062,6425,3596,2138291,228,122
128,6144,t,1091043338,3441,2364,2067293,98625,98337
128,6144,n,1091236822,7159,4770,2595811,268,179
128,7168,t,1091127431,3580,2099,2413926,115040,114726
128,7168,n,1091181852,5758,2949,2967001,296,162
128,8192,t,1091140975,5752,2057,2760753,131468,131142
128,8192,n,1091256194,6142,3149,3426577,328,121
128,12288,t,1090908031,4315,2620,4117956,197119,196652
128,12288,n,1090884516,4191,2048,5098308,461,143
128,16384,t,1090977080,5933,2303,5536646,262809,262194
128,16384,n,1091000274,2689,2051,6763732,607,293
128,32768,t,1090863046,2806,2105,10780985,525496,524391
128,32768,n,1091134091,7161,4797,13544263,1118,192
128,65536,t,1091316945,4379,2380,21823023,1050901,1049639
128,65536,n,1091170458,6842,5146,26796821,2170,57
128,131072,t,1091351085,4702,3977,42888475,2101579,2099116
128,131072,n,1091140721,9754,4890,53519575,4251,106
128,262144,t,1455712202,138628400,3073,85462735,4203059,4202344
128,262144,n,1091257009,7143,5476,106663199,8350,681
128,524288,t,1091333395,6609,4765,169351590,8406735,8405084
128,524288,n,1091211146,10009,5682,213093851,16565,7941
128,1048576,t,1091590328,18448,2107,337617138,16813023,16811895
128,1048576,n,1091176142,5927,4838,425664642,32981,22690
128,1572864,t,1092583622,7318,6084,504584077,25218372,25217438
128,1572864,n,1091113629,3095,2048,639071386,49397,320
512,16,t,2396484549,503121854,8570,7570,308,288
512,16,n,2397016142,503317558,8194,9236,51,35
512,128,t,2396975968,503317616,8428,52535,2113,2081
512,128,n,2396984104,503317539,8192,58180,57,36
512,512,t,2396457766,503121424,8502,194666,8298,8223
512,512,n,2397008359,503316064,8192,211601,74,37
512,1024,t,2396448103,503116362,9192,384207,16510,16422
512,1024,n,2397023806,503317587,8628,427357,93,34
512,2048,t,2396966509,503317647,8324,768300,32917,32806
512,2048,n,2397000023,503317553,8459,857901,111,33
512,3072,t,2317406514,471897745,8985,1138615,49370,49183
512,3072,n,2397024251,503317091,8772,1269418,150,35
512,4096,t,2397064374,503317630,8628,1531996,65770,65576
512,4096,n,2396435298,503117977,8958,1710030,200,40
512,5120,t,2396967504,503317639,8203,1886420,82208,81988
512,5120,n,2327516588,475800048,8196,2145141,256,95
512,6144,t,2396994973,503317641,8193,2251410,98626,98353
512,6144,n,2396994613,503317544,8281,2576115,280,169
512,7168,t,2396986549,503317553,8207,2658360,115040,114783
512,7168,n,2397005618,503317534,8344,2983019,290,121
512,8192,t,2396991876,503317661,8225,3020275,131481,131199
512,8192,n,2396962172,503317580,8275,3412400,325,87
512,12288,t,2397052355,503317599,8223,4407216,197146,196807
512,12288,n,2397029385,503317489,8316,5111915,450,33
512,16384,t,2397117751,503317609,8990,5888446,262827,262560
512,16384,n,2396999897,503317541,8265,6763579,604,58
512,32768,t,2397122010,503317564,12712,10799862,525498,524354
512,32768,n,2397361917,503317193,25633,13527315,1106,111
512,65536,t,2397378370,503317271,20669,21813038,1050923,1049970
512,65536,n,2397371990,503315891,23896,26775071,2157,121
512,131072,t,2397604964,503317354,28193,42777805,2101536,2098131
512,131072,n,2397770579,503315682,44403,53481162,4253,402
512,262144,t,2398107882,503315107,46256,85334100,4203310,4202138
512,262144,n,2397876035,503316710,43694,106574635,8349,1452
512,524288,t,2398901627,503312374,38976,169205499,8405887,8405460
512,524288,n,2398339570,503314058,50163,212956119,16566,7492
512,1048576,t,2399753771,503312316,58731,336878240,16813146,16812503
512,1048576,n,2398406486,503317313,14196,426035888,32997,1306
512,1572864,t,2400081266,503120506,51740,504323511,25219434,25217780
512,1572864,n,2398950880,503317546,8603,639147068,49410,490
1024,16,t,2397178188,503317358,16951,8837,320,298
1024,16,n,2397175541,503317298,18024,9105,46,35
1024,128,t,2397129585,503317291,17130,50669,2118,2086
1024,128,n,2397147912,503317273,17340,56705,62,37
1024,512,t,2397118684,503317327,16555,198891,8309,8232
1024,512,n,2397151918,503317310,17585,216248,78,41
1024,1024,t,2397118696,503317286,16457,394124,16504,16417
1024,1024,n,2397127607,503317276,16525,423058,84,42
1024,2048,t,2397155314,503317332,16905,744333,32924,32807
1024,2048,n,2397161243,503317300,17471,855275,143,57
1024,3072,t,2397080851,503317294,16439,1124472,49359,49188
1024,3072,n,2397146014,503317359,17472,1275583,154,78
1024,4096,t,2397115880,503317282,16389,1516311,65760,65579
1024,4096,n,2397133425,503317281,16947,1700525,197,104
1024,5120,t,2397115897,503317276,16504,1912207,82219,81982
1024,5120,n,2397131166,503317270,16705,2126273,249,62
1024,6144,t,2397165470,503317283,16489,2297373,98630,98395
1024,6144,n,2397152416,503317261,16662,2573008,271,186
1024,7168,t,2397142979,503317292,16690,2689299,115046,114782
1024,7168,n,2397182788,503317296,17104,2991256,283,137
1024,8192,t,2397145472,503317294,16958,3070074,131493,131166
1024,8192,n,2397144443,503317291,16965,3417748,324,42
1024,12288,t,2397188746,503317300,16449,4513867,197159,196916
1024,12288,n,2397184300,503317320,17960,5110947,479,61
1024,16384,t,2397256695,503317301,17463,5887169,262827,262583
1024,16384,n,2397195723,503317274,17944,6746441,602,37
1024,32768,t,2397281292,503317315,18177,11163645,525522,525226
1024,32768,n,2397602438,503317307,42684,13501457,1101,315
1024,65536,t,2397767671,503317372,40838,21740530,1050856,1050503
1024,65536,n,2397775012,503317293,49708,26752498,2185,148
1024,131072,t,2397911696,503317383,40685,42976432,2101762,2101409
1024,131072,n,2399046871,503317311,119081,53473159,4245,410
1024,262144,t,2398939011,503317376,80775,85407187,4203065,4202560
1024,262144,n,2399472086,503317302,134856,106539042,8355,3082
1024,524288,t,2399239995,503317527,49778,169476020,8405583,8405182
1024,524288,n,2399150247,503317289,101528,213120898,16572,6824
1024,1048576,t,2401291651,503317323,149394,337059550,16813062,16811849
1024,1048576,n,2399341840,503317314,69952,425719282,32949,21156
1024,1572864,t,2401479860,503317955,19690,504722532,25216430,25215520
1024,1572864,n,2399123213,503317291,17960,638947210,49388,1397
2048,16,t,2397495993,503317175,35576,7495,318,290
2048,16,n,2397473227,503317193,35187,9066,61,38
2048,128,t,2397449855,503317188,35331,51587,2108,2088
2048,128,n,2397503275,503317182,36296,56963,43,29
2048,512,t,2397514204,503317179,36470,197204,8297,8232
2048,512,n,2397499627,503317183,34954,214866,67,35
2048,1024,t,2397517510,503317187,36524,397236,16520,16421
2048,1024,n,2397484195,503317147,35293,421600,95,41
2048,2048,t,2397442292,503317190,34628,785757,32937,32816
2048,2048,n,2397509702,503317143,36290,846688,122,34
2048,3072,t,2397484932,503317203,35149,1173092,49345,49206
2048,3072,n,2397461395,503317178,35185,1277429,160,65
2048,4096,t,2397398335,503317222,33370,1573306,65778,65655
2048,4096,n,2397467381,503317349,34676,1714038,214,114
2048,5120,t,2397455621,503317198,33896,1953809,82237,82059
2048,5120,n,2397426082,503317189,35509,2138439,228,107
2048,6144,t,2397454719,503317239,35212,2336728,98668,98440
2048,6144,n,2397529659,503317180,36183,2566857,260,70
2048,7168,t,2397510059,503317246,36210,2709890,115075,114898
2048,7168,n,2397561356,503317180,37664,2992646,298,46
2048,8192,t,2397513998,503317216,35508,3094456,131472,131205
2048,8192,n,2397523176,503317198,35949,3420399,330,51
2048,12288,t,2397493308,503317240,34031,4507808,197168,196964
2048,12288,n,2397527902,503317194,37508,5106785,469,63
2048,16384,t,2397835223,503317221,33744,5803946,262832,262613
2048,16384,n,2398948966,503317164,126500,6790883,586,206
2048,32768,t,2398289382,503317187,82393,10771540,525504,524662
2048,32768,n,2397589000,503317162,37478,13480359,1102,157
2048,65536,t,2397776476,503317242,36859,21709779,1050854,1050707
2048,65536,n,2399030230,503317176,126294,26894737,2170,327
2048,131072,t,2398687696,503317203,91880,42769104,2101744,2100948
2048,131072,n,2399327835,503317161,142843,53450097,4244,424
2048,262144,t,2399670842,503317224,139550,83879760,4203332,4201321
2048,262144,n,2399738278,503317194,154141,106771182,8355,948
2048,524288,t,2399704488,503317231,106647,169019055,8406625,8405333
2048,524288,n,2399725210,503317195,129645,212961822,16553,6617
2048,1048576,t,2401247863,503317262,145439,336257614,16813230,16811623
2048,1048576,n,2399643426,503317193,83428,426217300,32999,856
2048,1572864,t,2402239715,503317195,138880,504210591,25219795,25218541
2048,1572864,n,2399469731,503317178,36921,638987797,49380,5042
3072,16,t,2397843155,503317271,54864,7845,315,291
3072,16,n,2397892749,503317264,56155,8805,57,38
3072,128,t,2397810785,503317238,54189,49857,2117,2079
3072,128,n,2397876653,503317222,55439,57059,56,37
3072,512,t,2397855420,503317243,54998,202112,8305,8233
3072,512,n,2397851048,503317260,55083,211481,72,36
3072,1024,t,2397756564,503317203,53794,394955,16520,16423
3072,1024,n,2397867632,503317228,56390,427985,80,40
3072,2048,t,2397852260,503318732,55147,796602,32927,32823
3072,2048,n,2397761068,503317266,52493,850673,118,49
3072,3072,t,2397757090,503317291,53358,1207867,49369,49241
3072,3072,n,2397773067,503317283,54435,1278805,159,75
3072,4096,t,2397812796,503317216,55199,1584622,65787,65639
3072,4096,n,2397782911,503317227,54370,1717020,206,113
3072,5120,t,2397867307,503317277,55871,1977539,82230,82084
3072,5120,n,2397862248,503317270,55265,2142819,234,45
3072,6144,t,2397982415,503317295,58663,2319311,98656,98431
3072,6144,n,2397891852,503317242,56248,2577185,259,42
3072,7168,t,2397914961,503317326,56005,2728451,115081,114909
3072,7168,n,2397909186,503317247,55119,2998365,301,58
3072,8192,t,2397949792,503317252,54947,3056697,131487,131322
3072,8192,n,2397985245,503317249,59963,3421810,317,63
3072,12288,t,2397922652,503317302,55387,4440723,197188,197110
3072,12288,n,2397966262,503319283,55062,5092762,474,48
3072,16384,t,2398002139,503317267,56348,5739150,262840,262729
3072,16384,n,2397835863,503317345,54691,6789908,588,113
3072,32768,t,2397911416,503317241,54915,10825921,525479,524763
3072,32768,n,2398561912,503317245,96954,13495179,1115,169
3072,65536,t,2399366059,503318510,132593,21524155,1050927,1050240
3072,65536,n,2399724874,503318803,164980,26849598,2162,576
3072,131072,t,2399449621,503317381,119853,42774192,2101562,2101341
3072,131072,n,2400059258,503317261,182143,53460463,4228,989
3072,262144,t,2399839702,503317369,116784,85103782,4202932,4202724
3072,262144,n,2400513421,503318495,196017,106723452,8353,2567
3072,524288,t,2400332664,503317369,125746,168936451,8406484,8406146
3072,524288,n,2400596422,503317319,178607,213066314,16582,7378
3072,1048576,t,2401462107,503317302,127710,336577999,16813116,16812785
3072,1048576,n,2400410523,503318557,117364,425934075,33161,21903
3072,1572864,t,2403406475,503317453,164091,503942793,25218962,25218383
3072,1572864,n,2399969187,503317250,57912,638595153,49414,16322
4096,16,t,2399000290,503401055,75714,8405,319,287
4096,16,n,2399025700,503397809,80809,8426,56,39
4096,128,t,2400070873,503401587,133868,51660,2122,2082
4096,128,n,2398983030,503400318,75854,53948,63,37
4096,512,t,2399276231,503397862,92829,203803,8317,8241
4096,512,n,2660654178,503401528,16785122,221750,75,33
4096,1024,t,2398929914,503399076,77384,401308,16505,16446
4096,1024,n,2528656975,503398819,8434070,428691,83,27
4096,2048,t,2398981118,503399413,77145,812658,32951,32819
4096,2048,n,2405079350,503397884,212670,854154,130,39
4096,3072,t,2399043829,503400261,78519,1205436,49362,49219
4096,3072,n,2398999639,503397854,78368,1274342,141,96
4096,4096,t,2401707991,503401114,191037,1600450,65798,65621
4096,4096,n,2399005469,503399070,77324,1708929,199,102
4096,5120,t,2399070979,503398915,79677,1954351,82263,82128
4096,5120,n,2398931599,503399135,74033,2137632,231,65
4096,6144,t,2399167927,503400328,82982,2329599,98683,98611
4096,6144,n,2399099614,503398940,81439,2585504,268,122
4096,7168,t,2399356744,503399129,94974,2715311,115067,114979
4096,7168,n,2399063953,503398907,82524,3004940,284,201
4096,8192,t,2400289580,503400309,137586,3102546,131484,131361
4096,8192,n,2399351190,503398885,93395,3435820,321,73
4096,12288,t,2529851232,503401590,8459937,4486404,197187,197013
4096,12288,n,2399030676,503399280,79834,5125663,458,241
4096,16384,t,2545218821,503400873,9070741,5550230,262950,262490
4096,16384,n,2399073200,503397749,81893,6804434,596,262
4096,32768,t,2399042968,503397799,77407,10807086,525522,524708
4096,32768,n,2553118506,503399113,9911178,13557205,1122,413
4096,65536,t,2538654998,503400208,9000049,21786092,1051065,1050864
4096,65536,n,2401508652,503399235,233238,26852474,2161,499
4096,131072,t,2401304488,503397658,195531,42555888,2101759,2100988
4096,131072,n,2400956355,503397886,192006,53411010,4243,1429
4096,262144,t,2401553649,503398958,183930,84891751,4203351,4203039
4096,262144,n,2401735249,503399043,223219,106533284,8359,3925
4096,524288,t,2406662658,503398111,399388,169706356,8406091,8405785
4096,524288,n,2402319365,503397882,234924,212970922,16567,9271
4096,1048576,t,2403552102,503399035,188226,336363288,16813219,16812835
4096,1048576,n,2401472855,503398990,136367,426021234,32981,12134
4096,1572864,t,2412492546,503399314,584309,505523283,25223799,25223252
4096,1572864,n,2401161120,503397724,82493,638336819,49403,26942
5120,16,t,2772112721,504308343,19446913,9026,324,293
5120,16,n,2514749984,504308089,6820733,9035,60,37
5120,128,t,2735483778,504308260,21006241,53522,2118,2082
5120,128,n,2407982389,504308002,117754,55802,57,38
5120,512,t,2617928635,504308221,13505662,211644,8331,8262
5120,512,n,2749233829,504308508,21769770,218338,81,32
5120,1024,t,2832179808,504308618,27018483,416578,16527,16425
5120,1024,n,2593751575,504308134,12005851,431973,99,42
5120,2048,t,2439601477,504308072,2046245,825176,32935,32809
5120,2048,n,2625717340,504308160,13995511,869270,116,89
5120,3072,t,2620176695,504308136,13558827,1094604,49340,49255
5120,3072,n,2532094157,504308147,7991396,1303852,161,141
5120,4096,t,2513113151,504308193,6817603,1447664,65782,65636
5120,4096,n,2773162386,504308493,22275963,1738909,208,139
5120,5120,t,2503993917,504308300,5970926,2020960,82250,82101
5120,5120,n,2688924233,504308329,15500671,2179135,235,162
5120,6144,t,2631211132,504308219,14347371,2138787,98758,98594
5120,6144,n,2523437396,504308097,7204938,2613359,281,179
5120,7168,t,2495999050,504308459,5413516,2749240,115457,115147
5120,7168,n,2743677674,504308336,21459448,3038544,310,185
5120,8192,t,2546645568,504308120,7591024,2863833,131581,131428
5120,8192,n,3102341091,504308611,44316280,3529303,352,257
5120,12288,t,2645085647,504308218,15156530,4203016,197316,197074
5120,12288,n,2776585870,504308357,23774426,5201510,481,307
5120,16384,t,2913335784,504308456,29033071,5649311,263161,262809
5120,16384,n,3015755752,504308770,35117248,7032086,800,564
5120,32768,t,3103063348,504308641,43997691,11329589,526295,525923
5120,32768,n,2777072030,504308534,23528136,13634141,1120,693
5120,65536,t,3109668576,504308659,42284411,22356564,1051983,1051355
5120,65536,n,2974632331,504308713,36115486,27377060,2237,1197
5120,131072,t,2859252988,504308417,25800040,43848460,2103452,2102984
5120,131072,n,2752869939,504308295,21901465,54079201,4313,2068
5120,262144,t,2853782937,504308448,28113293,87288416,4207426,4207210
5120,262144,n,2741115968,504308318,21144220,108047859,8496,4390
5120,524288,t,2532111492,504308363,7730569,170606872,8410008,8409827
5120,524288,n,2763608136,504308510,22375027,215879971,16989,11315
5120,1048576,t,2772517334,504308385,22590251,345527971,16826676,16826226
5120,1048576,n,2808422222,504308521,21113530,432301082,33545,26261
5120,1572864,t,3190749799,504311811,43905086,543474136,25218613,25217588
5120,1572864,n,2858068594,504308515,27661510,650257664,49553,36775
6144,16,t,3712484142,504308224,82674429,8907,319,292
6144,16,n,3595694513,504308216,72450767,9363,45,37
6144,128,t,3689658724,504308401,79372409,56203,2112,2083
6144,128,n,3587975105,504308252,75000717,57602,60,30
6144,512,t,2655353938,504307424,14929033,212835,8338,8290
6144,512,n,3500478058,504308371,69519950,220479,73,51
6144,1024,t,3518516806,504308001,70106911,427706,16535,16448
6144,1024,n,2704588679,504307533,16879355,441708,97,57
6144,2048,t,3721251130,504308423,83317080,857799,32938,32888
6144,2048,n,3900715896,504308551,94835005,892500,123,84
6144,3072,t,3627179204,504308424,77029129,1279994,49413,49329
6144,3072,n,3479810140,504308184,65190600,1341359,183,117
6144,4096,t,3578865670,504308237,74141008,1715260,65861,65780
6144,4096,n,3835934461,504308327,90350773,1775967,202,165
6144,5120,t,3326718215,504308058,54705087,2051997,82236,82208
6144,5120,n,3466011232,504308170,67164467,2226997,281,126
6144,6144,t,3651431298,504308317,78318513,2254485,98850,98741
6144,6144,n,3901870517,504308535,94743086,2759657,288,187
6144,7168,t,3118551596,504307846,45199662,2812207,115077,114972
6144,7168,n,3745211407,504308231,81613441,3149228,337,216
6144,8192,t,3712349703,504308394,82845554,3195767,131505,131406
6144,8192,n,3858559472,504308533,91833185,3613079,355,262
6144,12288,t,3812966672,504308667,88719741,4750224,197159,197125
6144,12288,n,3667704377,504308330,79688573,5356542,478,325
6144,16384,t,3907173465,504308664,92319760,6226829,263014,262952
6144,16384,n,3514878907,504308084,70477298,7150266,664,471
6144,32768,t,3702788719,504308388,81016012,12179651,525901,525804
6144,32768,n,3851668067,504308576,84889312,14126701,1137,365
6144,65536,t,3720626563,504308557,82825866,24008168,1051522,1051410
6144,65536,n,3692299940,504308478,78385117,27961679,2195,1398
6144,131072,t,4119033108,504308957,105369714,45755265,2105838,2105664
6144,131072,n,3641677383,504308313,75051262,55661257,4258,2627
6144,262144,t,2611018786,504308122,11910520,86890884,4206318,4205960
6144,262144,n,3306999073,504308063,55609284,109932713,8743,5815
6144,524288,t,4114230759,504309170,104007954,188823923,8411223,8410900
6144,524288,n,3623773655,504308342,76246484,221088834,16702,13368
6144,1048576,t,3726401515,504309318,81198520,376043735,16822946,16822265
6144,1048576,n,3986484579,504311512,92245037,445015295,34439,29941
6144,1572864,t,3383537533,504310220,56426266,534361463,25257557,25256780
6144,1572864,n,3739966920,504311379,78579046,663424389,50266,42180
7168,16,t,3059815831,504241900,38924119,8657,316,295
7168,16,n,4986241334,504243714,160984595,9504,66,40
7168,128,t,3007684448,504242261,35501526,53038,2113,2089
7168,128,n,5145218407,504243456,172325044,56244,57,43
7168,512,t,4694338559,504243061,143119703,217618,8305,8257
7168,512,n,3046224050,504241703,38874577,223831,76,61
7168,1024,t,2996466415,504241570,34818052,439677,16508,16451
7168,1024,n,3047132771,504245201,36932152,449680,78,54
7168,2048,t,4668875019,504242928,140070353,828444,32931,32884
7168,2048,n,3052771386,504242070,38546291,896703,152,84
7168,3072,t,4884099409,504243455,156248481,1250177,49381,49240
7168,3072,n,3092481130,504242235,40510500,1357490,174,88
7168,4096,t,3034245044,504241564,37196883,1846960,65822,65677
7168,4096,n,4942156053,504243240,161112549,1840085,268,171
7168,5120,t,3031118512,504241572,37968655,2027309,82259,82213
7168,5120,n,3087611733,504241963,41653279,2304409,266,231
7168,6144,t,5237976840,504243435,177260450,2480355,98663,98624
7168,6144,n,3104662277,504242682,41806682,2763328,319,206
7168,7168,t,3022658873,504241649,36529248,2870051,115068,115050
7168,7168,n,3093810862,504241835,40647511,3306403,318,189
7168,8192,t,3015256269,504241659,36508986,3391481,131510,131441
7168,8192,n,3091351604,504242196,40311770,3663085,323,45
7168,12288,t,5084000026,504243548,165412807,4690980,197167,197159
7168,12288,n,2998175659,504242268,34686719,5428351,504,393
7168,16384,t,3103478725,504243927,41487810,6328880,262835,262789
7168,16384,n,4907501756,504243530,158420822,7305996,652,383
7168,32768,t,3122977766,504242033,42662646,12227251,525539,525504
7168,32768,n,2975742035,504242003,32963213,14634025,1132,265
7168,65536,t,3073264444,504243773,40485336,23763073,1053354,1053285
7168,65536,n,3046246663,504242908,38066656,28326315,2216,1381
7168,131072,t,3036793376,504242443,37880902,45918410,2105029,2104970
7168,131072,n,3055815318,504241553,39397951,56152176,4339,2942
7168,262144,t,3087655774,504245729,40729821,88832297,4207783,4207521
7168,262144,n,3038728505,504241528,37897579,111209512,8493,6710
7168,524288,t,3110957730,504247137,42255955,177469856,8415197,8415052
7168,524288,n,3089776395,504241871,40997569,220512641,16994,14165
7168,1048576,t,3085985442,504251427,40260925,352903494,16827898,16827601
7168,1048576,n,3104622275,504244060,39873550,438241428,33706,30985
7168,1572864,t,3106920871,504255868,40355607,529962181,25241591,25240900
7168,1572864,n,3086353165,504242024,39627452,656701241,50640,47779
8192,16,t,3632168113,504308027,75606262,8615,312,301
8192,16,n,3502913047,504308723,67314754,9667,63,34
8192,128,t,3461297946,504307776,65303716,55310,2112,2084
8192,128,n,3506388171,504307649,68571116,57903,69,38
8192,512,t,3566169569,504308580,71484793,200045,8339,8269
8192,512,n,3556681935,504309701,71173755,228900,71,35
8192,1024,t,3557035248,504308439,71132533,438912,16492,16410
8192,1024,n,3497287669,504308668,67366718,459500,106,39
8192,2048,t,3625230146,504310462,74284894,912077,32967,32819
8192,2048,n,3570311406,504310288,71645310,911651,119,31
8192,3072,t,3598957226,504309147,74088808,1372856,49343,49187
8192,3072,n,3520794124,504308898,69149717,1367755,162,129
8192,4096,t,3547274393,504309729,71011251,1831453,65799,65580
8192,4096,n,3549172237,504309166,71033155,1841948,191,47
8192,5120,t,3619652915,504310310,74256085,2291860,82233,82011
8192,5120,n,3536036764,504308829,69850542,2453976,254,194
8192,6144,t,3513176148,504310347,68425572,2700268,98627,98394
8192,6144,n,3556212279,504309340,71485442,2725576,277,50
8192,7168,t,3523675908,504309414,69556867,3168185,115108,114864
8192,7168,n,3583659146,504308875,73151002,3187063,293,40
8192,8192,t,3572903105,504309247,72703430,3547235,131500,131334
8192,8192,n,3525259602,504310645,69396643,3651207,337,51
8192,12288,t,3552885253,504309455,70272524,5143768,197203,196972
8192,12288,n,3546263075,504310177,69869587,5442128,489,40
8192,16384,t,3599371856,504310546,73399484,6311276,263853,263233
8192,16384,n,3502258009,504308324,67214787,7267911,615,118
8192,32768,t,3598701861,504313033,73387696,12630464,527241,527101
8192,32768,n,3516454113,504309179,67925747,14464963,1151,388
8192,65536,t,3534664272,504314179,68744895,24556587,1055192,1054291
8192,65536,n,3515826718,504309035,68091641,28631639,2253,1194
8192,131072,t,3620589426,504317201,74103149,47807742,2108117,2107404
8192,131072,n,3504847744,504309972,65762103,56203092,4399,2862
8192,262144,t,3587057469,504319326,72115863,93386940,4212430,4211101
8192,262144,n,3555239344,504308891,70391865,111242809,8690,6518
8192,524288,t,3614902059,504322561,72696301,183559441,8421818,8420690
8192,524288,n,3568166180,504309446,70800553,220395159,17442,15322
8192,1048576,t,3603395707,504331103,71437570,363189429,16840558,16839941
8192,1048576,n,3660801107,504309642,77403942,439379264,35041,32064
8192,1572864,t,3702466285,504340009,78238072,540957236,25256455,25256059
8192,1572864,n,3683289892,504311311,77639797,659065629,52187,47061
12288,16,t,5492805694,504318611,198601448,8322,307,295
12288,16,n,5476676922,504314015,198138508,8822,62,39
12288,128,t,5470701856,504313943,197882220,49515,2109,2083
12288,128,n,5508184687,504314696,200324865,60068,73,36
12288,512,t,5472559320,504316029,197832038,208774,8478,8426
12288,512,n,5490294340,504319208,197708071,226520,66,41
12288,1024,t,5482317143,504316238,197826484,401602,16696,16610
12288,1024,n,5481684110,504317141,197927020,461089,88,43
12288,2048,t,5485678273,504314456,198421244,793456,33386,33261
12288,2048,n,5490447537,504316384,197786718,916203,137,55
12288,3072,t,5466800899,504314308,197279462,1178106,49419,49262
12288,3072,n,5477617934,504315837,197818548,1344150,162,99
12288,4096,t,5471766060,504314907,197869276,1566381,66002,65799
12288,4096,n,5465120550,504315175,197182400,1825844,220,111
12288,5120,t,5473054456,504316713,198245841,1975635,82951,82708
12288,5120,n,5491134013,504319503,198612565,2277171,243,131
12288,6144,t,5483874927,504325810,197782868,2356645,98986,98734
12288,6144,n,5447620167,504311833,197166836,2767684,276,137
12288,7168,t,5467511237,504316221,197794678,2758677,115856,115595
12288,7168,n,5508825941,504316159,200088027,3201265,307,177
12288,8192,t,5516958465,504316742,199385294,3161051,132028,131746
12288,8192,n,5430476460,504312197,197967956,3649757,350,98
12288,12288,t,5502054098,504317484,198985901,4726867,198679,198270
12288,12288,n,5473861866,504316548,198042311,5411111,474,93
12288,16384,t,5472338192,504318278,197762861,6293800,264478,263963
12288,16384,n,5496803342,504315297,199664504,7288133,617,92
12288,32768,t,5462690384,504316022,197790952,12628507,528611,527795
12288,32768,n,5483776406,504315657,198200245,14586056,1137,395
12288,65536,t,5479744122,504320309,198041410,24809704,1056527,1055297
12288,65536,n,5487145431,504317212,198826353,28767994,2294,1297
12288,131072,t,5510690093,504328970,198928942,48677106,2112015,2110874
12288,131072,n,5495623202,504316114,198067247,57187947,4497,3396
12288,262144,t,5488563845,504330004,198840203,95952213,4220051,4219254
12288,262144,n,5491511021,504316735,198361002,112423367,8966,7714
12288,524288,t,5520727507,504346129,199380837,189989647,8434554,8433634
12288,524288,n,5496917328,504313746,197539115,222716237,17691,16371
12288,1048576,t,5538442131,504373633,199291048,377247436,16867477,16866559
12288,1048576,n,5522328705,504319814,197971431,443609005,35761,34836
12288,1572864,t,5598059574,504415839,201537561,565192870,25305652,25304836
12288,1572864,n,5521931879,504314466,197776874,662834262,53593,53402
16384,16,t,6701314059,504324524,279727576,8091,307,294
16384,16,n,6699313324,504321693,280071337,8651,61,30
16384,128,t,6697986641,504321459,280017715,53289,2127,2087
16384,128,n,6701716895,504322727,280156735,61929,56,34
16384,512,t,6698233222,504324370,279899705,206928,8417,8351
16384,512,n,6704333691,504324505,280068347,228027,72,42
16384,1024,t,6696617742,504321527,280139262,401045,16593,16513
16384,1024,n,6700806540,504326909,279914270,459878,88,41
16384,2048,t,6702173411,504321415,280134207,812940,33198,33084
16384,2048,n,6713809370,504325825,280406146,907936,139,44
16384,3072,t,6699280889,504322758,279889545,1189783,49581,49426
16384,3072,n,6702890515,504319559,279881015,1349454,151,93
16384,4096,t,6698214472,504320452,280188801,1598114,66502,66287
16384,4096,n,6708273540,504320383,280381983,1803988,191,122
16384,5120,t,6696733444,504324566,280189984,1960069,82704,82452
16384,5120,n,6705054441,504319288,280063632,2281815,224,100
16384,6144,t,6696921217,504325066,279995995,2422118,99330,99056
16384,6144,n,6700588378,504320164,280068680,2736401,280,213
16384,7168,t,6706418008,504333940,280302080,2752701,116245,115972
16384,7168,n,6697931858,504321164,280021860,3190883,323,199
16384,8192,t,6708296420,504323482,280182046,3186117,132747,132417
16384,8192,n,6691490828,504319869,280087769,3655146,338,214
16384,12288,t,6696932561,504326524,280367442,4726704,198692,198214
16384,12288,n,6700536617,504323791,280097318,5475427,491,186
16384,16384,t,6705258145,504323183,280309447,6321801,264458,263874
16384,16384,n,6702497671,504322775,280283483,7283500,587,170
16384,32768,t,6708729300,504326906,280229504,12576253,529531,528575
16384,32768,n,6705019301,504325376,280031309,14474745,1140,330
16384,65536,t,6706593589,504328247,280131927,24910900,1058408,1057215
16384,65536,n,6702354506,504323384,280087539,28823061,2273,1205
16384,131072,t,6714502606,504338841,280439131,48897659,2114337,2113085
16384,131072,n,6710186567,504330389,280240890,57354639,4497,3221
16384,262144,t,6711584936,504349233,280343359,96706737,4225361,4224016
16384,262144,n,6711894905,504324444,280067427,113024788,8945,7496
16384,524288,t,6733906668,504369713,280978698,191576413,8446508,8445221
16384,524288,n,6722798977,504323471,280208942,223979138,17817,16594
16384,1048576,t,6768838470,504415960,281906327,381211030,16894704,16893507
16384,1048576,n,6758789105,504321425,280345373,445758025,35950,34897
16384,1572864,t,6818188975,504455997,282749922,571038361,25333882,25332866
16384,1572864,n,6770523469,504321495,279853529,667737193,53543,53407
32768,16,t,8581749434,504350896,406374884,9360,312,295
32768,16,n,8582865527,504353941,406435202,10724,77,47
32768,128,t,8576735728,504362188,406344052,51962,2130,2081
32768,128,n,8578071245,504346268,406379239,60791,55,29
32768,512,t,8586698775,504361570,406747147,216059,8313,8226
32768,512,n,8591393309,504351789,406517240,226881,80,34
32768,1024,t,8576425804,504354623,406479524,448601,16512,16420
32768,1024,n,8585445942,504349963,406452875,451220,89,40
32768,2048,t,8588441277,504351539,406450227,890611,32949,32798
32768,2048,n,8587155086,504365961,406428701,911763,125,33
32768,3072,t,8591086768,504356858,406551971,1353107,49359,49197
32768,3072,n,8588831662,504364933,406387291,1353722,153,33
32768,4096,t,8592425792,504348480,406741911,1805288,65795,65591
32768,4096,n,8593381711,504367709,406653250,1843416,205,50
32768,5120,t,8583382316,504356476,406497353,2292149,82213,81974
32768,5120,n,8580482981,504357663,406469160,2260228,241,39
32768,6144,t,8581910534,504346499,406504580,2700207,98632,98349
32768,6144,n,8580948678,504359739,406526045,2718425,279,96
32768,7168,t,8588509188,504352078,406948299,3143103,115074,114783
32768,7168,n,8579179432,504347191,406461569,3185381,299,44
32768,8192,t,8586685580,504355487,406790047,3496907,131560,131261
32768,8192,n,8593616084,504357432,407037706,3632484,334,72
32768,12288,t,8583365386,504358282,406767232,5244143,197168,196897
32768,12288,n,8582594226,504360806,406340788,5665945,448,35
32768,16384,t,8578384901,504353037,406548199,6719693,262847,262649
32768,16384,n,8584426540,504345156,406461425,7227021,606,48
32768,32768,t,8575504136,504366990,406607076,12657819,525516,525235
32768,32768,n,8585562378,504352390,406349091,14516457,1106,88
32768,65536,t,8595598842,504351297,406849845,24594026,1053799,1053473
32768,65536,n,8589115912,504351412,406526766,29216714,2260,1634
32768,131072,t,8600008423,504364440,407182960,48290707,2105214,2104784
32768,131072,n,8591290345,504353893,406677321,57354725,4324,2713
32768,262144,t,8599387338,504356763,407620265,96219736,4213104,4212084
32768,262144,n,8591448006,504348725,406442602,113093856,8510,7983
32768,524288,t,8637598496,504361680,408399745,190301582,8415348,8414839
32768,524288,n,8603715636,504359222,406672240,223533047,16831,15960
32768,1048576,t,8655709709,504497067,408197624,383071730,16946215,16945154
32768,1048576,n,8630958917,504354571,406595373,445822591,33483,33270
32768,1572864,t,8682068442,504587316,408792936,573961838,25430748,25430007
32768,1572864,n,8656557563,504354876,407041823,667277468,50161,50075
65536,16,t,9483309569,504379914,470852789,7735,308,296
65536,16,n,9493792086,504381110,470829657,8547,53,34
65536,128,t,9480533657,504376670,470633667,57072,2120,2082
65536,128,n,9479001329,504377092,470721336,61716,57,29
65536,512,t,9484276383,504374109,470627022,210729,8301,8227
65536,512,n,9487623288,504373909,470625440,226785,71,32
65536,1024,t,9475297944,504370913,470538456,447688,16560,16418
65536,1024,n,9487623887,504377584,470593360,448372,105,39
65536,2048,t,9493758413,504371739,470860302,920434,32930,32804
65536,2048,n,9487116546,504375271,470825623,909466,138,35
65536,3072,t,9481760320,504376431,470608623,1389078,49348,49183
65536,3072,n,9489060316,504374953,470588281,1353335,149,34
65536,4096,t,9484752527,504383347,470733836,1858740,65770,65578
65536,4096,n,9491033270,504372504,470745677,1801198,202,41
65536,5120,t,9484281135,504375576,470647748,2322343,82207,81992
65536,5120,n,9483647541,504369475,470596182,2285065,238,41
65536,6144,t,9488702893,504381056,470677274,2750504,98634,98395
65536,6144,n,9492021693,504370547,470733574,2735131,245,69
65536,7168,t,9490209538,504379854,470689863,3167607,115089,114810
65536,7168,n,9489616282,504376392,470598628,3172969,312,53
65536,8192,t,9483031415,504391764,470781303,3664285,131465,131189
65536,8192,n,9487712891,504378804,470648724,3625287,334,48
65536,12288,t,9487589577,504378110,470750115,5193500,197161,196919
65536,12288,n,9492160100,504378730,470761117,5437775,456,52
65536,16384,t,9494204986,504384575,470782600,6750993,262851,262510
65536,16384,n,9485583626,504374845,470625705,7253968,581,35
65536,32768,t,9491342599,504383350,470773786,12634419,525517,525278
65536,32768,n,9490287721,504382461,470670086,14483315,1108,66
65536,65536,t,9491115871,504369525,470679806,24709062,1054720,1054064
65536,65536,n,9496164902,504378383,470765616,28812381,2199,684
65536,131072,t,9501024214,504397698,470678443,49023141,2119714,2118324
65536,131072,n,9496226128,504377869,470699765,57264521,4479,3100
65536,262144,t,9508011330,504399310,471028726,96657235,4231311,4229877
65536,262144,n,9500565986,504380585,470667331,112764673,8875,7291
65536,524288,t,9520529040,504457545,471384531,191973820,8486162,8484899
65536,524288,n,9512024148,504369686,470622756,223876778,17117,15974
65536,1048576,t,9556969660,504402670,471991978,379791016,16847555,16846070
65536,1048576,n,9536595864,504374046,470792523,444229369,33355,32855
65536,1572864,t,9584606568,504368532,472415624,566158798,25219426,25218337
65536,1572864,n,9559517814,504374156,471023874,666610957,49805,49747
131072,16,t,9929378173,504385887,500255650,7841,324,305
131072,16,n,10015880563,504326583,504276953,10036,50,35
131072,128,t,9934979449,504381107,500307068,47696,2135,2090
131072,128,n,9932071365,504380888,500165148,57056,60,30
131072,512,t,9928721510,504386958,500131072,228428,8296,8217
131072,512,n,9929012026,504393505,500066572,230686,81,49
131072,1024,t,9929301927,504379934,500152751,459604,16505,16417
131072,1024,n,10007588197,504327712,504233775,460244,90,47
131072,2048,t,10026770981,504326105,504277412,747413,32925,32876
131072,2048,n,10020870423,504325813,504276960,894397,123,112
131072,3072,t,10010933262,504325821,504276494,1131408,49377,49288
131072,3072,n,9931564102,504388065,500282521,1345023,162,141
131072,4096,t,9926719360,504381414,500089843,1920441,65783,65610
131072,4096,n,9925658142,504372661,500073632,1800620,197,46
131072,5120,t,9919834746,504385602,500067340,2368752,82242,81972
131072,5120,n,9931470054,504382562,500116221,2275981,239,59
131072,6144,t,9920178795,504387423,500043400,2844756,98616,98389
131072,6144,n,9929863644,504380739,500065595,2759707,254,93
131072,7168,t,9930122658,504392259,500112180,3294655,115036,114771
131072,7168,n,9936028603,504384376,500124985,3200004,299,85
131072,8192,t,9931689854,504395158,500164205,3112150,132878,132750
131072,8192,n,10013020306,504328542,504169789,3639479,353,50
131072,12288,t,9956595963,504369318,501029000,4491611,197180,197171
131072,12288,n,9927946086,504390593,500113162,5472971,448,35
131072,16384,t,9929737012,504381297,500131062,6794690,262841,262586
131072,16384,n,9922756980,504389052,500163088,7327361,594,34
131072,32768,t,9931723342,504393092,500153800,12736282,525507,525240
131072,32768,n,9930712199,504387845,500073876,14503507,1136,101
131072,65536,t,9922295646,504401596,500076520,24647040,1051955,1051603
131072,65536,n,10015803860,504327062,504225112,28795820,2219,638
131072,131072,t,10014730913,504342905,504293934,49048770,2118014,2116556
131072,131072,n,9943917710,504384148,500089555,57152566,4453,2935
131072,262144,t,9936257474,504416571,500189191,96528190,4229555,4228195
131072,262144,n,9938367007,504390108,500060361,112683118,8872,7163
131072,524288,t,9955004059,504416793,500271564,190016371,8423517,8422840
131072,524288,n,9943386375,504389159,500083470,223400652,17954,16979
131072,1048576,t,9972545004,504431243,500404996,378668146,16854504,16853244
131072,1048576,n,10051960435,504330140,504168803,445326842,33467,32755
131072,1572864,t,9995893324,504414432,500442601,566289654,25249993,25248374
131072,1572864,n,10088525994,504326039,504278581,671243464,50904,50717
262144,16,t,10022478128,504370878,504358085,7814,310,299
262144,16,n,10021588561,504329363,504311257,9018,54,40
262144,128,t,10025065942,504325821,504311460,51927,2120,2098
262144,128,n,10028482143,504325628,504311370,58054,50,46
262144,512,t,10021909278,504326411,504312072,184174,8295,8242
262144,512,n,10024752699,504325190,504310861,226720,67,51
262144,1024,t,10024327624,504325447,504311066,382862,16521,16449
262144,1024,n,10020409699,504325794,504311453,447824,84,71
262144,2048,t,10019494529,504326199,504311869,751820,32954,32876
262144,2048,n,10019258171,504325383,504311037,884796,127,112
262144,3072,t,10020087806,504325454,504311117,1119973,49381,49309
262144,3072,n,10004718534,504391658,504378275,1325029,152,137
262144,4096,t,10022725223,504327803,504313350,1542016,66598,66470
262144,4096,n,10020665229,504325723,504311552,1782539,210,191
262144,5120,t,10012411787,504326112,504311672,1899036,82233,82193
262144,5120,n,10003129840,504388207,504375584,2244612,241,232
262144,6144,t,10019019425,504325972,504311695,2243480,98678,98600
262144,6144,n,10021011593,504325402,504311249,2697785,301,280
262144,7168,t,10009572113,504325884,504311458,2706331,115103,115081
262144,7168,n,10011080474,504326219,504311816,3190197,343,337
262144,8192,t,10009669525,504325365,504311035,3049994,131516,131510
262144,8192,n,10018094821,504325237,504310985,3700404,368,357
262144,12288,t,10019886335,504338079,504324870,4529700,197220,197187
262144,12288,n,10022326706,504325578,504311438,5411421,545,541
262144,16384,t,10033904790,504325208,504310865,5968759,262871,262849
262144,16384,n,10011657647,504325309,504311097,7382074,674,669
262144,32768,t,10033922405,504325964,504311610,11801501,526162,526130
262144,32768,n,10023322574,504394809,504379074,14521163,1131,96
262144,65536,t,10023215173,504331260,504316381,24678976,1056914,1056698
262144,65536,n,10022643879,504388368,504373495,28946979,2225,696
262144,131072,t,10025613169,504356585,504341499,49025567,2115785,2115106
262144,131072,n,10027085528,504329240,504312147,57523946,4448,2860
262144,262144,t,10034170926,504351052,504335627,96277341,4226066,4225518
262144,262144,n,10021549361,504388964,504373003,112813026,8962,7388
262144,524288,t,10034771697,504458385,504443669,191359107,8471157,8470548
262144,524288,n,10046425659,504329118,504312179,223691338,17331,16519
262144,1048576,t,10065264595,504374203,504359499,377774429,16859139,16858087
262144,1048576,n,10068980687,504326984,504312531,448407639,33980,33864
262144,1572864,t,10101989568,504342477,504328743,566245026,25229664,25228492
262144,1572864,n,10087601146,504325514,504311150,671344874,50911,50819
524288,16,t,10003851103,504326863,504312579,9814,311,299
524288,16,n,9995612480,504325465,504311239,10627,56,43
524288,128,t,10002653152,504325190,504310947,46176,2119,2084
524288,128,n,10010953245,504325936,504311705,58145,51,47
524288,512,t,9993749154,504352611,504341069,188074,8308,8253
524288,512,n,9989042297,504326035,504311759,227239,64,58
524288,1024,t,10000579875,504326311,504312004,383368,16516,16457
524288,1024,n,10000143076,504355649,504344180,448551,93,74
524288,2048,t,9986459739,504325755,504311464,748994,32945,32876
524288,2048,n,9995874190,504325165,504310259,897445,115,105
524288,3072,t,9999819533,504325576,504311290,1107907,49372,49303
524288,3072,n,10003805429,504325391,504311269,1340083,150,137
524288,4096,t,10008977188,504326033,504311756,1523662,65795,65745
524288,4096,n,9995677328,504346271,504333590,1781451,199,176
524288,5120,t,9976408132,504389094,504378702,2515522,82211,81998
524288,5120,n,9994468622,504327255,504312818,2317489,245,47
524288,6144,t,9994967769,504325280,504311054,2292303,98656,98610
524288,6144,n,9980303415,504385920,504375483,2731244,278,260
524288,7168,t,9995346198,504328139,504313475,3417209,115057,114790
524288,7168,n,9997880056,504325048,504310869,3207151,348,337
524288,8192,t,9994382677,504325637,504311553,3048249,131524,131514
524288,8192,n,10000621984,504325558,504311433,3617868,377,362
524288,12288,t,9998126124,504325308,504311005,4521198,197186,197177
524288,12288,n,9986530957,504325657,504311531,5607562,570,571
524288,16384,t,9996290705,504325260,504310924,6033924,262859,262840
524288,16384,n,10007746698,504325572,504311553,7358779,703,700
524288,32768,t,9996704252,504325365,504311091,11931532,525566,525534
524288,32768,n,9987154235,504326897,504312664,14394751,1220,1190
524288,65536,t,9994127354,504390022,504380662,23620696,1053878,1053810
524288,65536,n,9989832609,504393230,504380565,28902275,2246,709
524288,131072,t,10010892205,504356408,504342472,49489750,2123434,2121549
524288,131072,n,9991241196,504390065,504377343,57425894,4451,2607
524288,262144,t,10015586693,504355633,504340620,95982657,4226470,4225886
524288,262144,n,9988598023,504388869,504376705,113090736,8883,6131
524288,524288,t,10015172033,504453616,504442653,191405602,8472250,8471669
524288,524288,n,10021243645,504335303,504319118,224401629,17959,17391
524288,1048576,t,10032347360,504455626,504446256,379049864,16877015,16875798
524288,1048576,n,10053223757,504332381,504318259,444890123,34175,34045
524288,1572864,t,10060298716,504337580,504323251,566347182,25232639,25231163
524288,1572864,n,10061793948,504325555,504311214,671888996,50963,50816
1048576,16,t,9965500648,504385988,504376527,7901,318,297
1048576,16,n,9974155791,504383906,504373862,10412,66,43
1048576,128,t,9981053000,504343563,504329499,59885,2120,2090
1048576,128,n,9966288452,504385842,504375961,57478,65,42
1048576,512,t,9975410819,504330094,504315239,242786,8290,8222
1048576,512,n,9981176572,504373134,504363278,221463,73,55
1048576,1024,t,9965321128,504391393,504380955,507387,16513,16420
1048576,1024,n,9986477104,504337276,504322370,465696,80,39
1048576,2048,t,9972196452,504349947,504337785,752015,32938,32880
1048576,2048,n,9966332594,504384831,504373886,929344,121,33
1048576,3072,t,9979210919,504382433,504372061,1224161,49472,49324
1048576,3072,n,9957847906,504396378,504386519,1389933,158,38
1048576,4096,t,9970822505,504389357,504379868,1994122,65761,65578
1048576,4096,n,9979375115,504396951,504387691,1836641,187,41
1048576,5120,t,9958327052,504392634,504383214,2481646,82236,82008
1048576,5120,n,9970592592,504398549,504389009,2329801,223,40
1048576,6144,t,9969395626,504390449,504380097,2464929,99202,98926
1048576,6144,n,9969605573,504397497,504388260,2759530,258,48
1048576,7168,t,9977313197,504383740,504372691,2875621,115691,115382
1048576,7168,n,9963536791,504383099,504373578,3238539,299,53
1048576,8192,t,9963605911,504391068,504380917,3726716,131476,131167
1048576,8192,n,9957355272,504390778,504379688,3689575,323,36
1048576,12288,t,9964215029,504394439,504384940,5347820,197183,196890
1048576,12288,n,9974869410,504398039,504388263,5507610,463,51
1048576,16384,t,9958243697,504398024,504387936,6598700,266864,266272
1048576,16384,n,9966363747,504383259,504374268,7344051,599,53
1048576,32768,t,9967912951,504394380,504384472,12943535,527591,526977
1048576,32768,n,9974013421,504388032,504378767,14726234,1118,81
1048576,65536,t,9966688909,504400761,504391128,25359051,1060808,1059206
1048576,65536,n,9980741802,504389279,504377820,29155556,2175,563
1048576,131072,t,9969747076,504406731,504396260,48837673,2117040,2116418
1048576,131072,n,9971610716,504390526,504378660,57491683,4408,2614
1048576,262144,t,9991208116,504445460,504435445,97171533,4264309,4263651
1048576,262144,n,9978131813,504389988,504378415,113186140,8952,7938
1048576,524288,t,9999551100,504463377,504453675,191395437,8482775,8482283
1048576,524288,n,9988847676,504392043,504381059,224740082,17996,17403
1048576,1048576,t,10006205769,504467100,504458108,376782971,16886991,16885574
1048576,1048576,n,10010515513,504390057,504379361,447025375,35637,34031
1048576,1572864,t,10036761762,504386039,504376217,563095449,25221755,25220580
1048576,1572864,n,10035167053,504387283,504377780,672899005,50797,50530
1572864,16,t,9960382948,504388643,504379301,8791,308,306
1572864,16,n,9959377519,504385734,504374903,9525,71,39
1572864,128,t,9961626774,504391323,504381085,55580,2121,2094
1572864,128,n,9968149670,504388662,504377962,60352,59,44
1572864,512,t,9960256573,504389879,504379214,222960,8370,8301
1572864,512,n,9950809503,504392702,504382370,235244,74,43
1572864,1024,t,9960130997,504391326,504380802,415307,16673,16565
1572864,1024,n,9961234942,504388982,504378384,462288,85,37
1572864,2048,t,9962201275,504391616,504381496,842567,33361,33215
1572864,2048,n,9961135924,504388473,504377688,915023,117,42
1572864,3072,t,9968771764,504388321,504378018,1315431,49695,49543
1572864,3072,n,9974665007,504397887,504388429,1377150,161,46
1572864,4096,t,9966682271,504391227,504381226,1647917,66417,66186
1572864,4096,n,9961396716,504386900,504377045,1909203,194,38
1572864,5120,t,9951904607,504394377,504383151,2066344,82873,82617
1572864,5120,n,9964241930,504393062,504383975,2376250,221,37
1572864,6144,t,9969699161,504389159,504379165,2462319,99428,99121
1572864,6144,n,9961138095,504387467,504378340,2856940,265,38
1572864,7168,t,9962790813,504392745,504382935,2852800,116054,115735
1572864,7168,n,9968932667,504390555,504381571,3223008,309,36
1572864,8192,t,9960764725,504390752,504381187,3655253,131497,131208
1572864,8192,n,9965195843,504392777,504382396,3681370,319,38
1572864,12288,t,9969126497,504387599,504378078,5229345,197215,196901
1572864,12288,n,9961926106,504388455,504378773,5501979,511,53
1572864,16384,t,9963878588,504396118,504386423,6533390,266583,265998
1572864,16384,n,9961352775,504383002,504373535,7334574,624,58
1572864,32768,t,9962237279,504393066,504383363,13123279,531041,529917
1572864,32768,n,9969655500,504388999,504377974,14729031,1125,105
1572864,65536,t,9964069560,504397662,504388223,25581810,1059983,1058047
1572864,65536,n,9963633030,504389988,504379438,29126001,2159,86
1572864,131072,t,9967111376,504419061,504409586,49767431,2125838,2123904
1572864,131072,n,9980763585,504390261,504377782,57964730,4396,2155
1572864,262144,t,9981383433,504381063,504368185,96899443,4239116,4237997
1572864,262144,n,9984876903,504389309,504379220,113074865,8765,5433
1572864,524288,t,9997276861,504447056,504436191,191927603,8463967,8463552
1572864,524288,n,9988559516,504390001,504379444,224560594,17753,14623
1572864,1048576,t,10007179389,504462921,504454035,376262419,16880969,16880260
1572864,1048576,n,10006147837,504389724,504380000,447220094,35657,33685
1572864,1572864,t,10032510213,504401033,504391869,560332909,25222819,25221710
1572864,1572864,n,10033460439,504383390,504373773,673585742,50801,50586
