16,16,t,692199905,341,256,7524,308,292
16,16,n,644588035,342,259,8172,56,38
16,128,t,644791269,326,257,51244,2111,2081
16,128,n,643264967,363,256,56777,54,32
16,512,t,646904849,337,256,198724,8291,8234
16,512,n,648878124,329,259,214299,60,32
16,1024,t,648454858,383,260,398015,16511,16432
16,1024,n,643556869,355,264,425365,77,37
16,2048,t,646436634,373,256,697415,32928,32832
16,2048,n,646315418,418,349,850315,109,74
16,3072,t,646084170,531,411,1029237,49369,49226
16,3072,n,764736134,909,835,1271454,153,90
16,4096,t,767288811,799,690,1371791,65899,65688
16,4096,n,647494766,1237,1128,1706546,195,106
16,5120,t,649521845,981,906,1696766,82311,82089
16,5120,n,764745062,513,444,2135469,231,155
16,6144,t,645580548,889,805,2023338,98787,98490
16,6144,n,641534986,612,543,2608458,293,123
16,7168,t,647269932,788,721,2353210,115166,114854
16,7168,n,642000997,409,332,2970176,328,193
16,8192,t,764777648,1089,1012,2698881,131658,131322
16,8192,n,643637940,593,527,3414921,334,188
16,12288,t,762435743,1000,932,4042481,197314,196845
16,12288,n,646326072,365,306,5100637,442,222
16,16384,t,648480495,1139,1059,5385233,263017,262416
16,16384,n,644055684,511,432,6744595,617,102
16,32768,t,764682322,1991,1866,10692504,525942,524806
16,32768,n,644407297,1141,1071,13536993,1133,124
16,65536,t,763987494,3274,3192,21389750,1051707,1049708
16,65536,n,760063398,430,357,26764108,2186,150
16,131072,t,766686351,5534,5439,42723464,2103040,2099887
16,131072,n,649412457,366,275,53499151,4242,271
16,262144,t,763186804,8613,8508,85190119,4205504,4202351
16,262144,n,642271133,623,542,106618050,8345,382
16,524288,t,764812410,14793,14674,169391191,8410446,8407527
16,524288,n,645298791,736,648,213023370,16651,6820
16,1048576,t,685068691,44196,44088,337351689,16814282,16811704
16,1048576,n,644205956,922,841,425650700,33100,18819
16,1572864,t,748905654,47010,46901,504674934,25232970,25230487
16,1572864,n,643173702,323,284,639042516,49407,291
128,16,t,1091215770,5193,2049,8043,326,290
128,16,n,1090976159,4052,2048,8681,62,35
128,128,t,1091097935,4093,2049,50746,2129,2081
128,128,n,1091092470,15651,2049,55246,50,37
128,512,t,1455726930,138640079,2048,196682,8286,8225
128,512,n,1091170549,3213,2049,213676,58,40
128,1024,t,1091162989,9976,4556,395063,16543,16440
128,1024,n,1504593903,157036459,4635,427109,78,47
128,2048,t,1091032537,3796,2557,774888,32927,32801
128,2048,n,1504275643,157033138,8209,850441,114,63
128,3072,t,1091250623,4663,2051,1029985,49348,49185
128,3072,n,1506446982,157284639,3183,1270534,147,65
128,4096,t,1456488409,138629817,2089,1364512,65770,65574
128,4096,n,1463489659,140841825,2671,1714019,200,103
128,5120,t,1091107250,3907,2091,1689433,82206,81952
128,5120,n,1091210040,6957,3948,2135092,230,62
128,6144,t,1099082474,2252899,2072,2031754,98630,98342
128,6144,n,1463187621,140837282,6407,2582924,271,144
128,7168,t,1091022232,3199,2052,2356206,115027,114722
128,7168,n,1091177723,4537,2596,2983697,312,99
128,8192,t,1459858527,140819569,2073,2697709,131483,131107
128,8192,n,1091253031,11276,5623,3415395,333,73
128,12288,t,1091129273,17911,2049,4030829,197125,196657
128,12288,n,1091352358,22324,4853,5101698,438,32
128,16384,t,1091049674,8422,2115,5371435,262800,262189
128,16384,n,1091039014,5844,3538,6766487,604,163
128,32768,t,1091035017,6145,2462,10697870,525494,524354
128,32768,n,1091218274,5145,3186,13535317,1097,173
128,65536,t,1090916686,5557,2944,21331572,1050848,1048773
128,65536,n,1091203340,8857,3909,26766433,2153,799
128,131072,t,1091084958,7947,3785,42643033,2101592,2098673
128,131072,n,1091213415,11741,6404,53498303,4225,1727
128,262144,t,1091123847,8168,6870,85096804,4203232,4200033
128,262144,n,1546951661,173018966,6563,106571494,8374,3027
128,524288,t,1091389558,6090,5551,169209614,8406465,8403138
128,524288,n,1091265160,8825,3743,213011031,16556,6916
128,1048576,t,1091392239,4817,2097,337093958,16812838,16809929
128,1048576,n,1091070416,10081,4943,425542105,32993,20208
128,1572864,t,1091590003,6822,3196,504414223,25219533,25217988
128,1572864,n,1091221869,12364,2287,639086731,49429,325
512,16,t,2396977706,503317556,8194,7697,311,290
512,16,n,2396986984,503317661,8193,8368,45,29
512,128,t,2396983731,503317617,8501,51751,2121,2079
512,128,n,2396999529,503316830,8404,54930,54,32
512,512,t,2396980072,503317514,8384,206639,8320,8236
512,512,n,2397018213,503317553,8442,212283,66,37
512,1024,t,2396396149,503118034,8196,390397,16518,16419
512,1024,n,2397070250,503317597,8469,424997,93,39
512,2048,t,2396961464,503316858,8317,771626,32924,32802
512,2048,n,2337272767,479664562,8341,853649,119,51
512,3072,t,2317615382,471892839,8193,1015990,49337,49192
512,3072,n,2396998970,503317644,8203,1278865,149,98
512,4096,t,2396964822,503317608,8195,1352895,65781,65582
512,4096,n,2397005833,503317552,8288,1710906,203,74
512,5120,t,2396981564,503317460,8195,1680709,82195,81967
512,5120,n,2396990412,503317642,8580,2122467,228,116
512,6144,t,2327488023,475797432,8401,2022459,98646,98342
512,6144,n,2396917140,503113748,33979,2561547,278,147
512,7168,t,2317472067,471888900,11069,2362398,115056,114752
512,7168,n,2397370602,503316172,32639,2992917,300,105
512,8192,t,2396488342,503115584,11324,2681421,131460,131120
512,8192,n,2397463288,503316037,33987,3417542,328,196
512,12288,t,2397048662,503316520,11070,4030161,197131,196666
512,12288,n,2396937560,503112014,36153,5098380,457,235
512,16384,t,2397127417,503317491,16020,5349482,262805,262195
512,16384,n,2397384668,503316927,29658,6747853,603,201
512,32768,t,2397157498,503317463,14559,10667657,525497,524379
512,32768,n,2397425292,503316832,29564,13527863,1111,135
512,65536,t,2397277876,503316474,17588,21368516,1050820,1048751
512,65536,n,2397485487,503315581,32338,26773966,2169,160
512,131072,t,2397009575,503112243,28093,42710498,2101546,2098326
512,131072,n,2397707959,503316934,38460,53540404,4254,368
512,262144,t,2397998978,503312739,43300,84962702,4203225,4200536
512,262144,n,2397928151,503315266,41341,106786461,8346,314
512,524288,t,2398660466,503313303,51770,168974041,8406530,8403973
512,524288,n,2397868789,503112832,57435,212629033,16561,7770
512,1048576,t,2399576500,503310444,51118,336689551,16813099,16810331
512,1048576,n,2398546026,503313656,22001,425642582,32998,21014
512,1572864,t,2400643044,503311892,54980,504278954,25219803,25217960
512,1572864,n,2398921407,503317622,8205,638947470,49401,906
1024,16,t,2397172236,503317310,17493,8007,313,289
1024,16,n,2397178597,503317332,17576,8036,47,33
1024,128,t,2397159150,503317291,17164,51908,2127,2079
1024,128,n,2397182001,503317333,18077,55041,51,37
1024,512,t,2397174147,503317276,16551,203210,8309,8226
1024,512,n,2397203691,503317273,17292,213429,67,31
1024,1024,t,2397179692,503317289,17421,391804,16510,16416
1024,1024,n,2397135926,503317302,17207,428528,88,35
1024,2048,t,2397143703,503317289,17053,765638,32944,32812
1024,2048,n,2397124954,503317304,16540,846305,120,35
1024,3072,t,2397170204,503317271,18410,1142864,49374,49197
1024,3072,n,2397157991,503317296,17097,1271750,154,39
1024,4096,t,2397130375,503317271,16969,1517900,65795,65577
1024,4096,n,2397173711,503317260,16885,1706326,200,77
1024,5120,t,2397100664,503317308,16435,1677697,82215,81962
1024,5120,n,2397152226,503317327,17659,2131356,230,142
1024,6144,t,2397138038,503317294,16565,2014633,98632,98349
1024,6144,n,2397171900,503317316,16817,2568034,276,162
1024,7168,t,2397128403,503317314,16449,2352266,115031,114719
1024,7168,n,2397184066,503317291,17539,2982070,289,138
1024,8192,t,2397136374,503317273,16673,2706584,131495,131115
1024,8192,n,2397201539,503317307,17457,3404718,327,180
1024,12288,t,2397151061,503317307,16463,4011794,197136,196672
1024,12288,n,2397163457,503317273,16855,5096024,460,57
1024,16384,t,2397100686,503317313,16569,5348106,262822,262214
1024,16384,n,2397167032,503317278,17400,6740531,600,275
1024,32768,t,2397170846,503317279,16619,10687062,525496,524450
1024,32768,n,2397269874,503317280,21515,13448000,1126,174
1024,65536,t,2398038538,503317269,59408,21351088,1050832,1048891
1024,65536,n,2398666276,503317260,106745,26738896,2186,89
1024,131072,t,2398781799,503317335,96537,42718021,2101578,2098678
1024,131072,n,2398523204,503317259,91280,53459544,4233,470
1024,262144,t,2399782900,503317256,147052,84942986,4203242,4200279
1024,262144,n,2398520498,503317316,80824,106575557,8351,2823
1024,524288,t,2400063123,503317331,138782,169024520,8406484,8403797
1024,524288,n,2400085995,503317273,150255,213081496,16574,7534
1024,1048576,t,2400135482,503317289,84248,336508321,16812979,16810564
1024,1048576,n,2399246116,503317296,63549,425788251,32981,22138
1024,1572864,t,2401266900,503317212,87978,504257144,25219698,25217269
1024,1572864,n,2399120750,503317279,17492,638934992,49413,857
2048,16,t,2397432371,503317177,34184,7695,333,293
2048,16,n,2397523605,503317196,35330,8547,50,33
2048,128,t,2397472245,503317190,34478,50292,2113,2090
2048,128,n,2397440539,503317197,34092,53188,62,35
2048,512,t,2397458371,503317148,34597,197477,8292,8229
2048,512,n,2397468353,503317191,34571,211543,71,41
2048,1024,t,2397360055,503317152,34036,397531,16523,16423
2048,1024,n,2397459311,503317182,34483,426953,81,43
2048,2048,t,2397411011,503317178,33799,701362,32928,32805
2048,2048,n,2397439671,503317155,34929,851693,111,38
2048,3072,t,2397399552,503317197,33792,1036873,49369,49185
2048,3072,n,2397465369,503317198,34229,1271289,154,108
2048,4096,t,2397380140,503317172,33271,1363398,65775,65586
2048,4096,n,2397484861,503317162,35224,1695359,181,97
2048,5120,t,2397376665,503317181,33876,1703993,82190,81980
2048,5120,n,2397464289,503317199,34620,2136451,222,111
2048,6144,t,2397386055,503317193,33380,2040150,98645,98370
2048,6144,n,2397522430,503317191,36388,2556649,249,137
2048,7168,t,2397400706,503317178,33342,2376033,115079,114753
2048,7168,n,2397447887,503317172,34263,2988665,307,207
2048,8192,t,2397374130,503317172,33564,2709504,131458,131119
2048,8192,n,2397477095,503317209,35016,3414317,328,187
2048,12288,t,2397406876,503317160,33746,4014006,197120,196665
2048,12288,n,2397493817,503317174,34410,5080717,478,269
2048,16384,t,2397412434,503317177,34049,5356787,262807,262264
2048,16384,n,2397470075,503317274,33910,6789777,586,70
2048,32768,t,2398808260,503317175,118383,10712547,525498,524502
2048,32768,n,2399110352,503317194,134693,13486407,1098,238
2048,65536,t,2399737478,503317178,170867,21368018,1050823,1049339
2048,65536,n,2401572219,503317184,272070,26958477,2158,242
2048,131072,t,2399875904,503317238,173457,42671528,2101647,2099497
2048,131072,n,2401842971,503317183,282929,53509776,4228,674
2048,262144,t,2400835630,503317251,216104,84787811,4203283,4201237
2048,262144,n,2399738248,503317178,157191,106747965,8356,1189
2048,524288,t,2400675229,503317205,176460,168762119,8406531,8404969
2048,524288,n,2400998824,503317192,215946,213054507,16544,4740
2048,1048576,t,2405806063,503317370,395495,337355002,16813596,16811935
2048,1048576,n,2399252147,503317212,56871,425954925,32969,6143
2048,1572864,t,2404965375,503317248,311882,504201534,25219980,25218715
2048,1572864,n,2399458546,503317159,36254,638997264,49411,6209
3072,16,t,2397762866,503317229,52528,8458,304,292
3072,16,n,2397796449,503317244,53182,8551,53,32
3072,128,t,2397788175,503317225,52171,52157,2111,2086
3072,128,n,2397729364,503317234,51984,54584,62,32
3072,512,t,2397698054,503317224,53378,189003,8309,8228
3072,512,n,2397807001,503317230,54625,215351,79,38
3072,1024,t,2397727408,503317248,52689,377394,16519,16425
3072,1024,n,2397823180,503317577,54112,421544,90,36
3072,2048,t,2397720890,503317221,53459,704133,32937,32824
3072,2048,n,2397840982,503317222,54609,853673,109,77
3072,3072,t,2397720123,503317253,52606,1038658,49350,49209
3072,3072,n,2397761453,503317225,53291,1274933,162,109
3072,4096,t,2398636204,503317251,98855,1375925,65780,65618
3072,4096,n,2397765333,503317226,53556,1707988,184,120
3072,5120,t,2397739910,503317288,53360,1706140,82223,82001
3072,5120,n,2397795800,503317220,54282,2140975,238,153
3072,6144,t,2397700137,503317188,52801,2033885,98628,98356
3072,6144,n,2397746634,503317216,53328,2564835,272,155
3072,7168,t,2397717890,503317201,53317,2374568,115057,114782
3072,7168,n,2397824412,503317212,54236,2979520,301,199
3072,8192,t,2397723033,503317229,52412,2706841,131542,131191
3072,8192,n,2397866461,503318706,53694,3413755,327,202
3072,12288,t,2397759884,503317259,53121,4058741,197193,196761
3072,12288,n,2397800602,503317288,53871,5086571,499,89
3072,16384,t,2397812419,503317257,54125,5378010,262797,262256
3072,16384,n,2397752848,503317262,52477,6800480,588,128
3072,32768,t,2397827491,503317301,53192,10726476,525471,524653
3072,32768,n,2398664561,503317241,105712,13481533,1136,144
3072,65536,t,2402054012,503317327,306977,21602572,1051005,1049871
3072,65536,n,2400197880,503319123,203640,26783616,2158,613
3072,131072,t,2401449492,503317266,268635,42588668,2101701,2100382
3072,131072,n,2400383192,503317248,210515,53435984,4242,983
3072,262144,t,2401254169,503317302,237349,84825235,4203403,4202368
3072,262144,n,2400318782,503318772,189536,106637934,8337,1813
3072,524288,t,2401954858,503317330,244228,168593789,8406599,8405341
3072,524288,n,2402978401,503317274,337045,213134709,16544,6121
3072,1048576,t,2403140428,503318729,252138,336863033,16813096,16811654
3072,1048576,n,2401048453,503317326,168512,425861291,33018,22746
3072,1572864,t,2404121360,503319018,215647,504612581,25221083,25219964
3072,1572864,n,2399864389,503317249,56085,638844380,49397,16012
4096,16,t,2398796417,503400099,71631,8109,312,292
4096,16,n,2398837813,503398749,71987,8624,62,33
4096,128,t,2398856382,503398790,72284,51489,2122,2083
4096,128,n,2399610343,503398910,122160,57529,53,41
4096,512,t,2398813688,503400325,74646,189051,8297,8226
4096,512,n,2398830071,503399048,74977,210267,78,36
4096,1024,t,2398795500,503399004,74434,364701,16504,16427
4096,1024,n,2398844143,503397783,75825,426261,90,38
4096,2048,t,2398832097,503399128,74718,697457,32920,32802
4096,2048,n,2398864362,503400213,75231,854083,122,71
4096,3072,t,2398840097,503398889,76034,1037072,49358,49233
4096,3072,n,2398843798,503397696,75107,1267980,165,64
4096,4096,t,2398897033,503400189,76570,1375888,65780,65617
4096,4096,n,2398908724,503397791,78376,1705950,198,114
4096,5120,t,2398844893,503398829,75667,1711530,82208,81997
4096,5120,n,2398931715,503397675,79255,2127012,243,154
4096,6144,t,2398973387,503398931,81967,2054228,98693,98506
4096,6144,n,2399039539,503397906,79447,2562140,256,215
4096,7168,t,2398886499,503399215,77026,2369495,115035,114779
4096,7168,n,2398970833,503397936,81178,2985451,298,189
4096,8192,t,2398853129,503398987,75996,2714147,131472,131273
4096,8192,n,2398843574,503397825,75766,3406619,329,217
4096,12288,t,2398935373,503399044,78099,4049637,197172,196821
4096,12288,n,2398916581,503398074,76703,5087485,447,268
4096,16384,t,2398885327,503399003,76654,5402484,262843,262437
4096,16384,n,2398879658,503397981,75972,6803722,606,387
4096,32768,t,2399030778,503400336,77978,10723124,525534,524884
4096,32768,n,2399981603,503398703,145901,13450410,1135,381
4096,65536,t,2401394454,503401477,220563,21320671,1050896,1049952
4096,65536,n,2401794211,503397895,254612,26817743,2162,995
4096,131072,t,2402349546,503400451,270701,42531167,2101764,2100785
4096,131072,n,2401832294,503397572,255334,53401410,4242,1450
4096,262144,t,2402649616,503400486,262649,84909424,4203469,4202787
4096,262144,n,2403269813,503399097,331208,106800778,8359,2735
4096,524288,t,2403972371,503399103,309932,168808704,8406671,8405653
4096,524288,n,2403128694,503399183,298143,212967069,16545,8755
4096,1048576,t,2404606851,503398945,265650,336276393,16813357,16812319
4096,1048576,n,2402361648,503398120,191859,425775006,33004,23318
4096,1572864,t,2406193472,503400831,240406,505223691,25221379,25220225
4096,1572864,n,2401444140,503397898,100568,638357038,49427,29121
5120,16,t,2615864209,504308387,13857613,8390,313,299
5120,16,n,2512707821,504308162,6781001,9367,59,30
5120,128,t,2528581531,504308153,7652724,54925,2124,2085
5120,128,n,2528611946,504308286,7721218,54327,60,37
5120,512,t,2514578837,504308215,6827902,210978,8304,8240
5120,512,n,2514446720,504308078,6814606,216841,75,55
5120,1024,t,2529100712,504308185,7744760,409828,16518,16432
5120,1024,n,2407443043,504308172,105314,425940,88,52
5120,2048,t,2512558880,504308264,6826992,814656,32951,32869
5120,2048,n,2515360305,504308087,6980583,858269,103,68
5120,3072,t,2407939841,504308161,126930,1219360,49351,49239
5120,3072,n,2409626167,504308116,180636,1282059,173,98
5120,4096,t,2407468239,504308167,104841,1380907,65789,65717
5120,4096,n,2409911200,504308216,242738,1700730,198,107
5120,5120,t,2511717887,504308135,6785225,1746709,82291,82137
5120,5120,n,2408086789,504308008,135619,2133162,227,186
5120,6144,t,2513216288,504308259,6829285,2079828,98695,98506
5120,6144,n,2512037456,504308097,6796966,2576701,275,200
5120,7168,t,2407758603,504308141,116417,2386430,115072,114840
5120,7168,n,2512651838,504308173,6790713,3012121,311,151
5120,8192,t,2410311861,504308039,260181,2739094,131519,131270
5120,8192,n,2726241071,504308286,20246848,3435046,405,345
5120,12288,t,2710851685,504308280,17158873,4157679,197219,196959
5120,12288,n,2407709432,504308077,116096,5122986,472,286
5120,16384,t,2408277122,504308086,139766,5443271,262973,262675
5120,16384,n,2408707229,504307963,160958,6887041,602,305
5120,32768,t,2409343685,504308042,216679,10741908,525557,525169
5120,32768,n,2619694645,504308242,13563797,13579735,1155,416
5120,65536,t,2410870875,504308116,298095,21388407,1050995,1050652
5120,65536,n,2411077764,504308029,324007,26773289,2188,1269
5120,131072,t,2624687477,504308386,13771306,43349057,2102839,2102351
5120,131072,n,2517506835,504308088,7025802,53738013,4244,2957
5120,262144,t,2411524983,504308063,297538,84725912,4203501,4202959
5120,262144,n,2411279954,504307937,312592,106538266,8350,4167
5120,524288,t,2604858824,504308232,8095962,170262588,8409050,8408477
5120,524288,n,2520680944,504308174,7197742,213896477,16758,9600
5120,1048576,t,2626904924,504308252,14053301,341404014,16818739,16818165
5120,1048576,n,2528911502,504308148,7467461,427461871,33607,26878
5120,1572864,t,2542769080,504310340,7979544,512211533,25233232,25232167
5120,1572864,n,2629324361,504308198,13583686,644126197,49551,35808
6144,16,t,2941500244,504310493,34434626,7914,306,298
6144,16,n,2574707454,504307333,10035176,9109,60,47
6144,128,t,2839609838,504307657,24168933,54303,2135,2083
6144,128,n,2860301852,504307586,28669825,55602,44,36
6144,512,t,3518176560,504308184,71779027,210229,8283,8237
6144,512,n,2769181305,504307541,22927682,221135,75,49
6144,1024,t,3237444054,504307967,54113083,388055,16545,16476
6144,1024,n,2617979795,504307347,12736853,433921,103,71
6144,2048,t,3404319623,504308081,63943347,772824,32956,32878
6144,2048,n,2535736891,504307256,7457852,889560,136,120
6144,3072,t,2659809615,504307360,14720438,1222848,49402,49313
6144,3072,n,3190773462,504307734,47736085,1340143,184,143
6144,4096,t,2605648761,504307319,11953860,1463894,65869,65739
6144,4096,n,3645611237,504308296,78238434,1909924,224,153
6144,5120,t,2581460608,504307328,10828713,1832641,82243,82184
6144,5120,n,2558648365,504307181,9441402,2251103,322,257
6144,6144,t,2991423639,504307661,38431629,2184531,98773,98614
6144,6144,n,2586215553,504307416,11025756,2672134,311,269
6144,7168,t,2646200233,504308036,13894915,2727671,115376,115081
6144,7168,n,3143619150,504307850,47590183,3175958,368,298
6144,8192,t,3358469517,504308091,58130674,2879183,131605,131523
6144,8192,n,3172650550,504307874,47265150,3583810,394,332
6144,12288,t,2906205860,504307626,28717936,4225590,197460,197283
6144,12288,n,2546155161,504307637,7498230,5243528,528,410
6144,16384,t,2554280028,504308493,8496940,6386081,263932,263439
6144,16384,n,3128942509,504307922,45707968,6973061,623,468
6144,32768,t,3114740878,504307804,45937680,11288410,526212,525940
6144,32768,n,2633011339,504308762,13013970,13996111,1157,675
6144,65536,t,2701834725,504309449,17477938,23081804,1053053,1052519
6144,65536,n,3134128150,504307677,45689929,27516768,2155,1327
6144,131072,t,2600747526,504307629,11560672,44602410,2103627,2103151
6144,131072,n,3260228181,504307785,54655476,55168845,4321,3648
6144,262144,t,2621392128,504308719,12705526,87439652,4206385,4205836
6144,262144,n,2571033224,504307189,10150872,108175942,8531,5736
6144,524288,t,2646458396,504308969,14582845,172579690,8410933,8410436
6144,524288,n,2691524379,504307420,17081077,220281213,17552,13059
6144,1048576,t,2657006354,504310296,14276096,344231208,16821744,16821261
6144,1048576,n,2636965118,504307311,13309100,431573234,33909,28943
6144,1572864,t,2744005585,504313083,19577143,516578540,25231020,25230432
6144,1572864,n,2602686494,504307320,11408414,645361827,50648,41408
7168,16,t,2956932850,504241657,33736565,9916,307,300
7168,16,n,3052311065,504241429,41525773,10129,57,43
7168,128,t,2828408219,504241438,26534451,50653,2107,2079
7168,128,n,2994815409,504242474,36787509,59455,69,44
7168,512,t,3095625462,504242081,44542727,229916,8302,8251
7168,512,n,2993391544,504244120,36729060,223980,71,51
7168,1024,t,3177479965,504241911,50657613,433660,16512,16427
7168,1024,n,2971990077,504242292,36105124,442329,97,52
7168,2048,t,5316050140,504246829,185332116,838630,32945,32882
7168,2048,n,2956787868,504241973,33821279,889119,143,119
7168,3072,t,4135350898,504245335,107746852,1262466,49383,49310
7168,3072,n,2934886097,504243051,30650348,1346986,152,136
7168,4096,t,2903199443,504242287,30864966,1606921,65809,65744
7168,4096,n,2872835824,504241231,28540870,2053042,227,149
7168,5120,t,2928197981,504243267,32414400,2002075,82260,82232
7168,5120,n,2861977839,504241277,28596814,2402047,275,191
7168,6144,t,2868907659,504241422,28973031,2450458,99120,99024
7168,6144,n,2941638796,504242412,33547461,2948928,316,223
7168,7168,t,3033450187,504244173,38367344,2803050,115087,115031
7168,7168,n,2913345222,504242390,31408090,3205027,344,253
7168,8192,t,2928973577,504243813,32115345,3397017,131503,131430
7168,8192,n,2906255790,504242721,31247855,3684222,413,350
7168,12288,t,2895054010,504241686,30548000,4930674,197638,197334
7168,12288,n,2845801493,504243729,27197282,5687624,525,321
7168,16384,t,4200470198,504246470,118164109,5872719,263302,263191
7168,16384,n,2913390240,504243496,32047856,7213690,649,539
7168,32768,t,2866021175,504242888,28941402,11859516,526234,526143
7168,32768,n,2866994338,504243079,28407632,14303681,1261,1081
7168,65536,t,5151377738,504246493,175418784,23364964,1052843,1052706
7168,65536,n,5052563724,504246914,165347028,28266232,2256,1793
7168,131072,t,4958831997,504247170,160328120,46278263,2105305,2105239
7168,131072,n,4891454178,504246872,160527983,56707108,4598,3920
7168,262144,t,2989258376,504245532,35989272,90964121,4209785,4209430
7168,262144,n,4902932742,504247120,157077102,112661356,9026,7332
7168,524288,t,2924060400,504248000,32590854,177737743,8416331,8415976
7168,524288,n,4418489194,504246265,126704520,224504269,19283,16814
7168,1048576,t,3045505215,504253286,38685542,353565726,16829782,16829384
7168,1048576,n,2946846270,504243817,32648910,437389418,34772,30777
7168,1572864,t,4970552607,504248983,161771954,550113711,25261894,25261061
7168,1572864,n,4898047332,504247009,158968355,671093918,50718,48581
8192,16,t,3356385426,504310699,59603836,7729,307,297
8192,16,n,3434820201,504308873,65630311,10640,52,34
8192,128,t,3439637828,504308318,65238967,52144,2122,2086
8192,128,n,3514768300,504308631,69543040,58602,57,36
8192,512,t,3539791734,504309856,71996020,237699,8340,8269
8192,512,n,3489600054,504309035,68806800,248473,84,47
8192,1024,t,3459175538,504308673,67646273,514177,16510,16422
8192,1024,n,3408127806,504309010,64383300,449094,86,39
8192,2048,t,6149353562,504313410,242798468,786802,32951,32866
8192,2048,n,3360301599,504309150,59936762,879138,119,59
8192,3072,t,6023855588,504313319,234746673,1285357,49484,49416
8192,3072,n,6601300999,504313789,268400477,1330147,165,151
8192,4096,t,6380895551,504313334,255164714,1574070,65800,65767
8192,4096,n,3389154751,504309797,62586290,1805634,218,186
8192,5120,t,3432796821,504309264,65807825,2291789,82236,82101
8192,5120,n,6111727085,504312794,239588423,2427165,264,246
8192,6144,t,6233969413,504313022,246512824,2354698,98681,98660
8192,6144,n,3420426898,504309574,63409080,2773502,324,288
8192,7168,t,3374665005,504307577,60656699,2925993,115362,115238
8192,7168,n,6494175046,504313192,263713092,3425741,375,349
8192,8192,t,6651649695,504313570,276319081,3147013,131519,131463
8192,8192,n,3412093192,504308588,64755405,3695099,395,358
8192,12288,t,3397729450,504308414,63464933,5017341,197389,197188
8192,12288,n,3402161699,504309767,62126010,5635071,521,481
8192,16384,t,3342893503,504309459,59096134,6571139,262829,262656
8192,16384,n,6603486221,504313280,270173426,7281642,694,676
8192,32768,t,6702450758,504313842,278908731,11980212,525770,525727
8192,32768,n,6660633419,504313437,277459078,14375344,1193,1037
8192,65536,t,3472042290,504311899,66272617,23654643,1052195,1052164
8192,65536,n,6796541455,504313441,283537730,28723311,2272,2052
8192,131072,t,6240442108,504312768,245751764,47225450,2106257,2106099
8192,131072,n,3425516308,504309134,64833403,57363614,4770,4177
8192,262144,t,3435723620,504319148,65054746,92797923,4213529,4212189
8192,262144,n,3480130752,504309598,66737134,114632414,8608,8422
8192,524288,t,3293582707,504320023,54603129,180463153,8420500,8420001
8192,524288,n,3409367298,504309735,61891484,222587254,17514,16372
8192,1048576,t,3445532905,504328492,65133563,360575120,16837254,16836863
8192,1048576,n,3380253671,504308574,61008358,442372551,35113,33187
8192,1572864,t,3514503016,504345899,68080796,540808543,25261621,25260729
8192,1572864,n,3429255779,504308719,63553507,661291241,52764,49816
12288,16,t,5337078508,504314597,196520151,7884,308,297
12288,16,n,5436716401,504317590,201380146,9611,72,39
12288,128,t,5360499952,504312723,197508408,53751,2117,2086
12288,128,n,5360749377,504320385,197040867,59451,62,46
12288,512,t,5366752509,504315915,197930815,200532,8315,8256
12288,512,n,5341270228,504315274,196399160,227974,68,39
12288,1024,t,5335418346,504317686,195852138,399465,16866,16796
12288,1024,n,5369409152,504314274,197999739,457548,80,28
12288,2048,t,5356360152,504316209,197563665,888632,32925,32804
12288,2048,n,5361965344,504313619,197276661,901334,124,76
12288,3072,t,5367132490,504315558,197365531,1161010,49837,49678
12288,3072,n,5356327711,504314505,197649726,1348839,162,120
12288,4096,t,5359928978,504316326,197876178,1826402,65835,65585
12288,4096,n,5368211788,504315244,197689874,1810354,199,127
12288,5120,t,5347914384,504316182,197256148,1968962,82567,82354
12288,5120,n,5355508683,504314109,197271348,2262937,235,139
12288,6144,t,5369376824,504315221,198062069,2699228,98646,98421
12288,6144,n,5359516236,504315509,197533968,2704706,263,102
12288,7168,t,5355509054,504315400,197739722,2763194,116616,116338
12288,7168,n,5354045349,504315230,197524244,3186184,305,105
12288,8192,t,5353917153,504312106,197951402,3525611,131480,131246
12288,8192,n,5359402117,504317736,197214785,3651998,345,185
12288,12288,t,5359975799,504313456,197885231,5083907,197184,196925
12288,12288,n,5360273629,504314298,197630395,5399246,463,141
12288,16384,t,5375996580,504318746,197733927,6302606,264632,264039
12288,16384,n,5371893527,504315075,198324820,7238767,605,212
12288,32768,t,5370757125,504316485,197632452,12599858,527042,526840
12288,32768,n,5360992508,504314532,197779825,14432757,1129,339
12288,65536,t,5361401925,504322812,197585312,24756178,1058916,1057781
12288,65536,n,5364770942,504313593,198220062,28511869,2219,931
12288,131072,t,5371888314,504328810,197742032,48559482,2112575,2111301
12288,131072,n,5370948884,504318489,197720095,56806241,4455,3082
12288,262144,t,5381230540,504339382,197884582,95481832,4223427,4222337
12288,262144,n,5376988618,504311901,197738957,112048456,9002,7655
12288,524288,t,5388232884,504363408,198669179,188862744,8443543,8442420
12288,524288,n,5370875105,504313757,197675955,222396645,17984,17060
12288,1048576,t,5423321169,504411688,199343186,375991480,16882798,16881832
12288,1048576,n,5379644353,504313463,197025078,441633002,35714,34973
12288,1572864,t,5449914377,504457247,200305978,562783739,25324988,25323633
12288,1572864,n,5407574354,504312834,198286933,661260364,51406,51226
16384,16,t,6559208930,504322012,280150226,8543,319,299
16384,16,n,6564233178,504321686,280221107,10051,42,34
16384,128,t,6571625134,504325029,279943918,54114,2123,2088
16384,128,n,6571835712,504325749,280137282,56684,64,30
16384,512,t,6569742597,504328392,280068304,196321,8323,8230
16384,512,n,6562759772,504324051,280084888,230283,69,54
16384,1024,t,6572217927,504324890,280010213,390001,16501,16421
16384,1024,n,6587712336,504320438,280189929,455049,84,35
16384,2048,t,6593086398,504321509,280492480,810046,33770,33649
16384,2048,n,6571867505,504315839,280121881,903316,132,34
16384,3072,t,6568305007,504322750,279919124,1354078,49358,49188
16384,3072,n,6589261374,504323723,280051585,1354658,160,98
16384,4096,t,6565884887,504319874,280126687,1816561,65796,65583
16384,4096,n,6574964649,504325325,280379574,1812230,188,112
16384,5120,t,6564593222,504324464,280082871,1951545,82959,82717
16384,5120,n,6569906209,504326218,280214782,2260925,238,176
16384,6144,t,6567873482,504319189,280135188,2367916,99946,99643
16384,6144,n,6588844656,504316965,280089441,2723015,257,43
16384,7168,t,6569901197,504326738,279939026,2768488,117102,116782
16384,7168,n,6570137905,504318190,279997778,3181651,301,188
16384,8192,t,6566064500,504319053,280186309,3478108,131530,131253
16384,8192,n,6574830497,504321386,280017755,3640599,343,194
16384,12288,t,6569305877,504322099,279984079,4656107,198435,197960
16384,12288,n,6588846580,504327918,279926928,5378912,464,186
16384,16384,t,6572083239,504323540,280177672,6610586,262884,262588
16384,16384,n,6577390186,504323127,280360203,7230070,630,218
16384,32768,t,6569887271,504331078,280325050,12537047,530164,529156
16384,32768,n,6571583154,504326394,279940569,14412068,1122,300
16384,65536,t,6574874162,504340148,280209642,24623910,1062739,1062479
16384,65536,n,6589452338,504324170,280127633,28760223,2242,1077
16384,131072,t,6573453547,504344577,280218256,48891419,2117394,2116040
16384,131072,n,6573160700,504320859,279971786,57080723,4549,3565
16384,262144,t,6585525935,504357758,280420074,96248910,4232469,4231174
16384,262144,n,6602123145,504323540,280090353,112665067,8963,7616
16384,524288,t,6610361405,504400716,281172002,191091482,8462953,8461617
16384,524288,n,6591228557,504318132,280060163,223694777,18025,16941
16384,1048576,t,6635530615,504474593,281699535,380641171,16923719,16922584
16384,1048576,n,6606925585,504322067,280103802,445783965,36081,35028
16384,1572864,t,6642813506,504572112,282960239,569308953,25395178,25394134
16384,1572864,n,6619095242,504320795,279810033,666160560,54021,53877
32768,16,t,8466288247,504354614,406417503,7944,314,297
32768,16,n,8466047901,504350745,406350096,10049,48,33
32768,128,t,8468382915,504356338,406296960,54353,2125,2104
32768,128,n,8468240457,504355928,406401527,58766,57,37
32768,512,t,8466326183,504360658,406339437,202040,8289,8233
32768,512,n,8463482918,504348481,406365448,230714,72,38
32768,1024,t,8462711949,504358320,406288220,435377,16554,16425
32768,1024,n,8490280823,504352914,406675781,448391,92,51
32768,2048,t,8469786980,504351192,406345638,904558,32914,32799
32768,2048,n,8464900469,504356851,406327948,892999,128,76
32768,3072,t,8467711180,504351308,406412933,1162892,49337,49194
32768,3072,n,8459727865,504362793,406436133,1358286,160,86
32768,4096,t,8466826837,504358514,406299111,1563430,66925,66738
32768,4096,n,8470521172,504366147,406414937,1783930,225,127
32768,5120,t,8468917590,504349590,406297809,2007322,84462,84216
32768,5120,n,8477056580,504345288,406592678,2273934,239,169
32768,6144,t,8464194307,504354218,406339137,2311460,98633,98366
32768,6144,n,8471625369,504362266,406375014,2721021,273,53
32768,7168,t,8458405948,504351560,406268234,2744260,116551,116245
32768,7168,n,8462406138,504351395,406515409,3157182,314,181
32768,8192,t,8461680872,504356410,406299671,3043972,132052,131712
32768,8192,n,8468969554,504365236,406339778,3615061,356,237
32768,12288,t,8467862635,504357935,406389206,4656099,198487,198054
32768,12288,n,8479075510,504358833,406621452,5386875,469,110
32768,16384,t,8468689843,504354168,406408959,6221321,264028,263415
32768,16384,n,8486973907,504361943,406365210,7195809,588,84
32768,32768,t,8472097861,504353492,406446557,12438577,529041,528059
32768,32768,n,8465610098,504344960,406340024,14439697,1155,247
32768,65536,t,8461237797,504360317,406418317,24913774,1060717,1059313
32768,65536,n,8479021690,504346339,406739997,28662595,2249,884
32768,131072,t,8476223771,504380365,406728993,48904013,2124138,2122549
32768,131072,n,8478719927,504355395,406621929,57107014,4515,3088
32768,262144,t,8478660283,504404557,406850668,96718667,4252818,4251260
32768,262144,n,8486501841,504363044,406546054,112742307,9054,7936
32768,524288,t,8495714231,504448386,407079348,192179209,8492509,8490977
32768,524288,n,8507695664,504351723,406536678,224047386,17966,16718
32768,1048576,t,8552504586,504541379,407973965,382142005,16983991,16982582
32768,1048576,n,8519548539,504350578,406719665,446047313,36041,35229
32768,1572864,t,8584022552,504636522,408543099,573051633,25468721,25467116
32768,1572864,n,8529916996,504360969,406530319,667764969,53229,53162
65536,16,t,9424737169,504376416,470712618,7531,305,301
65536,16,n,9432482474,504379241,470645693,8671,50,33
65536,128,t,9426963078,504377940,470590580,52411,2105,2083
65536,128,n,9434240896,504376320,470632716,58211,66,42
65536,512,t,9445575454,504377367,470816062,201539,8311,8238
65536,512,n,9429475794,504371658,470799673,229237,75,38
65536,1024,t,9443091442,504375342,470697796,393656,16556,16429
65536,1024,n,9442110148,504379549,470699038,457716,97,37
65536,2048,t,9434073058,504369797,470630343,798714,33280,33184
65536,2048,n,9437824990,504374543,470560091,898212,130,50
65536,3072,t,9430571404,504380518,470782061,1181103,50514,50355
65536,3072,n,9437941624,504377262,470890954,1358678,148,83
65536,4096,t,9426916609,504372522,470546079,1588937,66749,66565
65536,4096,n,9442429915,504375288,470600841,1829372,229,130
65536,5120,t,9428174512,504378715,470590058,1973740,84498,84286
65536,5120,n,9439966995,504384336,470682453,2261419,266,135
65536,6144,t,9428708048,504387322,470602096,2347613,100072,99803
65536,6144,n,9422645084,504377191,470606939,2712406,263,140
65536,7168,t,9426800505,504379916,470766685,2759392,115892,115547
65536,7168,n,9442836401,504378488,470930782,3183831,302,215
65536,8192,t,9436145344,504376892,470787050,3130577,131817,131487
65536,8192,n,9442721384,504378862,470614494,3646078,340,188
65536,12288,t,9427714307,504380031,470649560,4648088,198314,197826
65536,12288,n,9432489030,504368941,470637728,5411682,493,160
65536,16384,t,9431362346,504381678,470617307,6316342,267259,266668
65536,16384,n,9426982573,504372967,470614850,7305233,580,48
65536,32768,t,9432940136,504380219,470700912,12480615,529017,527928
65536,32768,n,9433403708,504375384,470625504,14381401,1115,85
65536,65536,t,9445799062,504384703,470599726,24735835,1060027,1058386
65536,65536,n,9448921924,504377255,470583650,28706471,2187,649
65536,131072,t,9443385627,504399574,470819207,49080155,2125866,2124351
65536,131072,n,9443888679,504378752,470701883,57068524,4458,2788
65536,262144,t,9457069081,504426441,471062372,96541826,4254029,4252461
65536,262144,n,9436571947,504387156,470628786,112736573,8937,7544
65536,524288,t,9463796022,504479793,471118067,191957045,8509625,8508122
65536,524288,n,9459471226,504379196,470655372,223546113,17930,17009
65536,1048576,t,9500195851,504555800,471699381,381614742,16993308,16991848
65536,1048576,n,9471367225,504371397,470657378,445344552,35893,35009
65536,1572864,t,9523959963,504674696,472239990,572347248,25509187,25507811
65536,1572864,n,9505000563,504387698,470840864,666512418,53430,53400
131072,16,t,9941974987,504383993,500178283,8024,314,294
131072,16,n,9921955722,504393881,500117948,9971,73,35
131072,128,t,9934130512,504379622,500133449,57964,2117,2085
131072,128,n,9942078986,504392482,500139422,59495,61,34
131072,512,t,9933847977,504403221,500184774,202771,8310,8234
131072,512,n,9940456744,504386678,500183183,229732,69,47
131072,1024,t,9932512611,504397269,500150881,423146,17271,17192
131072,1024,n,9921726675,504393849,500119427,459352,102,50
131072,2048,t,9927526744,504387386,500088277,835954,34230,34103
131072,2048,n,9925982879,504390546,500091031,913390,122,70
131072,3072,t,9920310552,504388585,500107806,1206974,50530,50406
131072,3072,n,9922099160,504407869,500197567,1351152,164,99
131072,4096,t,9936333377,504394987,500170374,1589498,65875,65700
131072,4096,n,9921445112,504403474,500155849,1814029,197,129
131072,5120,t,9927983363,504388102,500172736,2021597,83635,83341
131072,5120,n,9928112225,504373552,500132285,2268282,226,105
131072,6144,t,9930646135,504388367,500184319,2807558,98638,98433
131072,6144,n,9922090691,504390838,500137380,2742092,276,170
131072,7168,t,9935282893,504397950,500100819,2841525,117760,117525
131072,7168,n,9931697895,504399481,500150063,3170134,328,178
131072,8192,t,9939793039,504387414,500110431,3717207,131478,131255
131072,8192,n,9929850446,504379994,500167530,3592953,371,170
131072,12288,t,9941244532,504384435,500145026,4752152,199785,199331
131072,12288,n,9930077002,504375619,500131500,5458011,475,43
131072,16384,t,9930196854,504390872,500135513,6325089,265428,264887
131072,16384,n,9942482265,504404506,500151718,7282459,630,479
131072,32768,t,9925690643,504392862,500173503,12591439,531864,530866
131072,32768,n,9931544811,504384621,500120041,14505177,1172,820
131072,65536,t,9928766241,504414316,500152462,25071087,1065581,1064235
131072,65536,n,9936064518,504380911,500109891,28675259,2214,791
131072,131072,t,9935831060,504418860,500144839,48888794,2121762,2120211
131072,131072,n,9946730186,504389295,500119004,57031880,4440,2462
131072,262144,t,9943285192,504425574,500176629,96453101,4240835,4239420
131072,262144,n,9952498824,504386212,500122022,112647607,8890,7568
131072,524288,t,9945616765,504471674,500267508,191575998,8490016,8488388
131072,524288,n,9965159297,504385150,500235009,223342873,17882,16727
131072,1048576,t,9982236201,504452590,500332469,379051573,16867505,16866058
131072,1048576,n,9983109208,504389643,500113257,445399364,34390,33778
131072,1572864,t,10002811738,504404495,500594014,566191898,25238129,25236560
131072,1572864,n,9996763246,504388807,500244859,665027401,50082,50039
262144,16,t,10020262457,504381426,504368009,9557,303,296
262144,16,n,10015216220,504389214,504373937,9630,54,32
262144,128,t,10020769939,504391004,504374490,55813,2115,2093
262144,128,n,10006925904,504388529,504372732,58337,59,38
262144,512,t,10022594292,504361849,504346784,208388,8329,8237
262144,512,n,10019945122,504381623,504369193,228986,91,78
262144,1024,t,10017575927,504343622,504326818,416447,16516,16438
262144,1024,n,10009411470,504384144,504371914,445104,81,69
262144,2048,t,10017255983,504333047,504315724,837755,33771,33677
262144,2048,n,10007440220,504383532,504370574,887406,128,108
262144,3072,t,10006010930,504392256,504376124,1212600,49737,49599
262144,3072,n,10017534787,504368285,504351658,1369481,167,90
262144,4096,t,10006180166,504392786,504378846,2000854,65780,65600
262144,4096,n,10014256957,504401230,504385506,1823943,187,132
262144,5120,t,10007212539,504389895,504374125,2026981,83259,83065
262144,5120,n,10012731125,504398912,504384590,2303321,225,144
262144,6144,t,10028555593,504328841,504313438,2900719,98633,98386
262144,6144,n,10005743916,504385835,504373198,2715792,271,269
262144,7168,t,10018263379,504393066,504377868,2854444,116837,116663
262144,7168,n,10015165382,504329780,504313175,3208221,287,164
262144,8192,t,10007425513,504325951,504311692,3032006,131500,131495
262144,8192,n,10004879544,504385970,504373746,3678644,374,368
262144,12288,t,10005462374,504387877,504373350,4851985,198481,198217
262144,12288,n,9996610632,504382585,504367705,5510338,453,23
262144,16384,t,10018507462,504388309,504372701,6404458,265290,264916
262144,16384,n,10007588696,504379741,504364780,7355337,581,72
262144,32768,t,10021543802,504336361,504321670,12792039,525511,525272
262144,32768,n,10018073164,504326325,504311969,14566804,1239,1213
262144,65536,t,10016135701,504330094,504314814,25066968,1053173,1052489
262144,65536,n,10011295971,504386098,504370742,28812714,2212,1274
262144,131072,t,10013395935,504431640,504418326,49048027,2138366,2137837
262144,131072,n,10023116504,504342623,504325367,57196949,4445,2959
262144,262144,t,10020546872,504422687,504408655,96212772,4233650,4233103
262144,262144,n,10038439265,504332907,504315722,112766061,8925,7862
262144,524288,t,10036179196,504397017,504381692,190712679,8475727,8475076
262144,524288,n,10030015788,504335263,504318235,223721163,17918,16977
262144,1048576,t,10061747397,504451012,504438375,378871299,16869234,16868376
262144,1048576,n,10051915520,504392768,504377290,444933734,35257,34753
262144,1572864,t,10083133345,504395386,504382000,566836094,25255201,25253581
262144,1572864,n,10086675184,504359104,504346125,670913798,50899,50764
524288,16,t,9984709315,504384222,504374385,10212,296,289
524288,16,n,9983121900,504390981,504378938,9498,50,34
524288,128,t,9983802153,504392007,504378583,54694,2113,2082
524288,128,n,9982928289,504392578,504380222,63966,79,40
524288,512,t,9997727663,504388806,504377666,236903,8297,8229
524288,512,n,9989773220,504335257,504318696,231373,75,33
524288,1024,t,9974447593,504383909,504373783,374738,16518,16459
524288,1024,n,9981336925,504389769,504377444,457723,81,52
524288,2048,t,9981745454,504391641,504378904,830911,34020,33930
524288,2048,n,9986316633,504396002,504384057,916640,115,31
524288,3072,t,9995550562,504391046,504380258,1540885,49351,49194
524288,3072,n,9992358612,504371899,504362695,1374880,161,42
524288,4096,t,10000042894,504337346,504321134,1620548,65771,65644
524288,4096,n,9985964671,504393514,504383903,1768685,208,184
524288,5120,t,9981499795,504390655,504378965,2028449,82677,82466
524288,5120,n,9985883849,504399782,504390164,2299995,229,35
524288,6144,t,9996152842,504386854,504376724,2949487,98613,98407
524288,6144,n,9992762127,504393216,504381649,2770748,270,183
524288,7168,t,9995940510,504385149,504375109,3420445,115068,114799
524288,7168,n,9990581874,504400848,504390786,3257279,291,39
524288,8192,t,9984381283,504394959,504382943,3280222,133349,133122
524288,8192,n,9975134854,504388935,504376667,3696104,335,216
524288,12288,t,9974945115,504395955,504384361,4859104,198934,198690
524288,12288,n,9984622203,504389788,504378419,5460567,463,169
524288,16384,t,9998253651,504387621,504377960,6939918,262859,262583
524288,16384,n,9996048698,504407141,504397105,7400512,615,60
524288,32768,t,10002529425,504339436,504325643,12874137,525536,525237
524288,32768,n,9985722411,504388227,504376702,14637590,1138,125
524288,65536,t,9988429516,504408158,504397750,25359423,1068997,1067782
524288,65536,n,9984818170,504389638,504376811,28876000,2224,916
524288,131072,t,9995670842,504406729,504395654,49001204,2112110,2111603
524288,131072,n,9992331260,504389069,504376887,57332352,4420,2759
524288,262144,t,9998542292,504444854,504434178,96837253,4257076,4256567
524288,262144,n,10001416550,504391031,504378954,112988121,8863,7261
524288,524288,t,10018735748,504462157,504451352,191101496,8480104,8479584
524288,524288,n,10017958124,504393571,504381515,224559911,17863,17182
524288,1048576,t,10040662092,504474537,504464625,379268622,16893609,16892783
524288,1048576,n,10029740779,504389861,504378289,445859227,35644,33758
524288,1572864,t,10059686305,504479369,504470299,567409390,25307480,25305947
524288,1572864,n,10066076849,504377888,504367580,671934074,50912,50802
1048576,16,t,9974583128,504379748,504370537,7393,304,297
1048576,16,n,9956062277,504393152,504382611,9630,50,43
1048576,128,t,9966771752,504389072,504378494,57171,2105,2080
1048576,128,n,9974319564,504386920,504376331,61395,74,40
1048576,512,t,9955255685,504391784,504380965,207896,8327,8247
1048576,512,n,9973869477,504388862,504378187,238576,98,40
1048576,1024,t,9964239990,504392230,504381238,448441,16897,16808
1048576,1024,n,9954224220,504391646,504380842,465561,83,41
1048576,2048,t,9954577700,504392557,504381505,827130,32964,32813
1048576,2048,n,9964125880,504396746,504386019,924165,133,43
1048576,3072,t,9956959726,504393856,504383074,1251168,50184,50065
1048576,3072,n,9965363317,504388083,504378561,1387436,170,45
1048576,4096,t,9976773370,504388738,504377651,1660546,66150,65956
1048576,4096,n,9970285148,504398510,504387719,1830068,215,139
1048576,5120,t,9969093772,504391695,504379403,2095402,84445,84304
1048576,5120,n,9962965719,504393907,504384043,2313398,246,177
1048576,6144,t,9972504684,504387417,504377215,2407786,98675,98474
1048576,6144,n,9974563824,504395200,504384667,2759636,283,183
1048576,7168,t,9964088189,504391061,504380648,2908696,116174,115796
1048576,7168,n,9968170005,504394178,504384512,3256270,306,45
1048576,8192,t,9963758788,504390711,504380471,3310967,132535,132203
1048576,8192,n,9965954834,504388491,504378022,3705477,341,56
1048576,12288,t,9964997441,504391544,504380759,4968170,199487,198982
1048576,12288,n,9977656702,504393523,504383083,5505828,484,95
1048576,16384,t,9978451107,504394465,504384231,6460807,267864,267623
1048576,16384,n,9955166106,504383866,504373437,7371163,611,222
1048576,32768,t,9971314781,504396863,504384058,12889081,530050,529651
1048576,32768,n,9965359559,504389104,504379214,14748800,1130,117
1048576,65536,t,9977492884,504404457,504394283,25495750,1069006,1068384
1048576,65536,n,9957703604,504388817,504377012,29056754,2236,1574
1048576,131072,t,9975874544,504423214,504412783,49523243,2132511,2131940
1048576,131072,n,9972020039,504390813,504379511,57525662,4460,2748
1048576,262144,t,9980608699,504460170,504449681,97542222,4272073,4271602
1048576,262144,n,9974717799,504390099,504378410,112826926,8979,8357
1048576,524288,t,9988588300,504474362,504464303,191830909,8488750,8488225
1048576,524288,n,9992958133,504389553,504378203,224438224,17885,17191
1048576,1048576,t,10009274206,504489728,504479610,379137977,16913827,16913224
1048576,1048576,n,10015987772,504391068,504380667,446163325,35737,33775
1048576,1572864,t,10026761382,504425276,504416186,564308168,25258361,25257812
1048576,1572864,n,10036197676,504383303,504373656,673252694,50750,50489
1572864,16,t,9974660831,504325478,504311235,7954,307,294
1572864,16,n,9959417230,504386683,504376747,9801,54,37
1572864,128,t,9949667007,504394127,504385282,48869,2118,2087
1572864,128,n,9959979875,504390053,504379844,59345,63,43
1572864,512,t,9972827463,504388743,504376450,206713,8306,8236
1572864,512,n,9949423397,504393241,504383041,233080,80,42
1572864,1024,t,9949931038,504393150,504382889,422797,17141,17065
1572864,1024,n,9960712315,504392791,504382549,462585,89,50
1572864,2048,t,9961042317,504391530,504381044,899117,33290,33166
1572864,2048,n,9961509438,504393946,504383504,916359,120,36
1572864,3072,t,9958022160,504391958,504381026,1219037,49365,49205
1572864,3072,n,9960747675,504388908,504378846,1378499,163,51
1572864,4096,t,9962488756,504392979,504383257,1704173,67124,66919
1572864,4096,n,9962354214,504393334,504383956,1849444,189,47
1572864,5120,t,9966051074,504392661,504382956,2073279,83470,83221
1572864,5120,n,9961408227,504390441,504381247,2294801,229,42
1572864,6144,t,9959306553,504392554,504382593,2462530,100110,99802
1572864,6144,n,9961514195,504388330,504377343,2789823,260,44
1572864,7168,t,9959478886,504391942,504382954,2875084,117151,116827
1572864,7168,n,9974018656,504391029,504380576,3200960,314,53
1572864,8192,t,9949504800,504392646,504382745,3253954,131845,131511
1572864,8192,n,9961888320,504386954,504376084,3690996,333,63
1572864,12288,t,9973705904,504387406,504377125,4856389,197174,196667
1572864,12288,n,9972813193,504392366,504382777,5538455,469,56
1572864,16384,t,9974833191,504391980,504382929,6624461,265065,264486
1572864,16384,n,9951069726,504382563,504372954,7376411,605,65
1572864,32768,t,9960876455,504398184,504387955,13072900,529709,528605
1572864,32768,n,9963450916,504390281,504380663,14731246,1107,79
1572864,65536,t,9953490582,504404927,504395179,25471945,1061705,1059702
1572864,65536,n,9953753912,504389332,504378640,29253162,2226,1176
1572864,131072,t,9968962892,504405982,504396719,49435987,2112685,2110812
1572864,131072,n,9966461528,504388288,504377669,57882706,4416,2184
1572864,262144,t,9987036368,504439900,504430460,97550256,4252456,4251791
1572864,262144,n,9972013038,504388948,504377916,113526671,8919,7415
1572864,524288,t,9987004750,504460966,504451832,191605827,8471779,8470425
1572864,524288,n,9986851185,504390602,504379424,224486283,17828,17263
1572864,1048576,t,9995869938,504484244,504475202,378015619,16901819,16900494
1572864,1048576,n,10014242472,504389797,504380366,448480574,35605,33347
1572864,1572864,t,10038714346,504443393,504434074,565709165,25277737,25277148
1572864,1572864,n,10039055416,504386095,504376627,672521368,50738,50441
