16,16,t,644849024,346,257,7864,315,292
16,16,n,638978274,344,256,8587,54,34
16,128,t,643946476,338,257,50695,2116,2084
16,128,n,644695420,2371,2340,55300,63,35
16,512,t,646629265,353,269,190531,8294,8239
16,512,n,649655317,327,263,213107,71,33
16,1024,t,641789284,367,281,369750,16528,16426
16,1024,n,642427859,318,259,426453,87,47
16,2048,t,645839104,328,261,734381,32927,32827
16,2048,n,647130937,358,260,850916,119,35
16,3072,t,644871811,323,256,1028202,49348,49196
16,3072,n,648730564,320,257,1275099,163,48
16,4096,t,645088134,335,257,1358283,65797,65573
16,4096,n,650471148,362,256,1707007,203,103
16,5120,t,643015429,823,713,1690307,82302,82056
16,5120,n,691524005,1038,967,2141364,228,71
16,6144,t,648934736,925,853,2021473,98744,98472
16,6144,n,645649279,695,614,2585305,283,135
16,7168,t,654213654,998,922,2351107,115137,114822
16,7168,n,645929539,416,340,2967529,316,201
16,8192,t,769732059,1050,906,2682471,131649,131310
16,8192,n,643871130,473,401,3409607,334,150
16,12288,t,764829257,1532,1460,4021667,197354,196890
16,12288,n,645771470,677,552,5101987,475,41
16,16384,t,762608661,1288,1202,5357057,263098,262484
16,16384,n,646049631,794,720,6749628,586,199
16,32768,t,764434921,1792,1690,10694025,525883,524811
16,32768,n,645969800,475,401,13540212,1120,107
16,65536,t,651197277,4603,4506,21352607,1051412,1049492
16,65536,n,764814018,552,481,26743971,2159,646
16,131072,t,766110771,4957,4881,42763496,2102895,2099872
16,131072,n,645758969,552,480,53483316,4238,1622
16,262144,t,760586511,12384,12283,85162181,4205393,4202757
16,262144,n,674826586,765,706,106621789,8346,3207
16,524288,t,762258852,16624,16512,168970440,8411121,8408552
16,524288,n,643687087,567,491,213116018,16664,7795
16,1048576,t,685221369,45060,44955,337088949,16820317,16818011
16,1048576,n,634778119,850,763,425895391,33129,10744
16,1572864,t,712812537,44647,44550,504158601,25232424,25230606
16,1572864,n,641118629,364,289,639052078,49417,504
128,16,t,1091072744,5495,2049,7742,301,289
128,16,n,1091095989,3569,2048,8257,46,27
128,128,t,1091264001,4246,2049,51990,2106,2078
128,128,n,1091124088,18399,2051,54002,58,43
128,512,t,1090851061,3293,2049,201542,8339,8227
128,512,n,1090957537,5128,2048,213868,81,31
128,1024,t,1090968461,2549,2051,400915,16503,16420
128,1024,n,1091065480,3415,2197,425852,91,32
128,2048,t,1091174345,8649,2048,780641,32925,32804
128,2048,n,1091145565,3528,2050,850160,134,37
128,3072,t,1091249794,4047,2049,1141022,49344,49192
128,3072,n,1091123318,8728,2053,1270365,154,66
128,4096,t,1091124694,3641,2050,1463689,65773,65577
128,4096,n,1091110255,4152,2052,1713219,207,93
128,5120,t,1091102688,3945,2462,1686677,82206,81964
128,5120,n,1091131731,6229,3012,2132074,238,116
128,6144,t,1462317936,140830533,2095,2032966,98649,98353
128,6144,n,1091122303,8400,5781,2578759,280,99
128,7168,t,1090789390,3449,2053,2357098,115053,114732
128,7168,n,1091170818,4132,3016,2969172,293,156
128,8192,t,1091247575,3207,2050,2679883,131458,131107
128,8192,n,1091057745,6074,2604,3416629,339,164
128,12288,t,1091211130,5863,3202,4012167,197136,196713
128,12288,n,1456732424,138635916,3264,5090342,483,256
128,16384,t,1091081578,3563,2087,5356909,262853,262213
128,16384,n,1091205820,12705,3681,6749353,584,46
128,32768,t,1091125931,10198,2094,10673435,525480,524396
128,32768,n,1091188223,8878,2825,13543734,1106,127
128,65536,t,1091059404,5802,2495,21307370,1050832,1048776
128,65536,n,1090976856,5577,3287,26766652,2173,267
128,131072,t,1091139441,9293,3341,42680128,2101540,2098290
128,131072,n,1091098906,3848,3066,53508059,4222,177
128,262144,t,1091306008,7566,6341,84982547,4203217,4199853
128,262144,n,1091102515,9379,4973,106588151,8375,1718
128,524288,t,1091496649,24401,6614,168824721,8406482,8403684
128,524288,n,1091125218,21984,3764,213123461,16577,7020
128,1048576,t,1099214882,2267367,4946,336602913,16813007,16810379
128,1048576,n,1091356544,9865,7681,425827275,32970,21715
128,1572864,t,1091713792,7032,5785,504706849,25219080,25216387
128,1572864,n,1091140899,6004,2049,638989943,49386,407
512,16,t,2396446711,503119071,8437,8023,310,294
512,16,n,2396972632,503316882,8313,8688,59,37
512,128,t,2396975272,503317596,8193,53442,2120,2082
512,128,n,2396998745,503317610,8343,55135,69,32
512,512,t,2396958251,503317519,8565,198705,8299,8220
512,512,n,2396996516,503317495,8961,212681,67,33
512,1024,t,2396986055,503317556,8893,398795,16526,16408
512,1024,n,2397019800,503317578,8915,430087,87,39
512,2048,t,2397048632,503316964,8193,768084,32915,32809
512,2048,n,2397010346,503317524,8518,846107,112,39
512,3072,t,2396997647,503317566,8205,1105819,49378,49208
512,3072,n,2397041068,503317665,9200,1279147,170,56
512,4096,t,2396967962,503316805,8197,1477976,65793,65592
512,4096,n,2397032375,503316864,8501,1696626,192,101
512,5120,t,2397012494,503317597,8206,1869306,82212,81984
512,5120,n,2397014784,503313651,8814,2147823,243,84
512,6144,t,2396977796,503317591,8194,2012848,98616,98341
512,6144,n,2397002903,503312588,8280,2572933,261,118
512,7168,t,2396985706,503316784,8194,2350187,115039,114747
512,7168,n,2397024553,503317593,8472,2981959,295,122
512,8192,t,2396939934,503316663,8194,2678556,131468,131105
512,8192,n,2396996029,503317617,8535,3406396,322,182
512,12288,t,2396980088,503316892,8399,3991207,197129,196666
512,12288,n,2396992320,503317546,8234,5095365,440,39
512,16384,t,2397000800,503317610,8193,5327865,262799,262233
512,16384,n,2395115155,502644262,8467,6750203,605,214
512,32768,t,2397154716,503315321,13798,10692604,525505,524364
512,32768,n,2397519700,503315387,36410,13515278,1111,79
512,65536,t,2397332889,503317469,18842,21399739,1050893,1048927
512,65536,n,2397491404,503316477,31359,26766645,2159,155
512,131072,t,2397660466,503317273,32894,42712830,2101638,2099203
512,131072,n,2318274339,471894843,32506,53491954,4242,259
512,262144,t,2398084305,503313054,44316,85066443,4203214,4199874
512,262144,n,2397951281,503314313,44901,106528590,8353,2486
512,524288,t,2398600832,503315168,48736,169023286,8406462,8403755
512,524288,n,2327923189,475600599,55060,213055553,16550,6936
512,1048576,t,2330199257,475798600,51396,337023410,16813231,16811210
512,1048576,n,2397958492,503118824,23547,426045541,32987,425
512,1572864,t,2399858910,503122676,34632,504163618,25219486,25217511
512,1572864,n,2398381444,503124870,8656,639068184,49375,663
1024,16,t,2397174372,503317313,17679,8230,318,298
1024,16,n,2397177300,503317293,17625,8116,55,32
1024,128,t,2397167372,503317270,16627,52880,2125,2079
1024,128,n,2397158616,503317264,18092,57016,67,38
1024,512,t,2397125471,503317311,17162,196004,8311,8228
1024,512,n,2397201766,503317290,17931,215815,69,34
1024,1024,t,2397150530,503317263,17212,389090,16509,16422
1024,1024,n,2397191048,503317255,18085,426893,79,37
1024,2048,t,2397127258,503317316,17005,782221,32959,32795
1024,2048,n,2397181551,503317245,17198,857093,124,39
1024,3072,t,2397123410,503317297,17229,1159372,49356,49182
1024,3072,n,2397168547,503317316,17607,1280911,153,48
1024,4096,t,2397140729,503317246,17391,1536890,65811,65595
1024,4096,n,2397198554,503317293,17460,1702878,184,32
1024,5120,t,2397150510,503317329,17269,1914260,82219,81992
1024,5120,n,2397161498,503317313,17508,2117686,244,39
1024,6144,t,2397132690,503317356,17263,2313889,98640,98388
1024,6144,n,2397199384,503317240,17363,2568473,267,151
1024,7168,t,2397134173,503317306,16437,2351782,115051,114753
1024,7168,n,2397211917,503317243,17485,2991019,292,160
1024,8192,t,2397083590,503317298,16594,2683716,131498,131119
1024,8192,n,2397182486,503317285,17549,3408620,323,210
1024,12288,t,2397135746,503317311,16402,4016250,197134,196685
1024,12288,n,2397167099,503317280,17539,5099052,458,35
1024,16384,t,2397125046,503317253,16562,5330083,262789,262221
1024,16384,n,2397163719,503317284,17135,6735507,598,259
1024,32768,t,2397140834,503317349,16465,10660381,525492,524377
1024,32768,n,2397204042,503317282,17139,13520536,1126,129
1024,65536,t,2398046789,503317271,58613,21330168,1050833,1049001
1024,65536,n,2398686343,503317242,109706,26764645,2172,128
1024,131072,t,2398082500,503317319,60899,42705704,2101614,2099193
1024,131072,n,2398668921,503317299,102876,53471066,4239,624
1024,262144,t,2398793841,503317310,92651,85074997,4203307,4200470
1024,262144,n,2398948262,503317273,108445,106619168,8340,2691
1024,524288,t,2399581216,503317316,111415,168765684,8406571,8403910
1024,524288,n,2398899254,503317270,84557,213050920,16568,5890
1024,1048576,t,2400246418,503317277,88067,336705854,16813122,16810825
1024,1048576,n,2399114533,503317345,55999,425484029,32985,20833
1024,1572864,t,2400844797,503317425,36586,504209396,25218945,25218289
1024,1572864,n,2399128407,503317292,17646,638941834,49385,732
2048,16,t,2397421799,503317151,34705,8015,314,289
2048,16,n,2397442789,503317171,35234,8382,54,31
2048,128,t,2397440052,503317153,36006,51315,2119,2086
2048,128,n,2397452933,503317162,35392,56133,55,34
2048,512,t,2397483383,503317230,35529,199698,8311,8230
2048,512,n,2397463511,503317221,35551,216944,74,34
2048,1024,t,2397474911,503317205,35979,396332,16510,16420
2048,1024,n,2397419461,503317168,34401,430596,99,35
2048,2048,t,2397451477,503317184,36462,792385,32941,32800
2048,2048,n,2397473252,503317210,35015,855446,115,33
2048,3072,t,2397418745,503317150,33739,1162042,49338,49185
2048,3072,n,2397462927,503317161,36233,1270637,164,43
2048,4096,t,2397411930,503317163,34269,1554096,65771,65606
2048,4096,n,2397479599,503317171,35935,1726513,197,50
2048,5120,t,2397441503,503317176,34405,1945015,82219,82077
2048,5120,n,2397511249,503317183,36617,2136853,239,41
2048,6144,t,2397443829,503317171,34534,2322263,98619,98411
2048,6144,n,2397466186,503317161,35000,2570414,258,160
2048,7168,t,2397372504,503317200,33369,2365761,115089,114779
2048,7168,n,2397487874,503317171,35254,2991839,312,182
2048,8192,t,2397343289,503317185,33653,2696931,131468,131147
2048,8192,n,2397490184,503317194,35153,3412115,326,216
2048,12288,t,2397409731,503317196,34084,4036771,197117,196691
2048,12288,n,2397473753,503317136,34629,5087288,466,56
2048,16384,t,2397386463,503317178,33319,5364440,262803,262271
2048,16384,n,2397493453,503317163,35572,6790006,608,225
2048,32768,t,2397446338,503317190,33902,10722089,525490,524573
2048,32768,n,2397699153,503317187,46697,13510175,1123,214
2048,65536,t,2400199640,503317199,186444,21431411,1050884,1049237
2048,65536,n,2399035450,503317210,127492,26850475,2150,329
2048,131072,t,2400092817,503317265,186442,42667301,2101654,2099567
2048,131072,n,2400439219,503317180,212903,53465152,4249,279
2048,262144,t,2400305161,503317235,184549,84909435,4203208,4201555
2048,262144,n,2399324660,503317189,131227,106684116,8369,1685
2048,524288,t,2400310008,503317176,150372,169062650,8406528,8405127
2048,524288,n,2400110469,503317190,159267,213079857,16567,6885
2048,1048576,t,2401821342,503317222,190898,336176249,16813237,16811314
2048,1048576,n,2400795069,503317255,157959,425741816,32984,20164
2048,1572864,t,2402897178,503317209,192799,503859443,25219542,25218341
2048,1572864,n,2399468040,503317188,37317,639041799,49410,4563
3072,16,t,2397739827,503317214,53223,7551,320,287
3072,16,n,2398658655,503317225,111371,8785,51,34
3072,128,t,2397783388,503317213,55431,51246,2102,2083
3072,128,n,2397964516,503319042,56180,54109,55,37
3072,512,t,2397805451,503317219,55524,189319,8314,8226
3072,512,n,2397782351,503317257,54392,220449,59,35
3072,1024,t,2397737668,503317214,53729,373267,16522,16432
3072,1024,n,2397845581,503318766,55573,427384,89,58
3072,2048,t,2398208266,503317291,84396,700869,32931,32803
3072,2048,n,2397837500,503317239,55544,858720,138,54
3072,3072,t,2397789990,503317208,57215,1044649,49347,49214
3072,3072,n,2397851900,503317249,56678,1285307,161,85
3072,4096,t,2397749998,503318693,53134,1376814,65788,65601
3072,4096,n,2397838454,503317238,56361,1707215,198,128
3072,5120,t,2397716596,503317265,53852,1696556,82211,81996
3072,5120,n,2397812341,503318616,54980,2137939,228,152
3072,6144,t,2397750109,503317263,53411,2038150,98618,98396
3072,6144,n,2397888250,503317253,56756,2567563,256,158
3072,7168,t,2397743355,503317233,53368,2371766,115089,114771
3072,7168,n,2397826256,503317229,54971,2989690,297,165
3072,8192,t,2398759389,503317251,119437,2705157,131481,131185
3072,8192,n,2397826994,503317265,54492,3410711,317,256
3072,12288,t,2398405527,503318537,92248,4062299,197167,196791
3072,12288,n,2397849537,503317268,55163,5070699,465,133
3072,16384,t,2397804423,503317339,54086,5367078,262807,262300
3072,16384,n,2397866308,503317213,56419,6814626,590,262
3072,32768,t,2399356462,503317219,152658,10712812,525481,524767
3072,32768,n,2399080710,503318704,130010,13470355,1129,219
3072,65536,t,2400298390,503317283,205790,21370740,1050886,1049920
3072,65536,n,2400801640,503317263,244431,26836134,2167,510
3072,131072,t,2401059847,503317282,241210,42540670,2101769,2100633
3072,131072,n,2400298201,503317212,201796,53463193,4239,683
3072,262144,t,2400925575,503317268,214255,84673285,4203402,4202583
3072,262144,n,2400462503,503317250,201631,106709639,8376,1639
3072,524288,t,2400829798,503318497,176398,168680803,8406636,8405381
3072,524288,n,2401396618,503317255,239709,213019381,16572,5645
3072,1048576,t,2402335752,503318513,198225,336296957,16813220,16812027
3072,1048576,n,2401088642,503317274,170089,425770822,32985,22994
3072,1572864,t,2404444859,503319798,217144,505052818,25220911,25220062
3072,1572864,n,2399919576,503317279,56854,638777618,49393,14318
4096,16,t,2536556475,503400185,8919964,9317,322,291
4096,16,n,2398867419,503397799,77138,9753,81,51
4096,128,t,2399018543,503398997,82692,52890,2120,2093
4096,128,n,2531673769,503398845,8482730,56834,61,30
4096,512,t,2398862666,503400278,77898,191813,8322,8239
4096,512,n,2399432896,503397654,100208,216173,78,40
4096,1024,t,2532096942,503398807,8438833,369653,16512,16414
4096,1024,n,2530017850,503401538,8434848,434631,91,25
4096,2048,t,2399290846,503397858,104445,704145,32923,32814
4096,2048,n,2398998009,503397789,83566,850045,116,81
4096,3072,t,2399476625,503398993,100901,1049830,49369,49236
4096,3072,n,2529765369,503400194,8442176,1283359,154,64
4096,4096,t,2399372000,503399038,99944,1370432,65765,65620
4096,4096,n,2398892840,503397584,77280,1711429,193,135
4096,5120,t,2398923383,503400293,79011,1724833,82230,82019
4096,5120,n,2416732551,503397795,737646,2132719,226,132
4096,6144,t,2537254575,503400577,8924364,2068948,98671,98475
4096,6144,n,2530750381,503398788,8443013,2588724,287,192
4096,7168,t,2398937459,503399762,80198,2386559,115059,114804
4096,7168,n,2399555861,503398794,112702,2983559,290,217
4096,8192,t,2399039680,503399213,86883,2704398,131461,131200
4096,8192,n,2398898743,503397570,78499,3414946,338,217
4096,12288,t,2399000623,503399074,78665,4048643,197153,196785
4096,12288,n,2399034820,503399274,81521,5120630,451,159
4096,16384,t,2399031707,503400206,82588,5380664,262828,262387
4096,16384,n,2528913920,503399027,8433471,6840499,631,273
4096,32768,t,2400066266,503397845,146103,10687855,525553,524906
4096,32768,n,2399913119,503397811,141524,13452206,1122,450
4096,65536,t,2532430021,503400999,8564021,21524491,1051068,1050272
4096,65536,n,2401341511,503398993,226314,26833417,2166,867
4096,131072,t,2402005032,503397683,243091,42521092,2101764,2100954
4096,131072,n,2401719479,503398764,239272,53352946,4290,1591
4096,262144,t,2402163126,503397947,240873,84696081,4203412,4202698
4096,262144,n,2402082990,503398121,249159,106694520,8359,2587
4096,524288,t,2402518919,503399061,212876,168735595,8406639,8405542
4096,524288,n,2402302847,503397819,244712,213082012,16576,8713
4096,1048576,t,2404154937,503397825,241223,336977668,16813131,16812221
4096,1048576,n,2401867310,503397530,163155,425554913,32989,23518
4096,1572864,t,2404848346,503399134,205690,504397721,25219381,25218665
4096,1572864,n,2401007401,503397123,79482,638203986,49431,26671
5120,16,t,2731295172,504308257,20966265,9532,313,297
5120,16,n,2537364298,504308112,8384761,10101,73,38
5120,128,t,2448984577,504308201,2802319,51044,2123,2099
5120,128,n,2626867609,504308205,14029398,55439,56,38
5120,512,t,2631540200,504311765,14117146,207896,8312,8252
5120,512,n,2618501588,504308199,13600673,216293,86,50
5120,1024,t,2457846765,504308033,3173119,366826,16519,16441
5120,1024,n,2522261758,504308302,7414625,433195,96,43
5120,2048,t,2408691206,504308021,151781,709621,32929,32836
5120,2048,n,2445465411,504308062,2417277,854627,106,86
5120,3072,t,2410895717,504308048,306697,1062006,49364,49245
5120,3072,n,2611543673,504308442,13501437,1295356,185,119
5120,4096,t,2522953015,504308264,7355491,1420286,65856,65676
5120,4096,n,2408698744,504307965,148614,1718987,188,154
5120,5120,t,2408470823,504307968,147995,1722194,82213,82054
5120,5120,n,2432682812,504308249,759264,2129067,301,253
5120,6144,t,2735582031,504308495,20536041,2101134,98800,98612
5120,6144,n,2625669566,504308318,13928393,2592945,281,192
5120,7168,t,2722906625,504308463,20176682,2445845,115061,114860
5120,7168,n,2625191317,504308291,13925354,3030892,301,189
5120,8192,t,2513302921,504308240,6822159,2742092,131524,131320
5120,8192,n,2507085740,504308120,5632471,3413810,347,234
5120,12288,t,2983503141,504308573,31776414,4225611,197302,197081
5120,12288,n,2834120705,504308396,27253984,5216470,494,315
5120,16384,t,2624726032,504308223,13904078,5521929,263080,262706
5120,16384,n,2833915041,504308553,27243339,6907648,612,420
5120,32768,t,2621079013,504308293,13558326,10873771,525702,525227
5120,32768,n,2736855955,504308266,20968392,13596068,1142,369
5120,65536,t,2623080141,504308395,13713227,21789863,1051805,1051335
5120,65536,n,2867899818,504308491,29396713,27309551,2232,1189
5120,131072,t,2631737211,504308194,14226552,43424194,2103384,2102761
5120,131072,n,2622220626,504308173,13712444,53857745,4304,2183
5120,262144,t,2450664895,504308342,2598594,85542250,4204674,4204157
5120,262144,n,2859635650,504308383,28265630,108465680,8503,4400
5120,524288,t,2663038383,504308259,16078446,172493689,8413721,8413086
5120,524288,n,2741737312,504308269,21492728,215815802,16888,11476
5120,1048576,t,2550426610,504308108,8552209,340427791,16820010,16819378
5120,1048576,n,2639897029,504308220,14457963,429608342,33479,26922
5120,1572864,t,2561799856,504308252,8936698,512864770,25237437,25236755
5120,1572864,n,2514645922,504308062,6017059,645779389,50174,32937
6144,16,t,2607118091,504307380,11940756,8277,315,293
6144,16,n,3676932284,504308375,81570802,8338,57,36
6144,128,t,2668751184,504307728,15112540,54044,2162,2130
6144,128,n,3607026012,504311307,75081414,64323,75,39
6144,512,t,2724155521,504307486,19586518,202607,8360,8293
6144,512,n,3794276492,504308499,90796635,237217,82,40
6144,1024,t,2613350079,504307365,11903456,390348,16534,16452
6144,1024,n,2625095786,504307458,13359319,459656,110,51
6144,2048,t,3963751994,504308619,101238305,834636,32939,32859
6144,2048,n,2721426236,504307369,20308137,904760,166,123
6144,3072,t,3990809986,504311599,99298230,1279617,49365,49292
6144,3072,n,3914698808,504308619,96943133,1373069,195,139
6144,4096,t,2788115844,504308438,22795886,1683326,65825,65784
6144,4096,n,3888288709,504311554,92985889,1823821,233,186
6144,5120,t,3706856988,504308560,82463219,2051960,82259,82211
6144,5120,n,4222205465,504312485,110925731,2260543,306,163
6144,6144,t,3812590029,504308681,88223705,2423697,98682,98657
6144,6144,n,2723101073,504308222,19302069,2725749,334,126
6144,7168,t,2706289885,504307715,16898801,2564582,115243,115102
6144,7168,n,2661618817,504307953,14501714,3216661,322,220
6144,8192,t,3888201380,504308561,96369670,2939741,131673,131483
6144,8192,n,3727435194,504308417,85539070,3561555,388,219
6144,12288,t,2750902534,504307430,21571078,4351954,197321,197157
6144,12288,n,3868605601,504312407,90189975,5328652,486,300
6144,16384,t,2669138806,504308090,16183251,5886488,263508,263251
6144,16384,n,3360944425,504310790,60840082,7078186,774,499
6144,32768,t,2644494249,504308223,14497914,11547826,526514,526138
6144,32768,n,4072475223,504308546,104756635,14177373,1206,840
6144,65536,t,4075417441,504308765,106846679,23287735,1051859,1051798
6144,65536,n,2647919106,504307465,14153515,27413535,2328,1495
6144,131072,t,2779338948,504308176,22218883,44738791,2104310,2103838
6144,131072,n,3342843008,504311848,60483221,55737683,5268,3956
6144,262144,t,2736050712,504310910,20115737,88050251,4207086,4206612
6144,262144,n,2671568530,504307865,15958159,108551338,8529,5626
6144,524288,t,2846641667,504311399,26238158,175013995,8413340,8412791
6144,524288,n,2707764532,504308951,17199897,216808315,17620,13359
6144,1048576,t,2713807852,504311240,17555841,345763416,16822495,16822047
6144,1048576,n,2735810553,504308922,18280457,432096365,33753,28259
6144,1572864,t,2757969178,504315479,20631243,518356448,25234119,25233260
6144,1572864,n,2752520512,504308806,19763932,650195330,50884,37347
7168,16,t,2977071154,504242194,36608087,9097,323,296
7168,16,n,2998874909,504243241,37113382,8765,65,52
7168,128,t,3011882270,504243840,37256064,58052,2122,2097
7168,128,n,2991145153,504242876,35104577,58458,64,47
7168,512,t,3045540819,504243480,38452612,220364,8300,8242
7168,512,n,5122249007,504243683,171984356,221927,57,41
7168,1024,t,3042338713,504241564,38856943,408135,16522,16444
7168,1024,n,3001640337,504242657,35860236,446834,93,72
7168,2048,t,2983348710,504244164,35399954,857761,32934,32851
7168,2048,n,5639631740,504247808,206685427,893187,127,107
7168,3072,t,3046312308,504243029,39331895,1231226,49398,49341
7168,3072,n,5373748003,504246698,192091566,1348645,186,156
7168,4096,t,3026734090,504243314,37771025,1617368,65812,65709
7168,4096,n,3011646528,504242863,37245093,1885260,210,139
7168,5120,t,3056532806,504244191,38833446,2046985,82229,82168
7168,5120,n,4925359153,504247259,160708006,2288528,300,237
7168,6144,t,2971352675,504242907,34532972,2330658,98726,98622
7168,6144,n,5571388263,504247528,203447856,2830656,337,224
7168,7168,t,4921257920,504247155,160744604,2755113,115097,115058
7168,7168,n,2983030848,504243419,35803876,3212737,347,313
7168,8192,t,5511410075,504247782,196864723,3219317,131508,131478
7168,8192,n,5207211231,504247339,179083477,3658036,380,345
7168,12288,t,2999583141,504242832,36051875,4672908,197185,197125
7168,12288,n,5193999877,504247602,178558194,5424385,514,307
7168,16384,t,4808418499,504246670,154980982,6068848,262835,262766
7168,16384,n,2985676433,504244144,35097555,7211763,641,514
7168,32768,t,3083471122,504244065,42456686,12143927,525513,525429
7168,32768,n,4866282869,504247032,155051731,14335693,1195,806
7168,65536,t,4999604894,504247489,164644503,23859937,1051321,1051253
7168,65536,n,4850835627,504247341,158028338,28239015,2260,1556
7168,131072,t,5240570563,504247436,180296691,46516128,2105722,2105639
7168,131072,n,3014434491,504243647,36793727,56346543,4478,3522
7168,262144,t,2970324182,504245010,33928806,90768144,4210631,4210405
7168,262144,n,4974964672,504246113,161335045,112374999,8591,6959
7168,524288,t,2958821667,504248030,32788735,177249296,8416044,8415842
7168,524288,n,5163934165,504247023,173006061,224208093,16749,14452
7168,1048576,t,4444486270,504252606,127705417,351631612,16830379,16829855
7168,1048576,n,2927135883,504242872,30919496,436256842,33982,31059
7168,1572864,t,3047323051,504255971,38035197,526831213,25242301,25241864
7168,1572864,n,3012389338,504242771,36713476,654661854,50442,48424
8192,16,t,6060916606,504313458,236462598,8643,312,300
8192,16,n,3479215037,504310647,66986486,8713,58,44
8192,128,t,3496248864,504309882,69136898,61863,2111,2077
8192,128,n,3459040580,504309013,66349737,63734,47,37
8192,512,t,6746539405,504314075,280653397,260897,8299,8228
8192,512,n,3478027345,504310485,67358424,228782,63,47
8192,1024,t,6758725622,504313991,279273682,409556,16522,16455
8192,1024,n,3484132795,504308820,67516303,448601,95,75
8192,2048,t,3384999659,504311786,59707515,873904,32932,32875
8192,2048,n,3464631069,504311360,65140937,1004037,124,62
8192,3072,t,3393598377,504308634,62872751,1278619,49407,49319
8192,3072,n,3467490657,504307337,67144398,1357837,165,39
8192,4096,t,3367435332,504309211,60198321,1610718,65789,65703
8192,4096,n,3487229394,504309135,67258762,1823434,240,155
8192,5120,t,3407298751,504310140,62160417,2046097,82234,82188
8192,5120,n,3435685690,504309461,63613693,2509475,263,175
8192,6144,t,3433351243,504308015,64573431,2609305,99041,98805
8192,6144,n,3426381153,504308681,64847552,2898005,314,284
8192,7168,t,3435603029,504308765,63837256,2964504,115086,114987
8192,7168,n,3385736133,504308497,61859503,3562691,337,228
8192,8192,t,3359281122,504308703,59391415,3552832,131509,131261
8192,8192,n,3414761103,504309351,62582647,3742471,380,362
8192,12288,t,3334996388,504308084,58394571,4963863,197167,197085
8192,12288,n,3458123796,504309126,65353274,5628852,539,515
8192,16384,t,3372671289,504309363,60674707,6431453,262857,262763
8192,16384,n,3459532684,504309007,66878204,7354795,594,71
8192,32768,t,3423275654,504311547,64503817,11950729,526679,526634
8192,32768,n,3513482741,504312497,68260723,14571274,1196,901
8192,65536,t,3494693669,504308765,69011116,23966855,1051292,1051196
8192,65536,n,3427056945,504307844,64974944,29187384,2482,1814
8192,131072,t,3452203275,504309598,65321179,47447034,2106063,2105851
8192,131072,n,3370506846,504308721,60351873,57182916,4373,3751
8192,262144,t,3475849698,504315926,66975437,92020873,4212201,4211744
8192,262144,n,3502428361,504308841,69906772,111165125,8618,6387
8192,524288,t,3447173827,504319756,66639544,182289650,8421304,8421074
8192,524288,n,3440622524,504309698,63004952,222705263,18025,16763
8192,1048576,t,3454174478,504327554,65518369,359874098,16838080,16837709
8192,1048576,n,3529798164,504309848,70203683,440032934,33865,32650
8192,1572864,t,3824455654,504308729,86607672,565878534,25217321,25216303
8192,1572864,n,3504324611,504309530,66797974,660925627,50890,49902
12288,16,t,5367250814,504312657,197592774,7820,310,302
12288,16,n,5360714660,504313290,196981245,9319,62,36
12288,128,t,5374141941,504314575,198134452,51689,2111,2086
12288,128,n,5378395727,504313147,198057317,56948,64,37
12288,512,t,5383318084,504313317,197646222,224344,8306,8228
12288,512,n,5376476396,504318792,198217743,229921,78,38
12288,1024,t,5365431774,504311747,197331425,443749,16519,16423
12288,1024,n,5369731410,504314930,197582902,452989,87,36
12288,2048,t,5388191506,504315360,198291571,882688,32948,32802
12288,2048,n,5359266972,504314954,197541206,900038,118,39
12288,3072,t,5370132812,504313853,198101961,1378757,49347,49194
12288,3072,n,5361750485,504313740,197489843,1350677,147,26
12288,4096,t,5389394151,504319518,198033959,1812692,65826,65586
12288,4096,n,5389097078,504316547,198943618,1801562,193,107
12288,5120,t,5363668856,504312569,198055398,2279244,82227,81996
12288,5120,n,5384664342,504314668,198709578,2265343,239,39
12288,6144,t,5387548652,504315097,199164014,2732470,98644,98417
12288,6144,n,5369953891,504317788,197524871,2714869,281,47
12288,7168,t,5363936737,504314522,198171573,3158501,115075,114850
12288,7168,n,5369141192,504317795,197522612,3170025,306,39
12288,8192,t,5380769806,504317598,198453510,3594038,131475,131276
12288,8192,n,5359578158,504311862,197986043,3628217,340,61
12288,12288,t,5398094672,504322027,198648200,5137472,197181,197006
12288,12288,n,5370669017,504318619,197491570,5409902,460,47
12288,16384,t,5378144054,504312500,198330429,6648819,262846,262608
12288,16384,n,5380740511,504313907,198107127,7205977,607,47
12288,32768,t,5377211266,504315476,198695104,12642572,525513,525277
12288,32768,n,5361208376,504316072,196815008,14431775,1111,150
12288,65536,t,5375336038,504320744,198239728,24496870,1055515,1055265
12288,65536,n,5359771673,504315158,196876073,28597853,2194,738
12288,131072,t,5371240521,504328562,197563531,48627314,2113703,2112576
12288,131072,n,5390935704,504318077,197686900,56717644,4417,2671
12288,262144,t,5429648894,504314562,200176953,94998275,4203482,4203198
12288,262144,n,5372703196,504316411,196936764,112147617,8727,7293
12288,524288,t,5467806304,504316487,202365824,189045837,8406054,8405661
12288,524288,n,5395286440,504317546,197139222,222514238,17192,16504
12288,1048576,t,5578948239,504318796,208122295,378250982,16812324,16811500
12288,1048576,n,5429196315,504319232,198517804,442586871,34315,34173
12288,1572864,t,5660964092,504316983,212931409,565711096,25217460,25216350
12288,1572864,n,5429111609,504314621,198103351,662241505,51598,51403
16384,16,t,6575991231,504321316,280401718,7459,307,293
16384,16,n,6577200933,504329727,280235031,11409,64,39
16384,128,t,6590973599,504326441,280075126,51018,2119,2082
16384,128,n,6579626560,504322273,280247513,58775,62,37
16384,512,t,6584123652,504325966,280501120,212780,8312,8223
16384,512,n,6578990433,504322209,280217754,226271,75,37
16384,1024,t,6596110990,504319889,280179338,437597,16507,16420
16384,1024,n,6583539649,504323386,280373332,455396,90,33
16384,2048,t,6575197819,504318207,279974748,890663,32932,32800
16384,2048,n,6583093379,504318768,280384294,905780,125,36
16384,3072,t,6574180463,504323117,280360505,1356321,49426,49192
16384,3072,n,6570604473,504320079,280151184,1353395,154,56
16384,4096,t,6575470884,504324307,280363524,1808086,65789,65573
16384,4096,n,6582710631,504325365,280308726,1806798,208,68
16384,5120,t,6589530055,504326522,280836578,2277190,82192,81962
16384,5120,n,6572383766,504318740,280147957,2282958,211,50
16384,6144,t,6575675478,504323040,280408915,2679670,98636,98403
16384,6144,n,6576844079,504317845,280196044,2708110,259,44
16384,7168,t,6579928480,504329840,280335107,3122494,115059,114823
16384,7168,n,6582352834,504321482,280239641,3166739,303,40
16384,8192,t,6582664888,504324836,280618581,3544783,131474,131228
16384,8192,n,6579604687,504321665,280155288,3637473,337,49
16384,12288,t,6575435328,504324104,280287690,5162431,197160,196912
16384,12288,n,6575590035,504325157,280100662,5387940,470,50
16384,16384,t,6582794718,504323335,280337240,6620012,262865,262572
16384,16384,n,6573223524,504320239,280000658,7249490,603,39
16384,32768,t,6591171294,504323997,280065192,12476497,528701,527680
16384,32768,n,6583372885,504323193,280355601,14416282,1099,98
16384,65536,t,6579504231,504328671,280454774,24382810,1058439,1058209
16384,65536,n,6605258085,504319999,280399380,28771362,2256,957
16384,131072,t,6582781428,504335777,280312837,48698998,2115890,2114548
16384,131072,n,6594982925,504327074,280918588,57167484,4412,3533
16384,262144,t,6591877829,504367929,280588375,96302935,4235228,4233831
16384,262144,n,6600475099,504320742,280222779,112565216,8661,7552
16384,524288,t,6598094278,504391904,280936056,190564371,8459691,8458540
16384,524288,n,6604253413,504322273,280218910,223311233,17117,16050
16384,1048576,t,6642175736,504469954,281904679,379811317,16921373,16920122
16384,1048576,n,6616111377,504323473,280385851,444011887,34077,33973
16384,1572864,t,6685325591,504548712,283393356,568610052,25386047,25385668
16384,1572864,n,6632897594,504324124,280425999,664611146,50969,50848
32768,16,t,8467150672,504350181,406566442,8966,301,295
32768,16,n,8468848752,504345303,406503654,8410,49,33
32768,128,t,8471998130,504351005,406635652,53125,2153,2083
32768,128,n,8464453628,504346872,406298538,59851,60,39
32768,512,t,8472868496,504350195,406449025,220666,8292,8224
32768,512,n,8477855434,504345356,406661510,226492,69,31
32768,1024,t,8469148358,504362222,406325541,426864,16506,16421
32768,1024,n,8485029161,504367948,406349282,446978,103,36
32768,2048,t,8466647863,504360792,406377819,892656,32926,32805
32768,2048,n,8470141457,504360839,406497831,903540,123,37
32768,3072,t,8466039150,504352640,406414024,1355513,49350,49187
32768,3072,n,8459160809,504348635,406428828,1348701,141,33
32768,4096,t,8470751270,504350963,406525620,1810074,65795,65582
32768,4096,n,8469113271,504342144,406366719,1811453,216,37
32768,5120,t,8464914586,504351998,406473459,2253822,82206,81973
32768,5120,n,8467927571,504356764,406367090,2247498,238,41
32768,6144,t,8466982616,504354656,406394259,2679609,98629,98402
32768,6144,n,8468612244,504358938,406382111,2740713,258,51
32768,7168,t,8475806481,504360123,406676110,3104623,115066,114820
32768,7168,n,8469229754,504346152,406687648,3172819,292,65
32768,8192,t,8465793398,504352088,406474559,3561779,131483,131166
32768,8192,n,8486086624,504362711,406393512,3619552,326,76
32768,12288,t,8462966804,504359339,406451009,4631295,197543,197094
32768,12288,n,8469542549,504350864,406415583,5405249,491,80
32768,16384,t,8477375928,504351948,406770643,6676439,262848,262591
32768,16384,n,8471209103,504356380,406383135,7185996,603,39
32768,32768,t,8471151124,504343950,406593468,12594893,525548,525288
32768,32768,n,8477659778,504354097,406700559,14442792,1133,109
32768,65536,t,8490373100,504357087,406682063,24447651,1050892,1050559
32768,65536,n,8474268880,504357644,406388624,28740221,2218,685
32768,131072,t,8478949415,504372971,406751940,48896614,2121891,2120665
32768,131072,n,8508318180,504355402,407790948,57252517,4411,2845
32768,262144,t,8490792306,504398140,406689966,96629027,4240433,4238989
32768,262144,n,8491201562,504350431,406359040,112909404,8998,7889
32768,524288,t,8498657368,504451529,407107732,191845944,8487627,8486289
32768,524288,n,8505476414,504359472,406763784,224018311,16893,15925
32768,1048576,t,8539093112,504535233,407974579,382411489,16981372,16980384
32768,1048576,n,8515977357,504350326,406530002,445849435,33508,32891
32768,1572864,t,8573159261,504628260,408730311,572922834,25471218,25470327
32768,1572864,n,8539339799,504353214,406581091,666651478,50091,49974
65536,16,t,9441971906,504383605,470996160,8184,312,297
65536,16,n,9434059660,504375749,470652803,10681,57,20
65536,128,t,9441637989,504370014,470632607,50758,2130,2081
65536,128,n,9440812807,504375375,470543534,58251,67,39
65536,512,t,9437831963,504378960,470662095,218505,8336,8240
65536,512,n,9432990428,504366701,470596961,225808,64,29
65536,1024,t,9425992828,504378457,470715359,401080,16862,16778
65536,1024,n,9429863615,504380541,470640069,454274,88,33
65536,2048,t,9431454078,504377706,470702898,914704,32974,32819
65536,2048,n,9435764888,504367552,470731639,914158,140,33
65536,3072,t,9429182536,504373402,470632675,1180180,50524,50329
65536,3072,n,9440669401,504379587,470612176,1344156,188,32
65536,4096,t,9439499223,504368602,470646257,1836994,65802,65580
65536,4096,n,9434122749,504375939,470680360,1813497,184,70
65536,5120,t,9438869939,504380001,470642661,2279432,82217,81971
65536,5120,n,9441850727,504380223,470828068,2265882,229,38
65536,6144,t,9429397411,504380621,470721381,2749015,98660,98368
65536,6144,n,9439652057,504388563,470638783,2727872,262,187
65536,7168,t,9421884683,504375101,470607954,3191923,115068,114771
65536,7168,n,9440171896,504374699,470683733,3174801,281,46
65536,8192,t,9423658585,504374322,470659113,3599965,131462,131214
65536,8192,n,9439862252,504384060,470906030,3621076,337,193
65536,12288,t,9430956121,504370675,470623412,5214631,197216,196947
65536,12288,n,9437629376,504384510,470730971,5410753,473,35
65536,16384,t,9442757376,504363556,470651209,6758728,262844,262576
65536,16384,n,9431528326,504366911,470608287,7225152,598,121
65536,32768,t,9432651025,504374850,470636339,12578909,525516,525249
65536,32768,n,9432577454,504376789,470602102,14476560,1118,72
65536,65536,t,9437028707,504378035,470673562,24736387,1061039,1059425
65536,65536,n,9448836658,504378203,470675219,28742758,2226,698
65536,131072,t,9451035788,504402419,470855331,49043257,2119236,2117625
65536,131072,n,9442842672,504386109,470682179,57151723,4481,2767
65536,262144,t,9447188244,504423452,470875415,96666442,4252996,4251392
65536,262144,n,9458355413,504378506,470877751,112507890,8950,7175
65536,524288,t,9460955434,504476084,471098172,191842201,8501513,8499901
65536,524288,n,9462552114,504374590,470659949,223469295,17968,16664
65536,1048576,t,9488739138,504580451,471798568,381855157,17008756,17007345
65536,1048576,n,9485284058,504380593,470706388,443646492,35824,35806
65536,1572864,t,9528990548,504387998,472338500,562618536,25234434,25233340
65536,1572864,n,9504996437,504375382,470868883,666098781,49783,49728
131072,16,t,9944767310,504378368,500384530,7600,316,301
131072,16,n,9927339343,504386074,500119498,10037,69,38
131072,128,t,9940828968,504387946,500121067,55593,2112,2084
131072,128,n,9941125888,504389415,500148039,58083,57,36
131072,512,t,9925344202,504388242,500135920,206679,8307,8232
131072,512,n,9939928509,504380413,500165845,233688,67,31
131072,1024,t,9924859665,504383997,500130532,418759,16893,16811
131072,1024,n,9940340334,504374511,500143130,460702,83,39
131072,2048,t,9928336385,504393460,500106521,931664,32941,32832
131072,2048,n,9925977359,504392387,500169779,916213,123,85
131072,3072,t,9934420291,504385565,500198857,1203452,49349,49200
131072,3072,n,9924058797,504398504,500153410,1359543,158,105
131072,4096,t,9941292230,504390927,500151146,1588178,66151,65949
131072,4096,n,9928657836,504390997,500105782,1812035,198,105
131072,5120,t,9920824977,504390545,500094238,2380655,82243,82006
131072,5120,n,9929064452,504388906,500146802,2279242,226,108
131072,6144,t,9938119796,504391591,500091827,2377899,98917,98653
131072,6144,n,9929788682,504396031,500122083,2730187,284,157
131072,7168,t,9939207133,504389541,500098677,2827564,117690,117367
131072,7168,n,9930259979,504384980,500107415,3162441,310,143
131072,8192,t,9939182479,504392002,500095023,3183983,133282,132991
131072,8192,n,9923551448,504381634,500137000,3627523,352,242
131072,12288,t,9939760035,504383691,500152863,5313827,197178,196942
131072,12288,n,9938639324,504388673,500068756,5471994,448,34
131072,16384,t,9942703996,504367104,500105553,6396632,266597,266047
131072,16384,n,9935569365,504388195,500159810,7261478,604,121
131072,32768,t,9931635828,504393500,500140980,12683871,532223,531409
131072,32768,n,9923867527,504389397,500113974,14429542,1135,101
131072,65536,t,9944004491,504401243,500111455,24960234,1065240,1063850
131072,65536,n,9945443454,504382804,500110918,28760242,2234,924
131072,131072,t,9935660204,504416625,500159487,49024812,2122670,2121164
131072,131072,n,9947396845,504388605,500148930,57230363,4411,2565
131072,262144,t,9945083840,504430928,500272199,96765778,4248539,4247039
131072,262144,n,9950492656,504382708,500134237,112775836,8900,7511
131072,524288,t,9960040539,504408453,500216009,189914325,8432123,8430602
131072,524288,n,9952698182,504393387,500165358,223310470,17915,17093
131072,1048576,t,9985758460,504475358,500324539,379715170,16905479,16904326
131072,1048576,n,9975308008,504389029,500166601,444959302,35631,34871
131072,1572864,t,10002064259,504470877,500477404,567449851,25285800,25284567
131072,1572864,n,10007225982,504389678,500286522,669155667,50317,50201
262144,16,t,10026441192,504325469,504311028,8012,314,304
262144,16,n,9998208319,504381258,504368351,9450,52,44
262144,128,t,10007029749,504362391,504345606,53516,2137,2083
262144,128,n,10006956297,504384990,504371958,57128,51,41
262144,512,t,10016764434,504389150,504373200,213793,8290,8233
262144,512,n,10005497604,504388789,504373259,235522,74,45
262144,1024,t,10012343432,504399044,504383672,478821,16519,16422
262144,1024,n,10007129993,504392425,504376347,461905,78,36
262144,2048,t,10014722231,504351463,504334266,851941,34546,34420
262144,2048,n,10020948026,504380399,504367911,890784,133,111
262144,3072,t,10020301824,504391199,504376266,1509260,49363,49224
262144,3072,n,10017675288,504331341,504315026,1360842,165,42
262144,4096,t,10017293471,504325941,504311573,1514494,65806,65768
262144,4096,n,10019155983,504365529,504353626,1782059,219,183
262144,5120,t,10022852786,504356996,504339938,2017075,82702,82519
262144,5120,n,10020518310,504325432,504311117,2236389,253,224
262144,6144,t,10018412837,504325625,504311261,2304523,98670,98653
262144,6144,n,9999238039,504386347,504373355,2718525,283,274
262144,7168,t,10007059057,504395161,504380823,2864017,117678,117519
262144,7168,n,10006295648,504332413,504315713,3202454,298,132
262144,8192,t,10029446853,504326139,504313128,3052332,131528,131513
262144,8192,n,10005334830,504379907,504367342,3678321,385,381
262144,12288,t,10003050569,504356723,504342896,5399429,197167,196907
262144,12288,n,10020526232,504388194,504376112,5406293,581,576
262144,16384,t,10015512770,504331268,504316553,6878290,262826,262546
262144,16384,n,10019229938,504400592,504387958,7318243,694,692
262144,32768,t,10011982360,504403221,504389140,12754928,531068,530638
262144,32768,n,10014379965,504328884,504311968,14459897,1138,346
262144,65536,t,10029153476,504325856,504311723,23624814,1050879,1050844
262144,65536,n,10018043631,504330197,504312798,28834448,2215,817
262144,131072,t,10022506304,504356897,504341546,48989307,2123561,2122948
262144,131072,n,10018962937,504395855,504378517,57189729,4426,2529
262144,262144,t,10019110827,504465726,504452106,97641619,4274137,4273483
262144,262144,n,10031933830,504358211,504342173,112815641,8933,7514
262144,524288,t,10048679825,504395246,504380065,191324069,8472221,8471620
262144,524288,n,10025504559,504385041,504370128,223907891,17880,17125
262144,1048576,t,10063211657,504398698,504383239,378922532,16882644,16881793
262144,1048576,n,10060778785,504325675,504311379,448352285,33811,33703
262144,1572864,t,10080141091,504346522,504332283,566242196,25230984,25229373
262144,1572864,n,10084076430,504326510,504312072,672763312,50886,50670
524288,16,t,9992093846,504326105,504311970,9602,304,299
524288,16,n,9991848432,504325251,504311013,10089,71,52
524288,128,t,9994243411,504325613,504311435,51395,2133,2112
524288,128,n,9993355389,504378957,504368485,59911,50,44
524288,512,t,9994174326,504383202,504371687,215314,8299,8232
524288,512,n,9984987717,504390417,504378684,231300,71,36
524288,1024,t,9996673115,504333016,504317091,414050,16515,16428
524288,1024,n,9997132169,504369713,504359362,445430,85,67
524288,2048,t,9988381970,504392596,504382206,1026429,32944,32811
524288,2048,n,9982619202,504390937,504378442,920716,123,39
524288,3072,t,9995592216,504388104,504377576,1566492,49353,49208
524288,3072,n,9993988911,504394339,504383492,1368764,149,32
524288,4096,t,9981275225,504387925,504377710,2016008,65774,65578
524288,4096,n,9991416855,504369032,504359613,1848525,194,37
524288,5120,t,9982630748,504340255,504326506,2549097,82232,81968
524288,5120,n,10002558995,504325097,504311010,2241139,254,227
524288,6144,t,9974371547,504384096,504374436,2294737,98667,98645
524288,6144,n,9996081563,504398312,504389370,2761098,266,44
524288,7168,t,9989283752,504368239,504356519,3406758,115068,114788
524288,7168,n,9994678719,504325295,504311145,3149680,336,316
524288,8192,t,9993848911,504326130,504311922,2946627,131546,131515
524288,8192,n,9973451329,504376429,504366614,3634591,407,397
524288,12288,t,9974284001,504391145,504380286,4933889,197702,197245
524288,12288,n,9988895891,504396829,504386606,5567878,479,118
524288,16384,t,9995293193,504381387,504371669,6938678,262847,262530
524288,16384,n,9984428780,504383764,504374399,7407582,608,48
524288,32768,t,9991036351,504388946,504379563,12900864,525516,525257
524288,32768,n,9994015020,504388177,504377232,14755080,1145,106
524288,65536,t,9976827815,504398762,504387658,25133294,1057106,1056566
524288,65536,n,9994423945,504389031,504375320,28876473,2235,1097
524288,131072,t,9996573525,504392637,504380003,49229625,2123170,2122653
524288,131072,n,9995041977,504389791,504377838,57389782,4439,2753
524288,262144,t,10002030457,504419826,504406209,97337803,4273319,4272756
524288,262144,n,9997146728,504389928,504378006,113528374,8941,7541
524288,524288,t,10008703130,504464694,504454314,191260574,8475124,8474516
524288,524288,n,10012538421,504388722,504376476,224267039,17907,17174
524288,1048576,t,10035338772,504395524,504380592,378466738,16879663,16878759
524288,1048576,n,10042020572,504391072,504379734,447224427,33114,31470
524288,1572864,t,10045918379,504462451,504452742,566117224,25294329,25293099
524288,1572864,n,10051818794,504382460,504371906,670928774,50747,50609
1048576,16,t,9957492066,504379345,504369453,7581,313,303
1048576,16,n,9976795917,504384655,504374731,9687,69,43
1048576,128,t,9961542429,504391572,504381786,55615,2130,2090
1048576,128,n,9973097816,504387632,504376738,63760,57,36
1048576,512,t,9961988185,504392569,504381940,217627,8305,8227
1048576,512,n,9964883461,504390554,504379616,234065,76,42
1048576,1024,t,9976883863,504387074,504376461,413442,16515,16432
1048576,1024,n,9978763762,504389246,504378912,465023,83,37
1048576,2048,t,9961026693,504391353,504381032,822114,33326,33214
1048576,2048,n,9962050253,504395617,504382133,932726,137,53
1048576,3072,t,9962973664,504391606,504380335,1245134,49761,49644
1048576,3072,n,9968172794,504399653,504390115,1357973,179,94
1048576,4096,t,9962924953,504389742,504380188,2007624,65777,65580
1048576,4096,n,9974512936,504361048,504350892,1844546,191,61
1048576,5120,t,9963071702,504390906,504381362,2429202,82224,81977
1048576,5120,n,9954256934,504392301,504382674,2312262,238,59
1048576,6144,t,9963444745,504391612,504381833,2492924,99948,99662
1048576,6144,n,9962871256,504395359,504385304,2756828,253,41
1048576,7168,t,9961311175,504394423,504384547,2889441,116244,115892
1048576,7168,n,9978685200,504392192,504383051,3236181,324,62
1048576,8192,t,9976672124,504388172,504378144,3295310,132684,132322
1048576,8192,n,9972614476,504366241,504353744,3679634,323,39
1048576,12288,t,9978300842,504384612,504374282,4894298,197550,197067
1048576,12288,n,9963044916,504382705,504372902,5545452,487,59
1048576,16384,t,9964986341,504393877,504383447,6574443,267349,266728
1048576,16384,n,9967063635,504383308,504374116,7438172,630,67
1048576,32768,t,9975593881,504394169,504383504,12939944,533594,533196
1048576,32768,n,9964638028,504387002,504377029,14768354,1133,90
1048576,65536,t,9968320096,504397966,504388045,25247260,1057436,1055667
1048576,65536,n,9967936030,504389562,504378523,29092585,2205,733
1048576,131072,t,9969298466,504406623,504396087,49163474,2116192,2115613
1048576,131072,n,9981061765,504389647,504378570,57544923,4502,2958
1048576,262144,t,9980583020,504403469,504392941,95950262,4214834,4214386
1048576,262144,n,9968268362,504390046,504379977,112798838,8972,7839
1048576,524288,t,9988944329,504456215,504446760,191324783,8473443,8472913
1048576,524288,n,9990110090,504391256,504379686,224410162,17967,17232
1048576,1048576,t,10017491367,504488642,504479527,378640799,16899898,16899250
1048576,1048576,n,10017088260,504392558,504383566,450195669,35942,35593
1048576,1572864,t,10043825467,504445916,504436656,568115578,25264323,25263005
1048576,1572864,n,10035889334,504389283,504379772,670936929,52133,51898
1572864,16,t,9951357651,504389229,504378762,7728,312,295
1572864,16,n,9959156835,504389165,504378913,11296,59,44
1572864,128,t,9962295406,504391188,504381047,59826,2122,2091
1572864,128,n,9959602505,504391911,504382254,58933,58,30
1572864,512,t,9961783450,504392799,504382535,219366,8287,8224
1572864,512,n,9962041743,504391437,504380904,236570,65,41
1572864,1024,t,9959483576,504390764,504380731,424244,16507,16429
1572864,1024,n,9975086022,504389279,504378992,460027,79,33
1572864,2048,t,9960110499,504391343,504381142,827789,33325,33200
1572864,2048,n,9963176548,504396195,504385735,926723,143,45
1572864,3072,t,9973731358,504387366,504376919,1322309,49894,49732
1572864,3072,n,9960564784,504396981,504386566,1380733,144,40
1572864,4096,t,9960470995,504394622,504384445,1624583,65783,65581
1572864,4096,n,9959994320,504380308,504371069,1844954,198,48
1572864,5120,t,9968799341,504390046,504379989,2086939,84072,83832
1572864,5120,n,9960328556,504386122,504377218,2301233,237,49
1572864,6144,t,9960489389,504390330,504379864,2451007,98630,98360
1572864,6144,n,9963253998,504387251,504377186,2761148,272,49
1572864,7168,t,9973029370,504387842,504378166,2985287,116686,116388
1572864,7168,n,9959602080,504387462,504378194,3285220,295,41
1572864,8192,t,9966179339,504389883,504379932,3260058,132701,132366
1572864,8192,n,9965020011,504391952,504381478,3662573,327,52
1572864,12288,t,9965830458,504395254,504385158,4936024,200519,200048
1572864,12288,n,9973517535,504393244,504383664,5545896,457,46
1572864,16384,t,9970503834,504389206,504379438,6699086,267240,266642
1572864,16384,n,9973938423,504391817,504382633,7405300,603,56
1572864,32768,t,9963948915,504402103,504392804,13139890,532756,531624
1572864,32768,n,9960325121,504388171,504379031,14618709,1143,105
1572864,65536,t,9968459856,504402334,504392572,25412266,1061027,1059071
1572864,65536,n,9962222386,504389327,504377043,29248856,2173,278
1572864,131072,t,9966354270,504405418,504395866,49405374,2115957,2113620
1572864,131072,n,9965854172,504390173,504379294,57660196,4413,2174
1572864,262144,t,9972825839,504434890,504425961,97518129,4247205,4245668
1572864,262144,n,9974556914,504390783,504380305,113350246,8853,6510
1572864,524288,t,9981343388,504421150,504412189,189934874,8432785,8432378
1572864,524288,n,9982567444,504390325,504379254,224802904,17864,17289
1572864,1048576,t,10013127974,504452437,504443149,378998167,16885222,16884649
1572864,1048576,n,9997137484,504390389,504380957,446535442,35617,32939
1572864,1572864,t,10025433186,504435375,504426236,562866415,25258738,25257593
1572864,1572864,n,10033666972,504387408,504377972,674112626,51941,51728
