16,16,t,656325985,338,256,7778,321,295
16,16,n,641685505,340,256,8428,56,31
16,128,t,757910458,382,256,51467,2112,2083
16,128,n,650061871,333,256,55242,54,38
16,512,t,736080139,413,264,195599,8307,8224
16,512,n,643230756,343,257,217993,71,37
16,1024,t,648684585,394,257,394548,16510,16422
16,1024,n,643624377,356,256,431850,91,30
16,2048,t,644752170,317,256,702959,32926,32817
16,2048,n,646494997,532,431,851263,114,86
16,3072,t,764934517,799,673,1036040,49429,49295
16,3072,n,764158536,703,618,1284808,159,71
16,4096,t,645558615,847,748,1361352,65945,65709
16,4096,n,645816968,522,462,1694203,184,135
16,5120,t,765471050,804,736,1688646,82328,82087
16,5120,n,642577447,620,530,2125763,237,110
16,6144,t,643952440,743,634,2021642,98734,98449
16,6144,n,640539201,560,450,2581197,271,81
16,7168,t,656957103,1157,1078,2358558,115211,114901
16,7168,n,642883350,695,594,2972803,325,142
16,8192,t,767451759,1079,1007,2691124,131626,131285
16,8192,n,649035476,575,494,3415680,327,83
16,12288,t,761971494,1040,938,4021134,197318,196852
16,12288,n,648227230,1470,1335,5101049,458,119
16,16384,t,645581175,1809,1741,5375158,262994,262378
16,16384,n,644019320,425,333,6766594,590,35
16,32768,t,761828535,2035,1953,10681933,526005,524971
16,32768,n,643237606,613,541,13547315,1125,243
16,65536,t,648000723,4076,3984,21378612,1051608,1049650
16,65536,n,644648708,730,648,26758985,2160,88
16,131072,t,757121741,5654,5555,42786856,2103017,2099959
16,131072,n,641210595,664,570,53475663,4259,797
16,262144,t,767456113,10007,9913,85172902,4206076,4203068
16,262144,n,645659403,546,467,106707027,8375,1403
16,524288,t,757049722,16692,16595,169130678,8411209,8408559
16,524288,n,646078454,912,825,213025078,16626,7330
16,1048576,t,692488402,43375,43276,337045832,16820332,16818143
16,1048576,n,641781189,962,880,425989512,33104,16365
16,1572864,t,760093087,44073,43993,505052597,25231909,25229925
16,1572864,n,647044794,340,257,639056365,49381,281
128,16,t,1545854390,173019185,2052,8428,307,283
128,16,n,1091165701,4091,2051,8813,48,36
128,128,t,1091112859,3968,2049,51111,2108,2081
128,128,n,1090996252,3596,2050,53661,52,32
128,512,t,1091149197,2952,2051,200225,8299,8226
128,512,n,1091152896,3532,2048,212489,63,35
128,1024,t,1091274544,18134,2937,366569,16510,16430
128,1024,n,1090983024,3978,2173,430527,77,45
128,2048,t,1091215106,3499,2051,706239,32931,32812
128,2048,n,1091030740,13795,2053,853559,143,64
128,3072,t,1091138100,15201,2051,1027155,49358,49192
128,3072,n,1090886535,18733,3646,1278970,155,87
128,4096,t,1091083383,3320,2051,1351056,65794,65575
128,4096,n,1463326155,140847067,6211,1700314,195,62
128,5120,t,1090993851,5426,2056,1686183,82207,81953
128,5120,n,1090968816,8306,4993,2126630,238,135
128,6144,t,1091017735,2873,2050,2011694,98636,98386
128,6144,n,1091137795,5412,4762,2557975,270,163
128,7168,t,1091010984,7036,2050,2346383,115052,114722
128,7168,n,1091184302,3526,2889,2969365,308,75
128,8192,t,1091251132,4340,2160,2683218,131461,131139
128,8192,n,1091166482,3388,2198,3405961,324,58
128,12288,t,1091050263,5645,2359,4014134,197123,196651
128,12288,n,1091187709,8082,4584,5110709,453,45
128,16384,t,1091146289,2508,2051,5354192,262796,262189
128,16384,n,1091063545,4644,2837,6767066,607,35
128,32768,t,1462438040,141084116,2087,10680211,525508,524431
128,32768,n,1091098235,7918,2803,13522933,1117,284
128,65536,t,1091247857,6915,2401,21361542,1050839,1048899
128,65536,n,1091062812,10448,5323,26736580,2160,1070
128,131072,t,1091077972,4088,2764,42679728,2101584,2098300
128,131072,n,1091153842,6762,4413,53469454,4246,1278
128,262144,t,1090920789,7314,4237,85081444,4203205,4199882
128,262144,n,1090934797,6442,2872,106626803,8347,249
128,524288,t,1091335102,22332,4974,169222010,8406541,8404117
128,524288,n,1091077241,10186,5732,213051192,16546,7530
128,1048576,t,1091737592,41736,4816,331625278,16812971,16809985
128,1048576,n,1091155913,4721,3899,425595529,32970,20206
128,1572864,t,1091600603,26788,6015,504099826,25219449,25217702
128,1572864,n,1091088854,5758,2053,639028009,49367,363
512,16,t,2397003917,503317617,8539,8311,321,294
512,16,n,2396997867,503317515,8500,8054,57,35
512,128,t,2397025782,503317513,8222,51020,2125,2079
512,128,n,2397003795,503317613,8453,54590,47,30
512,512,t,2396983120,503317575,8701,200685,8309,8224
512,512,n,2317176808,471890529,8595,213718,77,38
512,1024,t,2396961386,503317560,8472,402529,16511,16410
512,1024,n,2397024075,503316872,8196,424627,79,35
512,2048,t,2397000868,503317572,8287,770029,32922,32794
512,2048,n,2396417732,503116714,8347,854661,136,32
512,3072,t,2396979546,503317522,8250,1139296,49363,49178
512,3072,n,2326998977,475798827,8203,1268460,144,29
512,4096,t,2397007706,503316932,8200,1527876,65774,65564
512,4096,n,2396420149,503115845,8536,1703956,190,35
512,5120,t,2397014530,503317570,8411,1934895,82207,81987
512,5120,n,2396466876,503121017,8369,2152302,236,34
512,6144,t,2397010764,503317530,8231,2317760,98639,98431
512,6144,n,2396993810,503317156,8205,2553436,272,133
512,7168,t,2396430697,503117124,8211,2591856,115081,114767
512,7168,n,2397031866,503317594,8358,2978197,287,142
512,8192,t,2396415230,503117073,8218,2984189,131464,131186
512,8192,n,2396998833,503317539,8199,3408955,333,120
512,12288,t,2397011066,503317603,8196,4015839,197128,196650
512,12288,n,2396999345,503316704,8198,5090052,446,228
512,16384,t,2317385158,471887376,8532,5355260,262799,262231
512,16384,n,2397021614,503317571,8205,6747580,595,89
512,32768,t,2397212002,503317464,14476,10688386,525492,524405
512,32768,n,2397436895,503317206,31537,13524357,1115,97
512,65536,t,2397234778,503317486,16241,21300264,1050838,1048836
512,65536,n,2397667754,503312247,40964,26754373,2186,146
512,131072,t,2397669027,503316424,32701,42693418,2101585,2098939
512,131072,n,2397660304,503313309,37335,53481406,4251,175
512,262144,t,2398134839,503313857,49040,84996575,4203326,4200708
512,262144,n,2397972668,503315612,46475,106638055,8382,3146
512,524288,t,2398611096,503314638,47642,169176763,8406518,8404144
512,524288,n,2398249633,503312116,45995,213185955,16568,7473
512,1048576,t,2399558668,503310383,50725,336524436,16813135,16811021
512,1048576,n,2398507240,503117335,55066,425841731,32971,20664
512,1572864,t,2400131628,503119202,42838,504080823,25219846,25218308
512,1572864,n,2398952026,503317564,8420,639084470,49394,409
1024,16,t,2397124749,503317320,16697,8687,318,291
1024,16,n,2397178437,503317322,17578,8103,50,32
1024,128,t,2397190432,503317295,17039,52458,2114,2082
1024,128,n,2397160660,503317278,17029,56514,68,32
1024,512,t,2397141607,503317325,17074,196633,8298,8227
1024,512,n,2397167232,503317277,17068,212417,78,49
1024,1024,t,2397140660,503317286,17098,388471,16510,16417
1024,1024,n,2397171606,503317307,16862,425087,86,51
1024,2048,t,2397098818,503317330,16423,768394,32926,32808
1024,2048,n,2397201875,503317297,16637,855855,118,73
1024,3072,t,2397072285,503317293,16403,1022809,49365,49190
1024,3072,n,2397193597,503317274,17312,1275146,150,80
1024,4096,t,2397119455,503317251,16387,1355542,65777,65582
1024,4096,n,2397171141,503317249,17511,1712197,195,79
1024,5120,t,2397111262,503317288,16921,1683053,82198,81965
1024,5120,n,2397186944,503317328,16827,2131045,246,113
1024,6144,t,2397089078,503317281,16432,2014660,98638,98342
1024,6144,n,2397235295,503317375,17409,2561480,261,177
1024,7168,t,2397108271,503317295,16443,2345782,115046,114727
1024,7168,n,2397208113,503317294,17384,2981594,287,142
1024,8192,t,2397125158,503317266,16517,2674441,131484,131146
1024,8192,n,2397170786,503317311,16849,3412315,336,164
1024,12288,t,2397112305,503317296,16392,4026059,197136,196693
1024,12288,n,2397184587,503317339,17081,5089533,461,51
1024,16384,t,2397240161,503317248,20364,5678203,262993,262410
1024,16384,n,2397668061,503317292,49186,6730900,590,258
1024,32768,t,2397158948,503317291,16418,10659488,525500,524411
1024,32768,n,2398984630,503317303,119683,13502022,1126,131
1024,65536,t,2397936371,503317295,53510,21345621,1050845,1048918
1024,65536,n,2399071375,503317302,124261,26733744,2166,204
1024,131072,t,2398870998,503317301,103035,42633954,2101613,2099127
1024,131072,n,2399260599,503317286,131020,53446835,4227,398
1024,262144,t,2399689516,503317330,141012,85044768,4203146,4200562
1024,262144,n,2399490439,503317314,136725,106593505,8356,2284
1024,524288,t,2399636123,503317335,113135,169013081,8406604,8404582
1024,524288,n,2400040356,503317304,148241,213065522,16565,6458
1024,1048576,t,2401331190,503317379,149923,336982179,16812892,16811002
1024,1048576,n,2400672132,503317328,147304,425518773,32994,22055
1024,1572864,t,2402293985,503317371,148989,504840078,25219567,25217913
1024,1572864,n,2399161109,503317311,17084,639086603,49415,1449
2048,16,t,2397455706,503317214,35017,7744,316,291
2048,16,n,2397498062,503317190,35205,8676,49,32
2048,128,t,2397408114,503317188,33872,52292,2122,2080
2048,128,n,2397485278,503317186,34997,55346,53,35
2048,512,t,2397456640,503317301,33503,197434,8307,8236
2048,512,n,2397473166,503317162,34944,215166,66,37
2048,1024,t,2397419144,503317176,34458,367351,16518,16424
2048,1024,n,2397464284,503317203,34883,421998,80,35
2048,2048,t,2397340014,503317168,33364,697787,32930,32808
2048,2048,n,2397456476,503317169,34812,847459,104,48
2048,3072,t,2397352333,503317173,33640,1034718,49349,49196
2048,3072,n,2397438548,503317149,35086,1270170,158,74
2048,4096,t,2397377911,503317172,33646,1372463,65791,65592
2048,4096,n,2397432164,503317175,34653,1704619,195,117
2048,5120,t,2397366695,503317205,33446,1692427,82227,81962
2048,5120,n,2397450003,503317192,35913,2130966,231,122
2048,6144,t,2397358022,503317173,33411,2042644,98640,98358
2048,6144,n,2397519911,503317170,37710,2550356,268,162
2048,7168,t,2397352924,503317175,33650,2370484,115074,114765
2048,7168,n,2397484997,503317188,34844,2981570,292,117
2048,8192,t,2397399801,503317165,34190,2696707,131458,131122
2048,8192,n,2397469778,503317195,34249,3412618,317,185
2048,12288,t,2397408275,503317190,33952,4023469,197142,196685
2048,12288,n,2397461948,503317190,35262,5091889,473,220
2048,16384,t,2397407262,503317161,33236,5371533,262806,262272
2048,16384,n,2397490425,503317200,34103,6777767,588,81
2048,32768,t,2398136731,503317178,75402,10722860,525493,524405
2048,32768,n,2397924520,503317199,63297,13483185,1110,261
2048,65536,t,2400392201,503317211,193226,21431653,1050867,1049446
2048,65536,n,2401517981,503317184,265892,26958619,2160,336
2048,131072,t,2398986173,503317234,115131,42669554,2101733,2099947
2048,131072,n,2401886210,503317154,282879,53535951,4255,332
2048,262144,t,2400252011,503317276,178383,84912605,4203363,4201566
2048,262144,n,2400194846,503317208,186593,106755541,8350,671
2048,524288,t,2399543896,503317207,99811,169034345,8406549,8404642
2048,524288,n,2400781054,503317161,201303,213065062,16566,6096
2048,1048576,t,2400932025,503317250,130206,336872681,16813067,16811354
2048,1048576,n,2400297400,503317168,123820,425730786,32978,21243
2048,1572864,t,2402665677,503318388,136055,505219192,25220387,25218948
2048,1572864,n,2399495151,503317206,35540,638888811,49413,6657
3072,16,t,2397850571,503319141,53489,7608,311,293
3072,16,n,2397804384,503317231,53324,9543,52,36
3072,128,t,2397796203,503317250,53657,51044,2127,2084
3072,128,n,2397785141,503317240,53770,55012,51,35
3072,512,t,2397742947,503317239,53001,205268,8304,8229
3072,512,n,2397808930,503317252,53237,211060,68,32
3072,1024,t,2397773783,503317223,53334,407957,16543,16428
3072,1024,n,2397779238,503317213,53828,428023,79,42
3072,2048,t,2397772930,503317345,53950,788393,32931,32842
3072,2048,n,2397703924,503317252,53679,856586,115,72
3072,3072,t,2397719114,503317533,52883,1188183,49387,49268
3072,3072,n,2397841493,503317262,54697,1265748,154,102
3072,4096,t,2397751428,503317237,52475,1563442,65790,65607
3072,4096,n,2397802809,503318705,53964,1718426,197,118
3072,5120,t,2397754236,503317299,52283,1924932,82217,82019
3072,5120,n,2397820741,503317281,54789,2134217,217,132
3072,6144,t,2397721652,503317254,52057,2025658,98637,98349
3072,6144,n,2397788042,503317297,53960,2548466,262,140
3072,7168,t,2397719686,503317248,52624,2363735,115064,114769
3072,7168,n,2397794254,503317235,54751,2983182,319,194
3072,8192,t,2397787350,503318532,53194,2699024,131470,131150
3072,8192,n,2397783937,503317257,54293,3412785,330,218
3072,12288,t,2397732138,503317238,52431,4050302,197170,196771
3072,12288,n,2397811853,503317230,53838,5069739,487,52
3072,16384,t,2397756752,503317229,52539,5384348,262821,262288
3072,16384,n,2398206536,503317321,59173,6801093,582,106
3072,32768,t,2400085082,503317261,198961,10725039,525499,524729
3072,32768,n,2400850814,503317261,248137,13494949,1106,336
3072,65536,t,2401805311,503317312,295693,21489275,1050881,1049461
3072,65536,n,2400571465,503317268,226620,26854274,2156,461
3072,131072,t,2401390514,503317326,261772,42672730,2101685,2100686
3072,131072,n,2401245519,503317233,264278,53450792,4258,871
3072,262144,t,2401117507,503317624,226618,84740586,4203374,4201740
3072,262144,n,2405328316,503317269,474375,107050916,8350,1969
3072,524288,t,2401981345,503317253,250878,168960819,8406726,8405574
3072,524288,n,2401897929,503317279,270101,213168089,16556,5959
3072,1048576,t,2403213662,503317311,253376,336615428,16813169,16812144
3072,1048576,n,2401619226,503319304,200043,425794800,32954,20130
3072,1572864,t,2405564389,503321314,283441,504958223,25222036,25221235
3072,1572864,n,2399844889,503317256,55479,638776646,49404,14409
4096,16,t,2398815307,503400109,72307,7926,324,286
4096,16,n,2398873699,503398915,76921,8625,41,33
4096,128,t,2398888244,503399001,78063,50002,2109,2092
4096,128,n,2398893891,503398879,77811,54983,53,33
4096,512,t,2398885503,503400377,78301,187374,8292,8224
4096,512,n,2399479805,503400339,107132,216424,75,50
4096,1024,t,2398938567,503399033,79603,379515,16554,16421
4096,1024,n,2529308524,503400257,8433537,427982,82,37
4096,2048,t,2398932108,503400220,79743,702382,32935,32812
4096,2048,n,2398884320,503397682,78872,859032,108,41
4096,3072,t,2398851092,503397600,77393,1036096,49327,49200
4096,3072,n,2398924377,503397894,78372,1273388,158,60
4096,4096,t,2546614862,503398850,9416066,1387871,65791,65589
4096,4096,n,2398968643,503397769,81322,1711634,199,117
4096,5120,t,2399918069,503397625,139627,1724637,82225,81999
4096,5120,n,2399164157,503397828,87521,2138326,246,152
4096,6144,t,2398936235,503397785,79455,2045250,98647,98473
4096,6144,n,2398935193,503397622,78722,2561181,267,137
4096,7168,t,2531845766,503398881,8533497,2400561,115104,114871
4096,7168,n,2399074959,503399028,80166,2990907,305,182
4096,8192,t,2399702833,503399208,130499,2722256,131495,131232
4096,8192,n,2398941322,503397580,79853,3407808,343,194
4096,12288,t,2399245446,503400235,95491,4073331,197181,196824
4096,12288,n,2529902708,503398919,8449875,5120434,479,260
4096,16384,t,2400489216,503400319,155037,5415415,262901,262461
4096,16384,n,2399221084,503397653,90335,6796528,590,232
4096,32768,t,2538904849,503401854,9035537,10837974,525641,524841
4096,32768,n,2401379442,503398739,225217,13443600,1205,602
4096,65536,t,2539798937,503400547,9088542,21521982,1051092,1050260
4096,65536,n,2403349015,503397790,347815,27004582,2156,752
4096,131072,t,2402230874,503399178,260186,42618938,2101824,2101203
4096,131072,n,2541805064,503398880,9161051,53667702,4271,1536
4096,262144,t,2536548787,503400299,8801168,85825635,4205514,4204330
4096,262144,n,2402833548,503397840,296019,106697690,8381,2736
4096,524288,t,2402785452,503400488,232979,168654804,8406612,8405385
4096,524288,n,2402284375,503398854,244752,212936890,16565,7658
4096,1048576,t,2408953921,503399213,495843,337256310,16815383,16814481
4096,1048576,n,2402872534,503398672,229613,425743379,32981,24964
4096,1572864,t,2405543260,503401075,197151,505200214,25221490,25220566
4096,1572864,n,2535246292,503398469,8434700,641374220,49410,26046
5120,16,t,2516345333,504308264,6951908,8151,326,289
5120,16,n,2407426304,504307982,103110,9142,52,35
5120,128,t,2407565552,504308155,111322,53295,2125,2089
5120,128,n,2718013526,504308222,20156568,54810,62,38
5120,512,t,2618936643,504308360,13483384,193367,8322,8236
5120,512,n,2624700689,504308185,13865054,212172,83,44
5120,1024,t,2408222210,504308038,132839,368608,16509,16449
5120,1024,n,2407731806,504308152,113165,430411,80,57
5120,2048,t,2490999088,504308094,5419393,826755,32944,32859
5120,2048,n,2612330487,504308231,13577994,875687,118,36
5120,3072,t,2520161958,504308293,7282409,1191813,49344,49244
5120,3072,n,2723328100,504308266,20553338,1305124,154,71
5120,4096,t,2622774742,504308230,13752901,1630641,65813,65670
5120,4096,n,2518925975,504308272,7188614,1711637,196,103
5120,5120,t,2531050064,504308201,7455392,1964775,82232,82164
5120,5120,n,2513975570,504308258,6812382,2148177,227,171
5120,6144,t,2408102404,504308091,137157,2062168,98646,98432
5120,6144,n,2407971637,504307978,127588,2565993,277,124
5120,7168,t,2671628510,504308307,12957566,2403897,115061,114876
5120,7168,n,2409009609,504307955,179492,2998980,325,168
5120,8192,t,2513427451,504308266,6806633,2737038,131572,131368
5120,8192,n,2727678768,504308497,20945434,3453650,329,202
5120,12288,t,2626040140,504308397,14441080,4114621,197239,196894
5120,12288,n,2515262586,504308186,6955628,5152808,472,169
5120,16384,t,2512572524,504308106,6751470,5556362,263037,262749
5120,16384,n,2516206201,504308276,7004587,6837290,604,238
5120,32768,t,2715355839,504308295,19485658,11680327,525516,525437
5120,32768,n,2513957777,504308092,6833302,13491494,1140,562
5120,65536,t,2516709618,504308160,6999164,21533490,1051337,1050867
5120,65536,n,2492985987,504308106,5575490,26872481,2173,1232
5120,131072,t,2434815968,504308242,1611817,45480328,2101713,2101437
5120,131072,n,2520374058,504308273,7131868,53772711,4254,2039
5120,262144,t,2525860415,504308150,7360893,85893092,4205508,4204895
5120,262144,n,2517088865,504308071,6981771,107017895,8402,4439
5120,524288,t,2420080958,504308090,710063,169494967,8408411,8407797
5120,524288,n,2411289217,504308077,290683,212912790,16583,11111
5120,1048576,t,2413032135,504308104,275829,336238765,16813297,16812752
5120,1048576,n,2412744226,504308202,300713,424898813,33286,26312
5120,1572864,t,2439309940,504310314,1497538,509013674,25230759,25229996
5120,1572864,n,2524421593,504308314,7075245,641232117,49441,36230
6144,16,t,2493609318,504307482,5152065,8949,304,292
6144,16,n,2741021915,504307831,20343007,9877,54,38
6144,128,t,3770347350,504308491,89193373,59657,2129,2089
6144,128,n,3269042054,504307962,52482707,56741,54,45
6144,512,t,3660110909,504308500,76536797,214373,8294,8233
6144,512,n,3502771504,504308189,69507809,218209,59,39
6144,1024,t,3603156698,504308183,78218981,414668,16509,16427
6144,1024,n,3597794074,504308254,77522302,437493,76,45
6144,2048,t,3139297397,504307869,47003589,831447,32937,32837
6144,2048,n,3413464364,504308156,63842166,886434,120,62
6144,3072,t,3087816899,504307762,40355824,1105677,49367,49311
6144,3072,n,3397149264,504307917,64178945,1333508,164,119
6144,4096,t,2567866006,504307304,9636867,1492538,65899,65827
6144,4096,n,2884403603,504307614,29912555,1807958,239,194
6144,5120,t,3517053311,504308193,70963601,1824284,82280,82097
6144,5120,n,2820585001,504307555,25454678,2232060,290,241
6144,6144,t,3110218184,504307679,42725586,2247157,98766,98662
6144,6144,n,3282504044,504307934,53684024,2718894,283,172
6144,7168,t,3898849328,504308573,97466096,2558258,115172,115056
6144,7168,n,2699966222,504307393,18996825,3029706,327,185
6144,8192,t,2894773334,504307622,28922398,2811815,131622,131486
6144,8192,n,3407623698,504308099,58378614,3567186,340,273
6144,12288,t,3652344490,504308325,80324756,4651206,197184,197134
6144,12288,n,3141538209,504307707,47230118,5291984,506,348
6144,16384,t,3538589524,504308086,69612502,6086411,262880,262851
6144,16384,n,3696992049,504308399,81747098,7077426,631,190
6144,32768,t,3310625186,504308026,58516929,11531230,526422,526349
6144,32768,n,3265266311,504307824,55521028,14065547,1369,794
6144,65536,t,2879594948,504307636,30252950,22231835,1052336,1051983
6144,65536,n,3672986478,504308319,81495107,27869911,2250,1567
6144,131072,t,3730323687,504308439,85861848,45363373,2104820,2104272
6144,131072,n,2675243721,504307335,16832450,55054493,4503,3036
6144,262144,t,4088347293,504309934,109081434,88958931,4208419,4207885
6144,262144,n,3613331367,504308326,74116289,110570983,8431,5931
6144,524288,t,3422232304,504308159,64914445,177975632,8416880,8416478
6144,524288,n,3023449114,504307836,37030859,220194886,17280,13236
6144,1048576,t,2523033097,504308552,6212400,340794945,16818078,16817666
6144,1048576,n,3606152891,504308314,76241589,440772036,34270,28818
6144,1572864,t,2700466465,504312967,17198021,516890928,25231024,25230312
6144,1572864,n,3238263217,504307932,51791170,655790934,49812,44736
7168,16,t,2896572266,504241501,30797255,8941,311,297
7168,16,n,4820725338,504243057,154990795,10157,51,37
7168,128,t,4926235010,504243425,160008141,58673,2113,2093
7168,128,n,2990522624,504241468,36970894,56824,69,43
7168,512,t,4906601989,504243120,160905944,239270,8306,8245
7168,512,n,4672572758,504242984,144464205,223030,63,51
7168,1024,t,2862572592,504241577,27726169,425834,16515,16455
7168,1024,n,4575605738,504243240,137378901,445080,101,92
7168,2048,t,2869064609,504241270,27915350,807689,32953,32886
7168,2048,n,4295119148,504242561,121668823,929267,128,92
7168,3072,t,4623888096,504245458,139567236,1228221,49397,49348
7168,3072,n,4614743805,504242841,141009949,1343052,154,140
7168,4096,t,4472961983,504245624,130265684,1619506,65802,65782
7168,4096,n,2922071913,504241347,32397186,1825220,198,151
7168,5120,t,4790155226,504243577,148419576,1893393,82300,82148
7168,5120,n,2938051615,504241524,34107260,2298548,301,146
7168,6144,t,3311012062,504241731,57879708,2402320,98787,98664
7168,6144,n,2927554674,504241383,32581679,3046642,324,246
7168,7168,t,2874522626,504242690,28458851,2749936,116250,115941
7168,7168,n,4858670190,504243257,158836422,3262525,337,288
7168,8192,t,4584886813,504243020,142199284,3140342,131517,131453
7168,8192,n,4477716224,504242838,134143652,3651927,377,336
7168,12288,t,5214420987,504243554,174793978,4596598,197175,197120
7168,12288,n,2904079736,504241304,30835349,5415548,499,420
7168,16384,t,2917933976,504243231,31039615,6229614,262859,262821
7168,16384,n,2914188482,504242628,30950871,7501110,622,506
7168,32768,t,2866162140,504241309,28313173,12428952,525790,525641
7168,32768,n,4557320477,504245348,140148938,14364621,1234,735
7168,65536,t,2934953571,504241471,33306450,23860317,1051446,1051386
7168,65536,n,4688062581,504243373,146356450,28361338,2182,1630
7168,131072,t,5015816685,504243293,163419401,46364024,2104926,2104754
7168,131072,n,3063443746,504243214,39030274,56324879,4302,3308
7168,262144,t,2973265613,504243892,35380789,89961742,4208428,4208143
7168,262144,n,4677168393,504243094,142233111,112211701,8400,7185
7168,524288,t,4671928128,504246725,147435438,179244648,8418601,8418350
7168,524288,n,2973720879,504241718,33825999,219532710,16872,14366
7168,1048576,t,2981873596,504250601,35388078,352127033,16829318,16828942
7168,1048576,n,2985793438,504242527,34826318,436884572,33763,30324
7168,1572864,t,3082520580,504256674,40459652,528078747,25243276,25242668
7168,1572864,n,2979531684,504242315,34951040,654198583,50590,46235
8192,16,t,3468814020,504307819,67335299,9314,318,297
8192,16,n,3516974748,504308133,70928637,9258,65,41
8192,128,t,3504187546,504309820,68879220,68527,2120,2089
8192,128,n,6394232435,504312512,258411795,60713,62,40
8192,512,t,3523894614,504308077,71207837,205572,8298,8243
8192,512,n,3389518587,504307751,61612331,255906,77,33
8192,1024,t,3470321242,504309463,66615759,394806,16573,16488
8192,1024,n,3440691842,504309462,64003362,459933,89,34
8192,2048,t,3451102574,504309082,65986695,904045,32939,32809
8192,2048,n,3387346683,504308356,61859644,907217,131,71
8192,3072,t,3453190065,504311336,67041464,1366756,49353,49199
8192,3072,n,3503770248,504309246,70052423,1338185,163,93
8192,4096,t,3469131142,504310003,67812279,1840217,65767,65588
8192,4096,n,3532991941,504309321,72123153,1830955,199,64
8192,5120,t,3517119796,504309333,71415203,1945580,82371,82136
8192,5120,n,3473790542,504308958,67010053,2287790,268,213
8192,6144,t,3501942773,504309046,70903663,2669541,98624,98397
8192,6144,n,3454320143,504308477,67286040,2716692,268,56
8192,7168,t,3467832044,504309283,67797086,2734389,115695,115364
8192,7168,n,3410845738,504309544,62678650,3163145,301,39
8192,8192,t,3507572128,504309210,70715056,3102137,131729,131407
8192,8192,n,3484771042,504309509,68543747,3648624,350,230
8192,12288,t,3482869743,504312751,68895056,4679144,198861,198391
8192,12288,n,3417213145,504310308,63137443,5424804,477,57
8192,16384,t,3464214777,504311805,65682349,6224783,264902,264398
8192,16384,n,3529391198,504310686,70501704,7186555,623,348
8192,32768,t,3528460591,504312928,71834341,12538343,528446,528032
8192,32768,n,3474438830,504307838,68810242,14371262,1100,133
8192,65536,t,3520567877,504317736,69599926,24389041,1056238,1055171
8192,65536,n,3595973387,504308568,75118926,28424942,2218,1290
8192,131072,t,3495818059,504318451,69282439,47551354,2109361,2108341
8192,131072,n,3579099298,504307604,75185764,55971626,4458,3104
8192,262144,t,3507120112,504319663,68903546,92727793,4214194,4212736
8192,262144,n,3598660210,504309431,76115325,111128054,8678,6569
8192,524288,t,3602425240,504320778,75197788,181232049,8420690,8420452
8192,524288,n,3625066437,504308145,76975665,220422795,17308,15041
8192,1048576,t,3577609762,504336994,74688361,362311665,16841824,16840986
8192,1048576,n,3548114617,504309950,71892675,439026330,34483,31432
8192,1572864,t,3665904582,504348290,78745914,541860031,25261567,25260783
8192,1572864,n,3598685645,504308755,73404971,657579766,51540,48914
12288,16,t,5377332243,504318625,197184496,7860,317,296
12288,16,n,5379512142,504314852,199101875,9803,60,34
12288,128,t,5349944715,504313753,196824384,50128,2126,2084
12288,128,n,5375206084,504314132,198915054,61517,81,51
12288,512,t,5407245852,504315891,200395038,215214,8341,8231
12288,512,n,5402561488,504313463,200631362,228204,65,36
12288,1024,t,5398728421,504312390,200386454,443024,16527,16430
12288,1024,n,5414517679,504316109,200829626,450948,92,38
12288,2048,t,5403281543,504312451,199684608,777955,33059,32955
12288,2048,n,5409089596,504315619,200800300,903885,116,32
12288,3072,t,5421578086,504314915,201271344,1162544,49467,49324
12288,3072,n,5390048098,504312561,199272480,1349444,169,45
12288,4096,t,5408064164,504314424,201165032,1799702,65811,65608
12288,4096,n,5380164108,504312622,198188043,1799016,210,53
12288,5120,t,5399321680,504322737,200029660,1968174,82732,82497
12288,5120,n,5371635115,504313965,198191285,2260922,233,112
12288,6144,t,5367757904,504315549,197865477,2728246,98639,98430
12288,6144,n,5372246635,504312459,197849023,2752152,287,61
12288,7168,t,5402241513,504316441,198995967,3129147,115053,114796
12288,7168,n,5373705309,504312138,198466082,3183014,317,45
12288,8192,t,5378114062,504312901,198543084,3536979,131491,131235
12288,8192,n,5366943567,504315664,197768926,3613747,341,36
12288,12288,t,5374624885,504315094,197898427,5131402,197195,197005
12288,12288,n,5418484836,504319082,199307782,5421678,450,42
12288,16384,t,5376117412,504320330,197854644,6632980,262859,262621
12288,16384,n,5377531104,504315096,198034841,7198826,605,44
12288,32768,t,5373968623,504315413,197490730,12659931,525555,525259
12288,32768,n,5375360155,504311220,198060668,14404888,1115,167
12288,65536,t,5356511606,504322419,197002650,24448177,1058200,1058021
12288,65536,n,5377575689,504314753,198490386,28680186,2189,691
12288,131072,t,5371910161,504331277,197712145,48489030,2115013,2113739
12288,131072,n,5376769429,504313667,197752348,56918853,4530,3251
12288,262144,t,5401285342,504351663,198265579,95714291,4227748,4226446
12288,262144,n,5360019555,504310749,197439088,111899259,8641,6930
12288,524288,t,5417714338,504363425,199980520,189053545,8444715,8443629
12288,524288,n,5398369795,504323644,197294611,222148310,17104,16054
12288,1048576,t,5434840439,504417930,199485100,375476246,16889504,16888659
12288,1048576,n,5401721676,504312732,198295579,442558920,36028,35136
12288,1572864,t,5470863929,504460482,200038646,563368236,25325127,25323693
12288,1572864,n,5417587676,504314284,197436925,662388309,51383,51242
16384,16,t,6569092065,504320731,280140394,7965,315,301
16384,16,n,6569402940,504319796,280111080,9186,52,34
16384,128,t,6573457795,504320284,280261370,54176,2137,2085
16384,128,n,6574488609,504317961,280369969,59569,55,32
16384,512,t,6593307505,504326132,280287306,227268,8300,8221
16384,512,n,6593979435,504318726,280229961,228004,71,32
16384,1024,t,6569796314,504324053,280171329,427714,16529,16424
16384,1024,n,6599217477,504321466,280135292,452048,89,41
16384,2048,t,6575415658,504322645,280183404,884598,32926,32807
16384,2048,n,6585270632,504323871,280735263,903199,111,40
16384,3072,t,6598429082,504330360,280507927,1373460,49390,49210
16384,3072,n,6584615031,504320013,280206256,1347274,151,34
16384,4096,t,6573704615,504326936,280314651,1808297,65803,65602
16384,4096,n,6577240574,504317691,280414148,1799032,190,78
16384,5120,t,6572953180,504320953,280423173,2259481,82293,82021
16384,5120,n,6575415906,504322668,280302020,2270404,227,38
16384,6144,t,6584047777,504325966,280373095,2661742,98671,98406
16384,6144,n,6578905447,504320348,280380362,2698261,260,62
16384,7168,t,6575427549,504327353,280581318,3084540,115044,114772
16384,7168,n,6578363638,504322280,280293850,3177013,294,50
16384,8192,t,6573807574,504322699,280309975,3503564,131489,131205
16384,8192,n,6571671611,504324980,280058319,3648861,333,56
16384,12288,t,6571101776,504323157,280362964,5126896,197224,196993
16384,12288,n,6572485002,504325760,280199017,5390049,457,37
16384,16384,t,6568626843,504326811,280125332,6187973,265249,264702
16384,16384,n,6560115319,504315012,280111286,7216408,597,40
16384,32768,t,6576806907,504322636,280786322,12598454,525518,525313
16384,32768,n,6569687372,504317134,280134921,14429175,1144,85
16384,65536,t,6583357063,504324965,280926845,24435745,1050870,1050605
16384,65536,n,6591403767,504321424,280118869,28654221,2224,762
16384,131072,t,6573639767,504339327,280443446,48715055,2117400,2116113
16384,131072,n,6583559416,504322436,280407924,57138577,4337,2678
16384,262144,t,6584726692,504358517,280585642,96223735,4231415,4230192
16384,262144,n,6607280852,504322516,280188364,112562540,8613,7078
16384,524288,t,6610997495,504398940,281690447,191093989,8464987,8463752
16384,524288,n,6614610842,504319837,280681357,223512513,17131,16234
16384,1048576,t,6627659708,504466046,281773909,380238276,16917898,16916659
16384,1048576,n,6620421240,504321182,280210012,443624708,34031,33907
16384,1572864,t,6812091448,504320379,291527964,564865312,25217427,25216347
16384,1572864,n,6626285420,504318529,280305014,665861798,51080,50928
32768,16,t,8469974973,504358520,406892633,8222,309,298
32768,16,n,8470669126,504359257,406520339,9575,39,25
32768,128,t,8488280439,504352918,406566749,51025,2113,2084
32768,128,n,8467852009,504350126,406326420,59048,53,35
32768,512,t,8459001895,504350076,406384596,225628,8299,8223
32768,512,n,8474632740,504351688,406407873,228353,62,28
32768,1024,t,8470555489,504347034,406377141,444801,16513,16423
32768,1024,n,8476906885,504345819,406517383,451357,86,34
32768,2048,t,8463154157,504354941,406523235,889220,32951,32805
32768,2048,n,8473405874,504357063,406696870,899192,117,37
32768,3072,t,8486053695,504349803,406410082,1363588,49358,49190
32768,3072,n,8466724100,504352009,406487173,1343222,147,43
32768,4096,t,8473402332,504345802,406410734,1775807,65779,65587
32768,4096,n,8472973466,504349188,406552669,1805243,190,51
32768,5120,t,8471690885,504360515,406611086,2242189,82210,81983
32768,5120,n,8466949357,504353813,406446245,2246270,257,38
32768,6144,t,8467185073,504350265,406602842,2700427,98641,98406
32768,6144,n,8480609385,504367056,406816386,2716871,261,71
32768,7168,t,8467545254,504360923,406548656,3117643,115042,114781
32768,7168,n,8469370190,504352524,406439704,3157343,307,50
32768,8192,t,8466637304,504354580,406459680,3520258,131517,131270
32768,8192,n,8462731889,504350505,406528059,3616162,328,49
32768,12288,t,8466515516,504356819,406663119,5145741,197171,196915
32768,12288,n,8462894649,504346671,406344251,5451231,457,61
32768,16384,t,8465187923,504347975,406477364,6656912,262828,262571
32768,16384,n,8464994832,504354422,406332598,7200200,602,37
32768,32768,t,8484450528,504349098,406511168,12620615,525572,525271
32768,32768,n,8468809813,504354200,406603501,14484998,1107,46
32768,65536,t,8472435338,504350553,406644399,24476098,1050904,1050681
32768,65536,n,8471363331,504352323,406294033,28703277,2185,922
32768,131072,t,8499874773,504356726,407041339,48176193,2104641,2104034
32768,131072,n,8481050213,504357098,406624528,57304548,4451,3086
32768,262144,t,8497352118,504357043,407590845,94962926,4203291,4202796
32768,262144,n,8480302855,504346996,406434274,112676126,8487,7142
32768,524288,t,8499696541,504445884,407090337,192154401,8499903,8498594
32768,524288,n,8489575154,504356640,406386504,223902871,16937,15863
32768,1048576,t,8526023641,504538325,407776157,382267946,16979559,16978364
32768,1048576,n,8513218309,504353658,406698547,444850802,33426,33370
32768,1572864,t,8569755357,504612296,408837663,572919332,25454595,25453378
32768,1572864,n,8536015345,504366080,406579379,665954755,50098,50009
65536,16,t,9428903392,504380977,470806810,7817,311,299
65536,16,n,9428185457,504378541,470627362,8996,63,40
65536,128,t,9422958946,504378761,470637946,48754,2115,2081
65536,128,n,9436251627,504375472,470643018,58439,55,34
65536,512,t,9441025601,504369927,470510581,216461,8316,8228
65536,512,n,9430746151,504370081,470614320,226750,63,37
65536,1024,t,9435817548,504368691,470744623,426724,16514,16422
65536,1024,n,9431326533,504375700,470696210,453133,81,33
65536,2048,t,9421929514,504385027,470603910,901122,32919,32801
65536,2048,n,9426399276,504375221,470623825,902456,126,32
65536,3072,t,9427006835,504363645,470638083,1391319,49334,49181
65536,3072,n,9425487852,504383745,470726110,1354634,159,37
65536,4096,t,9443084779,504372017,470823890,1824135,65790,65581
65536,4096,n,9423295452,504377586,470617951,1808531,191,40
65536,5120,t,9426357097,504377148,470675133,2277011,82209,81984
65536,5120,n,9437729511,504383256,470625339,2275678,214,59
65536,6144,t,9437131920,504382519,470688288,2770191,98628,98366
65536,6144,n,9431970751,504374476,470730779,2740518,263,45
65536,7168,t,9430219912,504371850,470588832,3163003,115069,114822
65536,7168,n,9427861631,504369361,470583898,3183510,292,41
65536,8192,t,9433187440,504374993,470599817,3593817,131500,131238
65536,8192,n,9425544065,504370505,470726998,3661125,321,47
65536,12288,t,9435074856,504371627,470767966,5242837,197181,196840
65536,12288,n,9424895651,504368644,470545646,5415881,471,32
65536,16384,t,9428018624,504372108,470576142,6736805,262835,262623
65536,16384,n,9427529535,504376742,470617985,7265976,593,36
65536,32768,t,9430219941,504382281,470706168,12549897,525528,525278
65536,32768,n,9431071912,504374483,470635034,14502849,1108,70
65536,65536,t,9440371742,504372638,470634820,24404996,1050884,1050610
65536,65536,n,9432412414,504368154,470708008,28752316,2157,496
65536,131072,t,9434432935,504404461,470692405,49029988,2122735,2121265
65536,131072,n,9436046175,504383006,470702609,57099273,4463,2584
65536,262144,t,9447379815,504398890,470931058,96161767,4219766,4218182
65536,262144,n,9445021704,504378738,470617789,112728505,8945,7434
65536,524288,t,9457134023,504385227,471420276,189644034,8411078,8409669
65536,524288,n,9458719557,504371940,470658832,223661863,17595,16562
65536,1048576,t,9501941494,504370683,471886630,376255453,16811567,16810816
65536,1048576,n,9486137137,504379079,470670784,444254637,33240,33220
65536,1572864,t,9523588295,504374744,472526216,564786631,25217724,25216568
65536,1572864,n,9501114246,504367890,470943472,665665041,49824,49774
131072,16,t,10033492707,504327351,504280711,8525,302,296
131072,16,n,10024652966,504325355,504281284,9778,63,45
131072,128,t,10027512792,504325478,504280569,46849,2114,2094
131072,128,n,10034729502,504325438,504280942,58960,59,49
131072,512,t,10025340770,504325352,504281485,186097,8292,8255
131072,512,n,9947562001,504380668,500261608,225588,67,52
131072,1024,t,10037801646,504325619,504277994,458304,16511,16419
131072,1024,n,10041189634,504326311,504283058,448621,98,74
131072,2048,t,9937752018,504378672,500320227,737559,32944,32879
131072,2048,n,10028697503,504335167,503880220,899864,118,34
131072,3072,t,9948313341,504376467,500751045,1127123,49358,49297
131072,3072,n,10017769039,504326802,504223186,1355796,147,54
131072,4096,t,10024815506,504326999,504283117,1496926,65799,65746
131072,4096,n,9944753422,504387555,500621412,1795325,222,198
131072,5120,t,10026212097,504327522,504228450,2375753,82235,81990
131072,5120,n,9949442561,504399730,500402590,2250928,240,227
131072,6144,t,9933055569,504391037,500109447,2812774,98637,98368
131072,6144,n,9933174940,504400953,500152066,2753425,254,59
131072,7168,t,9940178282,504386790,500148061,3270480,115051,114784
131072,7168,n,9933099653,504384693,500115654,3194975,300,66
131072,8192,t,10025858945,504328607,504162837,3722751,131501,131296
131072,8192,n,9946546502,504374894,500757756,3575755,384,372
131072,12288,t,9942025924,504395884,500152201,5323362,197165,196965
131072,12288,n,10018126165,504331786,503885980,5454791,463,57
131072,16384,t,10017456444,504325340,504281008,5956056,262859,262833
131072,16384,n,10024835153,504325446,504281191,7331097,705,703
131072,32768,t,10038908698,504326668,504281836,11904850,525560,525532
131072,32768,n,10020118102,504326713,504283098,14447799,1223,1181
131072,65536,t,10018563086,504326504,504282189,23610863,1050908,1050857
131072,65536,n,10019227526,504326314,504230669,28856890,2208,707
131072,131072,t,10039365641,504343487,504298413,49132803,2116835,2115194
131072,131072,n,9938587399,504388987,500135277,57098205,4422,2319
131072,262144,t,10036508678,504343278,504297625,95859118,4220834,4219498
131072,262144,n,10032565840,504335162,503769601,112561151,8926,7590
131072,524288,t,9962324153,504427843,500474054,191078533,8453208,8451703
131072,524288,n,9965261101,504386557,500110048,223764463,17879,16784
131072,1048576,t,9991955620,504409026,500512526,378071668,16830504,16829130
131072,1048576,n,9989140266,504389793,500172533,443556993,33438,33394
131072,1572864,t,10077376424,504326661,504283439,564606799,25217818,25216640
131072,1572864,n,10000259716,504391453,500299059,671081885,50525,50378
262144,16,t,10024167592,504326336,504311958,10613,309,298
262144,16,n,10016739743,504325932,504311700,8777,46,38
262144,128,t,10020226186,504326247,504311817,47925,2128,2101
262144,128,n,10011843199,504325797,504311585,57698,52,44
262144,512,t,10021373693,504326032,504311676,187130,8311,8243
262144,512,n,10018798538,504325876,504311482,225131,78,63
262144,1024,t,10009313216,504326220,504311777,369927,16515,16457
262144,1024,n,10018168974,504325253,504310984,444756,97,70
262144,2048,t,10023253954,504325941,504311653,753412,32950,32874
262144,2048,n,10016563688,504387108,504374496,890653,121,105
262144,3072,t,10018395774,504388083,504372239,1504375,49367,49194
262144,3072,n,10017801448,504326611,504311019,1370010,174,43
262144,4096,t,10029319572,504325425,504311123,1504625,65795,65741
262144,4096,n,10029080462,504325813,504311611,1784177,211,185
262144,5120,t,10016879848,504326546,504312255,1877232,82238,82198
262144,5120,n,10028346807,504325200,504310917,2250441,291,242
262144,6144,t,10029474888,504325814,504311419,2300327,98676,98663
262144,6144,n,10026810287,504325855,504311622,2709973,302,280
262144,7168,t,10029958384,504326285,504311925,2712488,115111,115083
262144,7168,n,10028680878,504325306,504311099,3191724,336,309
262144,8192,t,10030549635,504326103,504311892,3042230,131497,131488
262144,8192,n,10021042584,504325269,504310990,3685217,386,369
262144,12288,t,10030844089,504326440,504312152,4534822,197172,197154
262144,12288,n,10024196826,504325487,504311182,5361916,558,552
262144,16384,t,10029883662,504326202,504311891,5973112,262827,262816
262144,16384,n,10019178616,504325472,504311080,7346948,689,683
262144,32768,t,10018380559,504325620,504311172,11840154,525533,525508
262144,32768,n,10019781560,504326546,504312132,14531255,1225,1179
262144,65536,t,10019110853,504325665,504311249,23554538,1050902,1050864
262144,65536,n,10025757643,504330610,504314246,28878118,2239,623
262144,131072,t,10021614123,504353800,504338738,49418611,2128805,2126841
262144,131072,n,10025229695,504328771,504311590,57182803,4395,2477
262144,262144,t,10031074365,504351350,504335409,96268920,4228692,4228146
262144,262144,n,10025019264,504330551,504313232,112880386,8966,7263
262144,524288,t,10049733920,504342203,504326750,189746599,8421290,8420642
262144,524288,n,10042614641,504329803,504312745,223655638,17927,17059
262144,1048576,t,10051378487,504374997,504360085,378471564,16858997,16857824
262144,1048576,n,10062650858,504325709,504311270,447431948,34188,34099
262144,1572864,t,10091193389,504325960,504311410,564152434,25217199,25216132
262144,1572864,n,10091456261,504326092,504311664,670527428,50887,50710
524288,16,t,9995770524,504325501,504311264,7583,314,293
524288,16,n,9984276768,504325286,504311068,9704,44,38
524288,128,t,9992676771,504326067,504311797,47120,2115,2091
524288,128,n,9991345889,504325678,504311510,57510,49,38
524288,512,t,9990540237,504325761,504311494,188633,8297,8249
524288,512,n,9992057827,504325302,504311109,223906,68,56
524288,1024,t,9998857089,504325565,504311329,373381,16515,16455
524288,1024,n,9985591424,504377108,504366864,447131,83,73
524288,2048,t,9990886962,504330235,504314807,1039901,32945,32831
524288,2048,n,9981543556,504384875,504374825,890375,116,105
524288,3072,t,10002266131,504325661,504311341,1139358,49372,49303
524288,3072,n,9996811396,504325055,504310928,1331138,145,133
524288,4096,t,9995651588,504326105,504311812,1522073,65803,65754
524288,4096,n,9993445813,504325731,504311601,1783695,190,179
524288,5120,t,9997614929,504325380,504311061,1872133,82240,82177
524288,5120,n,9994036715,504359715,504347900,2233918,248,236
524288,6144,t,9980336560,504336673,504322659,3014039,98637,98387
524288,6144,n,9991849223,504325053,504310150,2712221,295,275
524288,7168,t,9983109245,504381844,504372196,2689649,115102,115084
524288,7168,n,9982223237,504332282,504317724,3259842,309,34
524288,8192,t,10005838742,504326153,504311978,3093724,131514,131508
524288,8192,n,10002131721,504325758,504311747,3596566,389,374
524288,12288,t,9992884413,504325663,504311436,4506295,197200,197189
524288,12288,n,9983987117,504325117,504310832,5546337,554,548
524288,16384,t,10007322232,504325598,504311371,5964082,262852,262838
524288,16384,n,10001414433,504363766,504352200,7380821,710,700
524288,32768,t,9990511196,504345548,504332343,12828203,525520,525232
524288,32768,n,10004849441,504327389,504313130,14336057,1217,1180
524288,65536,t,9985514822,504336470,504323282,23549789,1051468,1051412
524288,65536,n,9996130650,504389155,504376428,28901829,2190,739
524288,131072,t,9988239430,504349458,504335064,49429521,2121526,2119651
524288,131072,n,9980194062,504390013,504378067,57470512,4428,2387
524288,262144,t,10003545108,504382496,504369049,96760860,4247683,4246392
524288,262144,n,9998350496,504388746,504376773,113159201,8908,6991
524288,524288,t,10020150636,504467795,504457181,191773700,8487383,8486857
524288,524288,n,10009223927,504393519,504381767,224123867,17904,17144
524288,1048576,t,10017745020,504456196,504446955,379003302,16872983,16871650
524288,1048576,n,10038250577,504391356,504380238,445803633,35560,33319
524288,1572864,t,10056298724,504387300,504377552,564597030,25226727,25225801
524288,1572864,n,10043593000,504385079,504375387,672273541,50859,50675
1048576,16,t,9955499553,504385220,504375501,7808,325,293
1048576,16,n,9968085570,504375129,504363484,9759,52,36
1048576,128,t,9964744404,504391853,504381592,52421,2118,2089
1048576,128,n,9975336993,504372379,504360624,61063,56,29
1048576,512,t,9964582461,504389411,504380269,180448,8306,8250
1048576,512,n,9964465042,504392065,504381517,232366,76,33
1048576,1024,t,9966427962,504390370,504379376,498665,16523,16420
1048576,1024,n,9969525453,504390882,504380438,466132,81,31
1048576,2048,t,9965105814,504391494,504381046,809128,32951,32814
1048576,2048,n,9962683852,504393763,504382970,926240,125,42
1048576,3072,t,9972922912,504387973,504378259,1489414,49348,49198
1048576,3072,n,9972690606,504368978,504358910,1382303,148,36
1048576,4096,t,9967258954,504381906,504371293,1973505,65786,65579
1048576,4096,n,9966926139,504396865,504387073,1850300,206,42
1048576,5120,t,9972101056,504348565,504335651,2473862,82214,81975
1048576,5120,n,9973899645,504371533,504362341,2315933,242,49
1048576,6144,t,9966446954,504393880,504383671,2523445,100160,99866
1048576,6144,n,9964080064,504387756,504378251,2786681,273,45
1048576,7168,t,9965187419,504374020,504362982,3325826,115084,114767
1048576,7168,n,9970911753,504398735,504389074,3244069,323,46
1048576,8192,t,9985697881,504337376,504323794,3764210,131466,131152
1048576,8192,n,9955372452,504385905,504375601,3589484,386,369
1048576,12288,t,9964377140,504389874,504380189,5313781,197211,196935
1048576,12288,n,9975761126,504396369,504387175,5534099,482,41
1048576,16384,t,9971157030,504391142,504381479,6849705,262987,262675
1048576,16384,n,9978587361,504393600,504384365,7470519,575,36
1048576,32768,t,9975868542,504392411,504382652,13138659,532015,530901
1048576,32768,n,9975361069,504387571,504378299,14696056,1148,111
1048576,65536,t,9978368636,504361833,504349433,25359350,1058877,1057049
1048576,65536,n,9980942728,504390101,504379164,29185785,2188,630
1048576,131072,t,9971029871,504415308,504406648,49291299,2125786,2123738
1048576,131072,n,9968656694,504389367,504379237,57407027,4482,3991
1048576,262144,t,9984514192,504372762,504359222,96908908,4234871,4233684
1048576,262144,n,9978372736,504388660,504377719,112780160,8917,7316
1048576,524288,t,9997584685,504466492,504456893,191119824,8486529,8485727
1048576,524288,n,9979671613,504389920,504378737,224583342,17977,17557
1048576,1048576,t,10000534252,504483864,504474448,379525530,16906687,16905813
1048576,1048576,n,10023591936,504391945,504381807,447124144,35599,33255
1048576,1572864,t,10039382535,504397426,504388540,564465914,25217770,25216643
1048576,1572864,n,10034810484,504325881,504311783,673222415,50807,50561
1572864,16,t,9969148952,504325692,504311484,8032,313,294
1572864,16,n,9961159742,504326814,504312764,9906,55,42
1572864,128,t,9965759954,504391359,504382343,49038,2106,2094
1572864,128,n,9959829698,504390947,504380544,60793,70,42
1572864,512,t,9959426306,504390550,504380640,236841,8300,8233
1572864,512,n,9958562889,504389661,504379535,231729,70,34
1572864,1024,t,9957540806,504391883,504381891,492773,16510,16418
1572864,1024,n,9949163268,504393809,504383223,459199,90,48
1572864,2048,t,9961397904,504390975,504381173,979751,32966,32818
1572864,2048,n,9959114917,504383211,504373208,918765,130,42
1572864,3072,t,9958808722,504391344,504381806,1471322,49344,49185
1572864,3072,n,9964923615,504396830,504387057,1373439,159,37
1572864,4096,t,9965131352,504390602,504381121,1922097,65785,65594
1572864,4096,n,9959324012,504396775,504387006,1854054,197,45
1572864,5120,t,9964666168,504390274,504380492,2380748,82209,81969
1572864,5120,n,9968025882,504381141,504372184,2337867,216,37
1572864,6144,t,9950303183,504393188,504384033,2811395,98656,98380
1572864,6144,n,9962589038,504385022,504375619,2774329,275,40
1572864,7168,t,9968856722,504387688,504378382,3228022,115045,114751
1572864,7168,n,9980153731,504335731,504320770,3232031,303,45
1572864,8192,t,9961166252,504383831,504374859,3056211,131508,131507
1572864,8192,n,9970606428,504388240,504377386,3685189,338,44
1572864,12288,t,9958192118,504392174,504383220,4885274,197157,196861
1572864,12288,n,9973326498,504393135,504383912,5580655,471,58
1572864,16384,t,9951635084,504393023,504383124,6538001,264766,264168
1572864,16384,n,9975369731,504392454,504383303,7495367,595,38
1572864,32768,t,9952262298,504393217,504384275,12808401,525754,525407
1572864,32768,n,9960122429,504387526,504378242,14648673,1147,104
1572864,65536,t,9963582988,504407642,504398657,25599751,1065186,1063363
1572864,65536,n,9953209516,504390696,504379161,29259505,2220,1032
1572864,131072,t,9957787818,504426922,504417961,49902984,2133546,2131568
1572864,131072,n,9957188724,504390545,504379922,57941594,4369,2006
1572864,262144,t,9963107192,504430410,504421830,97265481,4240114,4239467
1572864,262144,n,9981931907,504389145,504377972,113755016,8841,6311
1572864,524288,t,9988554747,504457525,504448397,191414583,8473607,8472877
1572864,524288,n,9997685082,504390062,504379296,224745142,17932,17386
1572864,1048576,t,10019711203,504430719,504422683,379614867,16847498,16846313
1572864,1048576,n,10015795989,504389437,504379708,447483471,35704,33236
1572864,1572864,t,10037392374,504424934,504415610,564096053,25246765,25245308
1572864,1572864,n,10030318758,504386210,504376811,673040123,50801,50359
