16,16,t,648983458,340,256,7687,316,298
16,16,n,643607516,361,256,8800,57,36
16,128,t,748363500,338,258,51692,2114,2083
16,128,n,645711780,336,257,54994,57,32
16,512,t,756695442,726,623,189104,8339,8255
16,512,n,654486996,493,413,212344,82,38
16,1024,t,645642122,676,589,372178,16584,16493
16,1024,n,646156440,411,334,427211,79,56
16,2048,t,642284272,693,574,719269,33001,32901
16,2048,n,749206693,490,378,863867,130,53
16,3072,t,643883229,702,642,1051685,49444,49294
16,3072,n,648418490,508,393,1283889,163,79
16,4096,t,764508458,587,444,1386698,65817,65637
16,4096,n,640707280,405,350,1698641,189,99
16,5120,t,645796215,634,573,1704449,82267,82027
16,5120,n,647518359,665,559,2138761,225,133
16,6144,t,653426861,860,793,2050303,98752,98519
16,6144,n,642980401,568,509,2597064,276,148
16,7168,t,765695815,942,840,2386168,115206,114900
16,7168,n,645453330,839,759,2985202,304,87
16,8192,t,644076231,902,811,2726479,131597,131278
16,8192,n,640899549,424,330,3408852,322,186
16,12288,t,765792270,1179,1119,4046305,197394,196923
16,12288,n,646205939,425,354,5108899,460,63
16,16384,t,761293663,1389,1306,5389681,263100,262490
16,16384,n,641304604,1542,1469,6758711,603,68
16,32768,t,763089515,1749,1653,10718502,525854,524795
16,32768,n,640644668,676,584,13549630,1117,91
16,65536,t,763939420,2797,2690,21813687,1051239,1050424
16,65536,n,645914058,632,509,26776852,2172,196
16,131072,t,636834107,2386,2286,42865678,2102082,2100245
16,131072,n,644308495,643,572,53508170,4248,92
16,262144,t,758476348,6560,6450,85341672,4203460,4202375
16,262144,n,642709604,648,576,106641942,8379,1301
16,524288,t,742063837,15623,15545,169413111,8410775,8409473
16,524288,n,643491061,619,540,212932742,16612,8452
16,1048576,t,705333438,28858,28758,337309500,16821114,16818087
16,1048576,n,641141112,1022,955,425696184,33089,20493
16,1572864,t,742209899,60878,60781,504790527,25228577,25227836
16,1572864,n,639356503,328,286,639111648,49408,282
128,16,t,1091164275,2634,2048,8112,325,293
128,16,n,1091209050,17160,2049,8210,45,29
128,128,t,1462377456,140833661,2048,51371,2122,2089
128,128,n,1091242222,3350,2288,55830,53,39
128,512,t,1091181628,17017,2049,197815,8313,8227
128,512,n,1091146883,10543,2291,214654,76,37
128,1024,t,1090935850,3732,2265,389989,16511,16416
128,1024,n,1091116106,3431,2048,430666,91,39
128,2048,t,1091005102,28449,2217,792315,32915,32798
128,2048,n,1091269584,3784,2433,852615,123,33
128,3072,t,1090999054,4634,2050,1158859,49357,49185
128,3072,n,1091183580,15764,2049,1273835,151,35
128,4096,t,1091125454,3576,2201,1522348,65764,65572
128,4096,n,1091175911,6805,2049,1709736,207,35
128,5120,t,1091080309,16440,2051,1917901,82216,81956
128,5120,n,1091053899,5718,2048,2136467,235,37
128,6144,t,1091138010,5803,2053,2294693,98636,98358
128,6144,n,1091105588,4438,2050,2585541,284,158
128,7168,t,1505178626,157288235,2798,2373510,115058,114732
128,7168,n,1091143482,3902,2470,2971883,308,188
128,8192,t,1091138909,4878,2052,2719082,131459,131121
128,8192,n,1091411413,6754,5264,3417531,334,148
128,12288,t,1090915451,5921,2072,4047202,197139,196646
128,12288,n,1091120783,6126,4314,5109172,457,133
128,16384,t,1091354504,5223,2090,5381203,262823,262242
128,16384,n,1091151810,3976,3382,6750687,596,237
128,32768,t,1091176549,8532,2079,10701350,525489,524441
128,32768,n,1091128280,4939,3177,13537453,1131,167
128,65536,t,1091062192,15796,2227,21353058,1050854,1048883
128,65536,n,1091015849,4840,3266,26774111,2164,172
128,131072,t,1091155966,7350,2804,42837386,2101630,2099238
128,131072,n,1091157333,5350,4132,53427542,4223,1727
128,262144,t,1091242325,6647,5069,85143378,4203224,4200179
128,262144,n,1090878256,4632,3443,106609634,8349,1566
128,524288,t,1091492263,8153,6712,169196242,8406638,8405657
128,524288,n,1091227172,9567,7207,213012998,16575,7019
128,1048576,t,1091527357,9716,6237,336685353,16813143,16810360
128,1048576,n,1090940468,7211,5544,425931225,32953,11133
128,1572864,t,1091535925,10461,6060,504751319,25219554,25217577
128,1572864,n,1091147463,7250,2048,639083224,49397,343
512,16,t,2317628651,471888029,8296,8162,314,300
512,16,n,2397015367,503317605,8736,8520,50,35
512,128,t,2397009263,503317603,8784,50085,2104,2082
512,128,n,2396995080,503317608,8375,55889,52,32
512,512,t,2396984951,503317611,8330,200306,8292,8225
512,512,n,2396986461,503317466,8195,213379,67,33
512,1024,t,2396992557,503317571,8460,371510,16502,16418
512,1024,n,2396985813,503317534,8490,428001,77,40
512,2048,t,2396971139,503316655,8193,717443,32947,32810
512,2048,n,2396984466,503316794,8583,849011,122,44
512,3072,t,2396981145,503317554,8203,1049880,49347,49195
512,3072,n,2397018987,503317540,8381,1279553,169,54
512,4096,t,2337350049,479726284,8233,1417934,65777,65578
512,4096,n,2397006937,503317588,8417,1701699,194,86
512,5120,t,2396950319,503317564,8199,1711817,82234,81963
512,5120,n,2396959219,503317507,8206,2154315,245,96
512,6144,t,2396980939,503317632,8308,2043864,98630,98394
512,6144,n,2396991426,503317628,8205,2549983,283,174
512,7168,t,2397031927,503317515,11178,2379266,115048,114750
512,7168,n,2397428877,503315483,29863,2991903,298,118
512,8192,t,2397106776,503317547,11187,2724466,131459,131185
512,8192,n,2397381203,503314587,30670,3415846,331,172
512,12288,t,2397073147,503317529,9903,4057461,197142,196651
512,12288,n,2397362359,503316137,26611,5095592,451,179
512,16384,t,2397042274,503317562,9683,5401420,262790,262207
512,16384,n,2317649304,471883153,22907,6757230,626,53
512,32768,t,2397166567,503317583,12597,10727518,525466,524368
512,32768,n,2397476111,503309815,33592,13523030,1105,420
512,65536,t,2397239900,503317551,15984,21414692,1050851,1049050
512,65536,n,2397405114,503315618,27647,26775169,2169,126
512,131072,t,2397649991,503315878,31869,42792234,2101567,2099029
512,131072,n,2397734807,503316386,42825,53473195,4253,355
512,262144,t,2398076876,503314382,44043,85101508,4203206,4199995
512,262144,n,2318565686,471888551,44888,106597368,8367,2953
512,524288,t,2398680524,503311428,50924,169126285,8406561,8403497
512,524288,n,2398438843,503315538,52650,213050303,16539,7456
512,1048576,t,2399667884,503315617,51219,336765144,16813037,16811469
512,1048576,n,2396738177,502646723,26094,426053666,32978,414
512,1572864,t,2400952090,503312968,54379,504964731,25219298,25217863
512,1572864,n,2398916540,503317540,8488,639010443,49401,847
1024,16,t,2397158245,503317301,17672,8834,322,294
1024,16,n,2397162126,503317313,17659,8105,50,34
1024,128,t,2397172212,503317284,16858,53590,2112,2088
1024,128,n,2397187500,503317274,16988,54068,63,36
1024,512,t,2397115583,503317258,16580,197586,8302,8228
1024,512,n,2397100519,503317338,16871,218057,74,46
1024,1024,t,2397130078,503317321,16731,374306,16523,16431
1024,1024,n,2397128723,503317272,16635,425244,95,38
1024,2048,t,2397141427,503317308,16731,721308,32936,32826
1024,2048,n,2397155082,503317279,16485,848166,118,79
1024,3072,t,2397105634,503317260,16847,1043868,49363,49190
1024,3072,n,2398229587,503317252,76003,1275485,162,67
1024,4096,t,2397302940,503317291,26901,1386173,65777,65578
1024,4096,n,2398121254,503317281,70708,1697390,184,101
1024,5120,t,2397316614,503317324,24998,1719553,82210,81961
1024,5120,n,2398210383,503317276,75188,2137721,244,125
1024,6144,t,2397529948,503317323,35439,2053904,98665,98356
1024,6144,n,2398181959,503317266,74043,2565482,265,177
1024,7168,t,2397279929,503317273,24705,2391759,115042,114722
1024,7168,n,2398250381,503317384,74896,2985140,291,152
1024,8192,t,2397369381,503317322,29380,2735453,131487,131109
1024,8192,n,2398227085,503317295,78250,3402285,336,162
1024,12288,t,2397389520,503317305,28924,4052976,197130,196649
1024,12288,n,2398216764,503317324,76782,5119247,454,254
1024,16384,t,2397478421,503317252,33955,5382630,262792,262259
1024,16384,n,2398145495,503317289,71728,6742731,612,64
1024,32768,t,2397693844,503317290,44033,10733024,525514,524500
1024,32768,n,2398330610,503317264,81359,13514123,1107,293
1024,65536,t,2398006650,503317258,56432,21385860,1050833,1048966
1024,65536,n,2398381715,503317246,83656,26728047,2156,517
1024,131072,t,2398809364,503317320,95862,42666884,2101611,2099158
1024,131072,n,2398746082,503317281,98141,53467649,4230,292
1024,262144,t,2398297034,503317308,58428,85035493,4203252,4200784
1024,262144,n,2399386263,503317288,130868,106581006,8360,2397
1024,524288,t,2399058887,503317318,74190,169151523,8406459,8404997
1024,524288,n,2399406255,503317301,115619,213007127,16551,6725
1024,1048576,t,2400654084,503317325,114297,336752552,16813193,16811567
1024,1048576,n,2400780966,503317318,150695,425494646,32969,21757
1024,1572864,t,2403070744,503317841,155499,505295362,25219930,25218873
1024,1572864,n,2399135780,503317266,17547,639017719,49392,844
2048,16,t,2397469893,503317165,34943,7829,320,294
2048,16,n,2397559883,503317220,35319,8879,59,36
2048,128,t,2397490391,503317204,35099,51559,2113,2075
2048,128,n,2397466884,503317202,34376,55783,51,33
2048,512,t,2397478497,503317200,34822,200557,8306,8229
2048,512,n,2397531419,503317198,34584,219434,73,39
2048,1024,t,2397426128,503317167,33471,395997,16508,16418
2048,1024,n,2397465911,503317161,34601,426341,92,35
2048,2048,t,2397389243,503317204,33343,799689,32951,32862
2048,2048,n,2397481781,503317198,34427,854482,132,68
2048,3072,t,2397382845,503317186,33297,1041484,49349,49194
2048,3072,n,2397472072,503317193,34821,1273392,162,63
2048,4096,t,2397369755,503317192,33013,1378006,65785,65578
2048,4096,n,2397420542,503317183,33823,1717063,194,123
2048,5120,t,2397415543,503317165,33487,1708033,82223,81978
2048,5120,n,2397475664,503317205,34290,2132929,232,116
2048,6144,t,2397398055,503317200,33585,2051693,98641,98347
2048,6144,n,2399367927,503317188,153933,2560563,266,146
2048,7168,t,2398491665,503317166,96220,2395940,115070,114746
2048,7168,n,2398225542,503317182,83507,2986806,302,172
2048,8192,t,2397402252,503317166,33183,2732189,131513,131217
2048,8192,n,2401183454,503317170,242861,3468997,344,212
2048,12288,t,2399293707,503317201,133442,4127552,197165,196678
2048,12288,n,2398490186,503317186,99741,5123856,471,233
2048,16384,t,2397464499,503317188,33509,5394486,262795,262272
2048,16384,n,2397504145,503317179,34819,6795807,577,68
2048,32768,t,2399255511,503317172,132755,10746122,525514,524552
2048,32768,n,2399246580,503317186,142367,13489037,1101,137
2048,65536,t,2399504711,503317198,152223,21438167,1050854,1049380
2048,65536,n,2400077206,503317185,192779,26862539,2148,313
2048,131072,t,2398812603,503317288,100272,42764658,2101708,2100177
2048,131072,n,2400025200,503317167,186489,53330631,4252,1017
2048,262144,t,2399183668,503317250,106690,84944951,4203338,4201379
2048,262144,n,2400492101,503317182,200662,106732229,8365,517
2048,524288,t,2399612598,503317236,97085,169121789,8406478,8406183
2048,524288,n,2400134190,503317210,155607,213066343,16560,6343
2048,1048576,t,2401423216,503317184,153085,336314026,16813159,16812001
2048,1048576,n,2399573559,503317203,77168,425538715,32990,20492
2048,1572864,t,2401568775,503317252,96531,504533851,25219520,25218312
2048,1572864,n,2399528114,503317184,36393,638947786,49385,5364
3072,16,t,2397831051,503317213,53949,7587,307,291
3072,16,n,2397938378,503317257,58630,8669,58,39
3072,128,t,2397822434,503317267,52821,50513,2111,2083
3072,128,n,2571538319,503318664,11193588,53825,51,33
3072,512,t,2581108725,503317696,11847912,203565,8302,8237
3072,512,n,2397889852,503319040,52994,214367,61,36
3072,1024,t,2397895577,503319087,57167,375371,16516,16411
3072,1024,n,2397948263,503319071,53824,425215,94,55
3072,2048,t,2397814013,503319057,52687,707583,32939,32806
3072,2048,n,2397931190,503317221,55265,858546,129,82
3072,3072,t,2397756306,503317246,52270,1057777,49362,49222
3072,3072,n,2398008626,503318734,55038,1269976,158,81
3072,4096,t,2397737415,503317250,52565,1378213,65811,65591
3072,4096,n,2397925317,503317262,54128,1700599,214,120
3072,5120,t,2397773989,503317269,52137,1721441,82228,81984
3072,5120,n,2397891761,503317225,53542,2141543,244,147
3072,6144,t,2397789373,503317231,54129,2055282,98649,98402
3072,6144,n,2397955479,503317235,57372,2562535,277,149
3072,7168,t,2581629084,503317270,11881282,2445458,115087,114789
3072,7168,n,2397910290,503317273,55699,2995916,287,189
3072,8192,t,2397864578,503317297,57682,2731926,131524,131179
3072,8192,n,2397956360,503319066,56307,3415103,324,218
3072,12288,t,2397866027,503319031,54685,4085700,197175,196710
3072,12288,n,2397936530,503319002,53652,5063523,505,195
3072,16384,t,2397858552,503319076,54284,5426978,262799,262299
3072,16384,n,2397934601,503317223,55444,6803241,601,77
3072,32768,t,2398607760,503318740,96744,10782866,525463,524672
3072,32768,n,2398793218,503317227,108311,13473415,1107,272
3072,65536,t,2399882523,503317268,173073,21438297,1050912,1049696
3072,65536,n,2583928262,503317275,11998469,27094905,2248,689
3072,131072,t,2400007619,503317255,169975,42606727,2101704,2100262
3072,131072,n,2401171570,503317303,251314,53487318,4240,765
3072,262144,t,2583870351,503317262,11899861,85928485,4204538,4203729
3072,262144,n,2400980096,503317281,226787,106642731,8351,2364
3072,524288,t,2401512547,503318796,210604,168765724,8406657,8405124
3072,524288,n,2401228714,503318699,217733,213116354,16574,6569
3072,1048576,t,2403393758,503317333,260973,336252190,16813229,16812276
3072,1048576,n,2400728848,503317315,139026,425927658,32972,23120
3072,1572864,t,2411169176,503317356,587565,504375516,25224620,25223324
3072,1572864,n,2399934814,503317264,56571,638825921,49387,13285
4096,16,t,2674710416,503401689,17767253,8230,307,294
4096,16,n,2398988229,503398961,77949,10069,74,35
4096,128,t,2537573938,503400429,8921094,53198,2126,2095
4096,128,n,2559799095,503400423,10394765,56374,62,36
4096,512,t,2552243089,503400465,9906610,205206,8308,8226
4096,512,n,2545966696,503400095,9414086,212533,74,43
4096,1024,t,2546506569,503400158,9412747,377760,16524,16450
4096,1024,n,2545703594,503400160,8963463,428843,96,37
4096,2048,t,2398903372,503397983,76964,712281,32935,32843
4096,2048,n,2559830016,503400442,10395053,859346,111,49
4096,3072,t,2398955643,503398800,78930,1048077,49347,49198
4096,3072,n,2537903124,503400186,8962456,1280374,150,90
4096,4096,t,2398920942,503398903,76598,1387561,65784,65639
4096,4096,n,2547978642,503400274,9454959,1707880,204,97
4096,5120,t,2545736108,503398766,9414697,1756998,82230,82027
4096,5120,n,2553021545,503400787,9907446,2154638,240,142
4096,6144,t,2398872306,503399028,75139,2084359,98665,98397
4096,6144,n,2575074461,503400528,11376321,2566331,252,46
4096,7168,t,2536843919,503402975,8922985,2422749,115099,114886
4096,7168,n,2536543255,503400142,8921160,3008721,309,177
4096,8192,t,2398909894,503397897,76136,2734778,131473,131151
4096,8192,n,2529238638,503398912,8431655,3435334,322,207
4096,12288,t,2399791338,503397835,123055,4115479,197199,196837
4096,12288,n,2532224102,503400514,8432262,5136205,464,285
4096,16384,t,2529458589,503400350,8443131,5504877,262857,262396
4096,16384,n,2398998414,503399576,78871,6801010,615,274
4096,32768,t,2400765928,503400305,183551,10753213,525531,524999
4096,32768,n,2400719115,503399378,182037,13470801,1129,385
4096,65536,t,2401185517,503399102,201841,21389546,1050937,1050411
4096,65536,n,2401489610,503400355,229846,26840009,2141,795
4096,131072,t,2540645599,503400593,9053700,42985272,2102095,2101635
4096,131072,n,2531878505,503398845,8577316,53770296,4262,1239
4096,262144,t,2549224720,503401679,9534911,85663168,4204414,4203370
4096,262144,n,2401700841,503397766,223667,106531536,8371,3514
4096,524288,t,2402466881,503399242,205540,169060240,8406574,8405756
4096,524288,n,2402226302,503397690,228849,212902939,16560,9916
4096,1048576,t,2553836190,503401885,9559508,340294053,16816972,16816145
4096,1048576,n,2403908157,503397617,268792,425164876,33000,15883
4096,1572864,t,2538037051,503400819,8495261,508645314,25225303,25224514
4096,1572864,n,2401106575,503397795,79897,638605611,49404,26483
5120,16,t,2615267870,504311674,11028622,7848,323,288
5120,16,n,2631637309,504308259,14267163,8839,51,34
5120,128,t,2750525762,504311773,21852511,53242,2108,2082
5120,128,n,2520661016,504308125,7298541,57387,66,41
5120,512,t,2411437612,504308010,312322,208447,8294,8231
5120,512,n,2409431756,504307998,200972,214565,68,41
5120,1024,t,2515865278,504308274,6910816,407971,16569,16444
5120,1024,n,2512643292,504308051,6734116,433277,97,60
5120,2048,t,2410807489,504308250,276396,828557,32937,32843
5120,2048,n,2491636569,504308050,5491525,868587,124,82
5120,3072,t,2620099877,504308280,13565615,1232447,49370,49260
5120,3072,n,2619314353,504308181,13477974,1291609,150,66
5120,4096,t,2518105739,504308166,7070541,1418474,65859,65664
5120,4096,n,2623787425,504308361,13889953,1727830,186,102
5120,5120,t,2624130611,504308352,13867658,1758144,82232,82115
5120,5120,n,2514013484,504308142,6868586,2153094,234,171
5120,6144,t,2738933233,504308368,21133961,2137885,98649,98547
5120,6144,n,2618319721,504308193,13490804,2605468,279,190
5120,7168,t,2543494086,504308214,7926806,2515500,115174,114997
5120,7168,n,2412908142,504308061,414107,2998043,302,174
5120,8192,t,2515628507,504308151,6956239,2796823,131540,131250
5120,8192,n,2408907703,504308026,161209,3439766,334,262
5120,12288,t,2726443027,504308300,20240333,4209429,197248,197043
5120,12288,n,2594696639,504308325,12012451,5168029,470,259
5120,16384,t,2553244207,504308220,7118525,5826816,263014,262899
5120,16384,n,2513444634,504308121,6801402,6839317,615,105
5120,32768,t,2622186101,504308353,13661583,11375459,525912,525723
5120,32768,n,2427895697,504308191,1222695,13503505,1125,341
5120,65536,t,2517127080,504308289,7031794,21582150,1051291,1050871
5120,65536,n,2689306047,504308262,14108251,27128270,2189,1048
5120,131072,t,2522373713,504308083,7271374,43131799,2102742,2102101
5120,131072,n,2797354088,504308627,20714943,54159334,4345,2347
5120,262144,t,2752280252,504309081,17159500,91633161,4204100,4203883
5120,262144,n,2742112073,504308521,21245062,108164202,8562,4259
5120,524288,t,2512834875,504308840,6093596,170324814,8408291,8407669
5120,524288,n,2494641429,504308119,5504653,213773596,16617,10718
5120,1048576,t,2437987604,504308294,1552041,339522573,16820524,16819869
5120,1048576,n,2520206867,504308294,7008230,427170093,33033,26055
5120,1572864,t,2537023161,504308245,7750203,509440917,25226184,25225464
5120,1572864,n,2641314541,504308401,14362314,644294504,50381,30058
6144,16,t,2631618010,504307457,13477702,8727,309,297
6144,16,n,2676059176,504307333,16760415,10177,54,32
6144,128,t,2703804705,504307343,17428233,55810,2110,2087
6144,128,n,3812614724,504308722,87040139,57793,48,36
6144,512,t,2677010513,504308166,15841508,217228,8306,8254
6144,512,n,3592004503,504312048,75525539,253203,76,44
6144,1024,t,2679485483,504310464,15686420,419202,16520,16437
6144,1024,n,2709539124,504308179,17837526,454094,94,46
6144,2048,t,3414103897,504308210,64671719,768122,32969,32919
6144,2048,n,2764544193,504307552,20412566,903039,153,88
6144,3072,t,3681267791,504308240,78200430,1176822,49421,49305
6144,3072,n,2762585062,504308894,21782576,1354921,191,132
6144,4096,t,2753303278,504309062,20974543,1578012,66056,65868
6144,4096,n,2752294138,504308747,20609529,1803182,203,131
6144,5120,t,2693690236,504307877,17245862,2031844,82521,82282
6144,5120,n,2781028931,504308903,22779075,2272660,240,106
6144,6144,t,3456316979,504308192,66884309,2309463,98809,98652
6144,6144,n,2729853032,504307530,18365560,2726533,376,334
6144,7168,t,2720552984,504307880,18149759,2982508,115410,115288
6144,7168,n,3518838131,504308217,70502020,3200083,333,148
6144,8192,t,3422572059,504308216,61010907,3206676,131541,131521
6144,8192,n,2685250015,504307438,16719940,3604674,376,240
6144,12288,t,2723337974,504307539,18785981,4755180,197189,197087
6144,12288,n,3466959308,504310972,64297362,5351152,491,322
6144,16384,t,3671744129,504308206,76376806,5901617,263135,262937
6144,16384,n,3664557719,504308203,77268909,7140338,628,279
6144,32768,t,3817956395,504311708,86718371,12078831,525877,525791
6144,32768,n,3428264514,504308192,64506957,14105833,1180,657
6144,65536,t,3254454124,504307862,53731941,22715918,1052395,1052151
6144,65536,n,3447466665,504308225,66439266,27865410,2198,1572
6144,131072,t,3845216332,504308781,91206469,45544463,2105066,2105014
6144,131072,n,3427290622,504308224,65004195,55532609,4312,2712
6144,262144,t,2676450679,504308352,15875850,87115093,4206637,4206269
6144,262144,n,3838309665,504312174,90337050,111660033,8910,6638
6144,524288,t,3712022896,504312626,82357521,175297667,8413717,8413526
6144,524288,n,3751101700,504308567,84852884,221824651,16684,13116
6144,1048576,t,3841947054,504312291,89330572,360655822,16843143,16842510
6144,1048576,n,2773590078,504308059,19711452,434649760,33598,28211
6144,1572864,t,3598977959,504315061,72037646,520089040,25235949,25235139
6144,1572864,n,2716629328,504308259,17674488,650716129,51238,41209
7168,16,t,3096709823,504244034,42069023,10627,312,299
7168,16,n,3085842353,504242441,42266634,9993,49,33
7168,128,t,3069498054,504242766,40400254,51356,2116,2085
7168,128,n,3039452341,504243020,39148355,58262,49,34
7168,512,t,3149964175,504245708,44671573,221626,8303,8232
7168,512,n,3121143890,504242386,43677071,230091,68,41
7168,1024,t,3097665832,504243456,42081710,396180,16559,16475
7168,1024,n,3083346082,504243200,41430895,461883,86,33
7168,2048,t,3123915420,504241745,43052864,909885,32930,32803
7168,2048,n,3054715854,504242121,38832738,903240,125,86
7168,3072,t,3167058864,504242069,47209284,1178660,49563,49384
7168,3072,n,3004040165,504243960,35396466,1349755,168,78
7168,4096,t,3056173390,504242019,40824480,1587159,66436,66242
7168,4096,n,3055193506,504241492,40230170,1870326,207,122
7168,5120,t,3049836400,504242348,39795538,1971903,82891,82657
7168,5120,n,2971895853,504241441,34337344,2287417,255,170
7168,6144,t,3022086141,504241927,37184242,2369791,99076,98832
7168,6144,n,3060974814,504241532,40126415,2743161,275,177
7168,7168,t,3025445923,504242240,38389622,2752353,115882,115586
7168,7168,n,3063429661,504241491,41470572,3181165,319,171
7168,8192,t,3110226736,504242756,43884603,3137041,132116,131769
7168,8192,n,3020683372,504241681,37840518,3790897,336,187
7168,12288,t,3098487652,504243036,43031324,5120289,197178,196950
7168,12288,n,3142734474,504241838,44497632,5477312,454,82
7168,16384,t,3022893825,504244016,36929081,6275328,264390,263856
7168,16384,n,3101352172,504241689,43351491,7238305,592,145
7168,32768,t,3051034590,504244996,39481628,12493865,528058,527221
7168,32768,n,3092216232,504241909,42290234,14413407,1155,510
7168,65536,t,3076806063,504245690,41135496,24382389,1054407,1053367
7168,65536,n,3125974392,504243840,44291194,28291024,2220,880
7168,131072,t,3120078537,504247734,43768364,47291560,2107174,2105953
7168,131072,n,3077870478,504241751,41432850,56116109,4373,3020
7168,262144,t,3089067687,504248610,42436217,91287838,4210277,4209220
7168,262144,n,3054803520,504242445,40482505,110830629,8697,6307
7168,524288,t,3179576993,504250680,46044550,178153599,8416597,8416107
7168,524288,n,3030852060,504241770,37879195,220465093,17031,13942
7168,1048576,t,3151833729,504256557,44277751,353274222,16832106,16831838
7168,1048576,n,2973297509,504241539,33813551,437713786,34196,30951
7168,1572864,t,3149693542,504260775,43342820,530073287,25244040,25243358
7168,1572864,n,3012370190,504243597,36145739,655614870,51370,44896
8192,16,t,3490908094,504309640,67631404,8000,302,292
8192,16,n,3531420946,504310682,70304482,9300,56,35
8192,128,t,3596206413,504310316,73094359,50771,2114,2085
8192,128,n,3465269571,504309456,65383549,59050,66,42
8192,512,t,3505960558,504309544,68900933,217646,8327,8226
8192,512,n,3531724935,504309235,69311025,229617,65,34
8192,1024,t,3526929133,504310568,69571859,388443,16556,16468
8192,1024,n,3450960525,504309322,64358497,449840,88,39
8192,2048,t,3441135628,504309617,64325726,783926,33055,32933
8192,2048,n,3534713902,504309797,69359460,909005,105,60
8192,3072,t,3429563974,504307822,63986181,1183812,49602,49448
8192,3072,n,3449631987,504308362,64463776,1347221,163,69
8192,4096,t,3530389201,504316255,68979412,1564115,66163,65973
8192,4096,n,3495090405,504309221,68916421,1796924,197,116
8192,5120,t,3415114473,504309675,62959416,2276515,82217,81999
8192,5120,n,3559557215,504308957,72765472,2267408,229,121
8192,6144,t,3553812557,504309238,70579883,2709655,98636,98429
8192,6144,n,3448685299,504309744,64345996,2730996,270,162
8192,7168,t,3461650030,504308951,66003706,2747218,115478,115143
8192,7168,n,3474873824,504309488,64975615,3183992,303,203
8192,8192,t,3455702083,504308697,65628027,3530777,131517,131247
8192,8192,n,3490447452,504309371,67756182,3632225,322,46
8192,12288,t,3492367564,504309709,67770365,4723075,198143,197687
8192,12288,n,3433627273,504308546,63360264,5778672,557,289
8192,16384,t,3526996376,504309000,70423329,6612536,262848,262697
8192,16384,n,3476662163,504309589,64804046,7707462,687,383
8192,32768,t,3477437439,504311052,66134546,12654072,525975,525670
8192,32768,n,3530479301,504309976,67987726,14426064,1138,350
8192,65536,t,3476765982,504314663,65714755,24555175,1054774,1054620
8192,65536,n,3485788087,504308441,67482045,28467409,2225,1022
8192,131072,t,3563428565,504315741,72036825,47896119,2108269,2107238
8192,131072,n,3533520470,504308721,69986363,56255925,4446,3016
8192,262144,t,3468110820,504315980,64787832,91601797,4211637,4211267
8192,262144,n,3516013200,504309485,67335753,110941357,8786,7168
8192,524288,t,3564209697,504322529,70809182,182983966,8420612,8419449
8192,524288,n,3590217766,504310117,71955478,222106486,17659,15910
8192,1048576,t,3557290214,504331019,69132228,362554054,16839015,16838151
8192,1048576,n,3574526414,504311581,70569415,439117284,34247,32520
8192,1572864,t,3673051440,504346951,77666267,544164694,25262221,25261187
8192,1572864,n,3543061741,504309301,68322999,657804544,51153,50276
12288,16,t,5457300695,504313238,197999655,8973,307,296
12288,16,n,5484483439,504315547,200289694,8953,52,31
12288,128,t,5461953356,504317498,199092652,55554,2112,2080
12288,128,n,5477189362,504318474,199424395,59227,58,41
12288,512,t,5473952905,504316732,198328568,211356,8354,8282
12288,512,n,5457072763,504316735,198134433,229309,72,32
12288,1024,t,5466796176,504316415,198369442,433203,16508,16421
12288,1024,n,5465415599,504321789,198395296,458126,88,44
12288,2048,t,5491303764,504322639,199496766,784332,33063,32944
12288,2048,n,5477707609,504312099,199109303,907294,122,71
12288,3072,t,5460530954,504315617,198353236,1200260,49570,49421
12288,3072,n,5480458000,504318933,199748790,1351033,158,86
12288,4096,t,5472967647,504315216,199890232,1580413,66231,66026
12288,4096,n,5467190726,504318311,198563942,1818106,202,112
12288,5120,t,5470636747,504319681,199295644,1981573,82654,82417
12288,5120,n,5470675061,504316937,199263765,2269862,236,114
12288,6144,t,5474546220,504314863,200037377,2724967,98655,98434
12288,6144,n,5461406503,504315522,198102055,2775182,291,151
12288,7168,t,5490309316,504316953,200158488,3144547,115073,114819
12288,7168,n,5450318547,504312271,198791522,3172869,300,100
12288,8192,t,5495159654,504319603,201059451,3548056,131470,131239
12288,8192,n,5449903686,504315479,198507776,3665544,336,99
12288,12288,t,5465442365,504315399,199194782,5166998,197191,196972
12288,12288,n,5473100457,504313546,199819874,5433274,452,38
12288,16384,t,5463820592,504315757,198768392,6287474,262865,262830
12288,16384,n,5465586903,504314533,199364292,7260228,621,53
12288,32768,t,5467767257,504316438,198452734,12570534,528632,527778
12288,32768,n,5464413983,504316806,198856382,14513310,1132,338
12288,65536,t,5463219160,504320206,199169471,24582259,1056445,1056055
12288,65536,n,5451589521,504316738,197851523,28721793,2244,1115
12288,131072,t,5472902463,504327319,199608749,48673626,2112387,2111317
12288,131072,n,5441198436,504313100,197868230,57051970,4497,3101
12288,262144,t,5485891883,504336227,199688999,95731942,4219068,4218155
12288,262144,n,5470803551,504313608,198293813,112402469,8923,7634
12288,524288,t,5549414484,504319779,202636815,189655308,8405918,8405549
12288,524288,n,5485356292,504318349,198896480,222623119,17936,16832
12288,1048576,t,5523376881,504379447,200679566,377177035,16871350,16870093
12288,1048576,n,5488086644,504315460,199240806,443288322,35728,34681
12288,1572864,t,5532407187,504411757,200960309,563126118,25304955,25304357
12288,1572864,n,5500893678,504313661,199446925,662113805,51557,51360
16384,16,t,6677024786,504322383,280081731,8859,307,299
16384,16,n,6679594272,504327062,280467025,9734,55,32
16384,128,t,6686101346,504324560,280720330,57337,2188,2163
16384,128,n,6673465281,504318355,280108699,59945,57,32
16384,512,t,6676335248,504326462,280096504,218692,8334,8230
16384,512,n,6687538488,504325575,280420609,229682,88,37
16384,1024,t,6689932728,504324063,280361818,395168,16620,16537
16384,1024,n,6678246022,504324514,280190446,460107,95,43
16384,2048,t,6677375307,504319512,280016148,890071,32944,32813
16384,2048,n,6682464817,504318835,280508547,901293,124,35
16384,3072,t,6674656865,504325228,280186641,1196331,49787,49653
16384,3072,n,6677380137,504326167,280210991,1349618,149,35
16384,4096,t,6679255724,504326404,280443497,1575347,66070,65879
16384,4096,n,6680478526,504319766,280313882,1823963,196,37
16384,5120,t,6682405671,504320312,280557814,2275588,82235,81982
16384,5120,n,6677261316,504318651,280302802,2271811,237,57
16384,6144,t,6686302849,504327248,280572038,2711820,98689,98388
16384,6144,n,6677482811,504318183,280047587,2752291,270,126
16384,7168,t,6681841533,504318651,280854942,3151598,115045,114803
16384,7168,n,6689997603,504323029,281058309,3187478,281,40
16384,8192,t,6681232923,504325903,280614808,3573165,131456,131224
16384,8192,n,6677255925,504320735,280300613,3646473,341,38
16384,12288,t,6673770227,504322706,280194352,5152945,197167,196887
16384,12288,n,6676636597,504322656,280287187,5457510,471,83
16384,16384,t,6673563964,504319752,280079710,6712290,262834,262545
16384,16384,n,6681563411,504325452,280328359,7254078,589,49
16384,32768,t,6690388760,504320960,280708838,12656279,525813,525550
16384,32768,n,6678066343,504331563,280256913,14450308,1139,164
16384,65536,t,6690227669,504326665,280904320,24586717,1050907,1050692
16384,65536,n,6687278887,504323804,280216346,28864619,2202,952
16384,131072,t,6682557349,504337532,280291195,48902045,2116121,2114905
16384,131072,n,6680857307,504317012,280209279,57229480,4345,2904
16384,262144,t,6702512565,504350464,280705268,96515667,4226762,4225555
16384,262144,n,6697488350,504324807,280434116,112945379,8932,7400
16384,524288,t,6722702152,504371101,281467909,191111181,8448760,8447737
16384,524288,n,6709302653,504328098,280436483,223601786,18008,17016
16384,1048576,t,6741361764,504415218,281756168,380935332,16895894,16894587
16384,1048576,n,6716503260,504329907,280329576,445849874,33981,33075
16384,1572864,t,6774761299,504465654,282826698,570405347,25341824,25340493
16384,1572864,n,6737765986,504327287,280412686,666970366,50989,50877
32768,16,t,8535825801,504351477,406669688,8834,302,297
32768,16,n,8547841523,504355485,407086457,9478,53,35
32768,128,t,8537741922,504354117,406594712,55177,2117,2084
32768,128,n,8544591387,504360597,406959136,59759,56,34
32768,512,t,8536153069,504355872,406748843,263474,8315,8225
32768,512,n,8535328074,504357517,406701992,226946,78,42
32768,1024,t,8522841762,504341887,406612085,450808,16506,16421
32768,1024,n,8535469526,504353863,406756834,451896,72,31
32768,2048,t,8537690106,504346158,406939440,889007,32943,32810
32768,2048,n,8541449793,504365230,406770509,903018,132,53
32768,3072,t,8551655286,504350021,407790405,1475130,49348,49225
32768,3072,n,8530448493,504356850,406514292,1344347,149,33
32768,4096,t,8527126802,504348596,406554563,1792844,65778,65579
32768,4096,n,8536399658,504361409,406863459,1843418,198,35
32768,5120,t,8531637214,504362656,406446665,2287026,82222,82013
32768,5120,n,8537531462,504358051,406740407,2315859,235,53
32768,6144,t,8526473824,504344914,406743173,2721454,98638,98387
32768,6144,n,8532312204,504355594,406664106,2933349,271,160
32768,7168,t,8533488393,504347004,406747850,3188105,115058,114840
32768,7168,n,8533946242,504357020,406578790,3337410,310,50
32768,8192,t,8526872157,504349516,406663698,3578923,131503,131331
32768,8192,n,8525495024,504348452,406450912,3664630,319,38
32768,12288,t,8533945365,504365288,406762368,5174670,197177,196857
32768,12288,n,8526580444,504363038,406751237,6030010,503,200
32768,16384,t,8530739924,504363041,406582612,6716250,262869,262622
32768,16384,n,8538423555,504347163,407002499,7929654,674,481
32768,32768,t,8536282288,504360313,406737850,12662876,525530,525249
32768,32768,n,8528940077,504356629,406488927,14781139,1136,182
32768,65536,t,8547610517,504359526,407350806,24463565,1050875,1050557
32768,65536,n,8527098789,504349759,406413822,28764033,2185,876
32768,131072,t,8531304573,504376320,406715902,49048883,2120552,2119148
32768,131072,n,8535889685,504349983,406708692,57216040,4316,3049
32768,262144,t,8554160976,504355473,407908549,95316149,4206720,4206364
32768,262144,n,8536206125,504347780,406541499,113035284,8526,7404
32768,524288,t,8585490484,504354826,408792582,190113514,8410755,8409713
32768,524288,n,8546780563,504357818,406565844,224159821,16831,15923
32768,1048576,t,8594690494,504505652,407710097,382883064,16951223,16950158
32768,1048576,n,8576928804,504352009,406839043,444783065,33498,33436
32768,1572864,t,8668847250,504368821,411765846,567503609,25230685,25229345
32768,1572864,n,8596937855,504351428,406837209,667869868,50098,50027
65536,16,t,9468907052,504381465,470922569,10573,319,297
65536,16,n,9447458754,504381018,470683378,9374,67,36
65536,128,t,9462361823,504379669,470618978,55523,2123,2085
65536,128,n,9465019718,504370216,470719181,58511,59,35
65536,512,t,9466737672,504383876,470846335,220497,8299,8228
65536,512,n,9467219428,504379569,470877715,230048,94,36
65536,1024,t,9457566840,504374455,470611616,438571,16514,16429
65536,1024,n,9460160853,504375783,470669248,451837,92,29
65536,2048,t,9458037895,504370641,470605419,897918,32927,32805
65536,2048,n,9463228423,504380186,470622548,917455,124,39
65536,3072,t,9458754429,504375808,470634920,1328766,49366,49182
65536,3072,n,9455252299,504377915,470643626,1353967,156,40
65536,4096,t,9445990718,504373113,470710065,1834836,65764,65574
65536,4096,n,9457054125,504373481,470639704,1801275,198,34
65536,5120,t,9456457136,504380265,470568200,2289568,82207,81984
65536,5120,n,9458450026,504370091,470645206,2265638,227,39
65536,6144,t,9447734746,504381731,470683094,2747155,98644,98376
65536,6144,n,9451999853,504362506,470619749,2723832,273,54
65536,7168,t,9456884039,504377236,470686439,3152131,115110,114788
65536,7168,n,9463313522,504367941,470855455,3195384,299,77
65536,8192,t,9449638143,504380100,470599864,3232564,134448,134093
65536,8192,n,9462943328,504371488,470648098,3635358,343,61
65536,12288,t,9458967649,504366804,470623685,5178134,197192,196841
65536,12288,n,9459827237,504388091,470592226,5459178,469,35
65536,16384,t,9454016015,504371517,470739648,6714440,263514,263089
65536,16384,n,9466816644,504377200,470955797,7295009,605,39
65536,32768,t,9463385169,504372555,470755523,12610483,526828,526451
65536,32768,n,9457688889,504362293,470638864,14459434,1113,96
65536,65536,t,9466240634,504389377,470820305,24915134,1062127,1060539
65536,65536,n,9458794068,504379468,470645129,28827506,2244,1112
65536,131072,t,9469097739,504392891,470769408,49054378,2127496,2125900
65536,131072,n,9460837104,504381853,470661468,57197819,4456,2828
65536,262144,t,9465201375,504428378,470837118,96935017,4258310,4256869
65536,262144,n,9472929834,504377963,470632055,112788913,8801,7190
65536,524288,t,9482000438,504392234,471383292,190095490,8420702,8419596
65536,524288,n,9483547098,504380677,470622353,223854242,16783,15881
65536,1048576,t,9518209615,504465648,471818384,380444576,16912875,16911408
65536,1048576,n,9509251635,504380241,470799111,445314864,33718,33559
65536,1572864,t,9557454796,504441032,472581893,568521816,25282388,25280425
65536,1572864,n,9550534034,504381417,471485620,666797967,49786,49733
131072,16,t,9934382827,504389948,500245871,9274,310,299
131072,16,n,9926787905,504384504,500124713,8917,57,35
131072,128,t,9927602406,504382315,500067951,56535,2131,2084
131072,128,n,10004218180,504330597,504091749,60004,54,35
131072,512,t,9933889805,504386607,500352754,187457,8298,8248
131072,512,n,9917380061,504392838,500085202,228999,62,25
131072,1024,t,9932219715,504390481,500217346,453852,16513,16428
131072,1024,n,9925206600,504393852,500112149,456788,88,36
131072,2048,t,9918838607,504390696,500103130,816507,33295,33172
131072,2048,n,9928728902,504392662,500140528,913801,133,36
131072,3072,t,9925852860,504384961,500073531,1229551,50885,50725
131072,3072,n,9929234988,504392394,500148858,1359541,155,65
131072,4096,t,9931381863,504383431,500114243,1925744,65773,65579
131072,4096,n,9925567616,504392351,500126334,1820768,212,38
131072,5120,t,9925281341,504395897,500194123,2379812,82220,81970
131072,5120,n,9931140393,504401654,500219304,2294056,223,124
131072,6144,t,9919288169,504394740,500152316,2799069,98627,98408
131072,6144,n,9925427498,504390911,500112955,2749349,279,59
131072,7168,t,9928758280,504382593,500111358,3277283,115053,114819
131072,7168,n,9929480327,504394816,500114666,3209831,298,37
131072,8192,t,9926094173,504379361,500080260,3692391,131485,131231
131072,8192,n,9932408863,504394153,500192379,3678395,335,46
131072,12288,t,9928312052,504388532,500114188,4724640,198409,197974
131072,12288,n,9921627981,504379292,500085016,5489139,467,34
131072,16384,t,9927662309,504392114,500121762,6431304,265136,264517
131072,16384,n,9929955758,504390936,500103812,7247000,601,58
131072,32768,t,9928964076,504390995,500192712,12912929,528877,528156
131072,32768,n,9929005331,504373517,500118975,14414374,1116,218
131072,65536,t,10012615512,504328740,504279215,24584174,1052164,1051861
131072,65536,n,10013818810,504327423,504208830,28752790,2207,770
131072,131072,t,9939483383,504415369,500106402,49113854,2126433,2125096
131072,131072,n,9990493820,504344778,503374137,57039872,4431,2697
131072,262144,t,9937127413,504414742,500170382,96193963,4230900,4229565
131072,262144,n,9935447938,504388286,500112743,112589536,8941,7312
131072,524288,t,9957099101,504442453,500233170,191373684,8468001,8466795
131072,524288,n,10023139874,504335249,503895946,223480222,17650,16513
131072,1048576,t,9971761214,504467966,500325893,379986232,16901014,16899693
131072,1048576,n,9972319833,504386553,500133966,444717800,33480,33256
131072,1572864,t,9995688412,504464245,500415374,567978429,25283196,25281763
131072,1572864,n,9989211833,504388042,500308563,668470498,50197,50101
262144,16,t,10012221240,504369931,504357116,7705,321,302
262144,16,n,10013993559,504339788,504322568,8666,73,36
262144,128,t,10020041606,504325590,504311391,47399,2105,2091
262144,128,n,10027157826,504325836,504311538,58619,48,43
262144,512,t,10007658698,504392122,504378447,201166,8305,8255
262144,512,n,10021370535,504342970,504325542,228207,75,44
262144,1024,t,10016908582,504372815,504360163,377126,16518,16461
262144,1024,n,10008019402,504394231,504379393,462539,90,39
262144,2048,t,10011337762,504328888,504312136,996015,32935,32818
262144,2048,n,10030867624,504326049,504311725,886031,108,100
262144,3072,t,10024527545,504325816,504311535,1129252,49358,49299
262144,3072,n,10007030967,504385008,504370453,1331797,157,139
262144,4096,t,10015221980,504330602,504313160,1600698,66025,65934
262144,4096,n,10025789618,504325586,504311222,1776307,191,169
262144,5120,t,10012367305,504325383,504311047,1887036,82248,82212
262144,5120,n,10018312385,504325429,504311301,2253089,248,228
262144,6144,t,10016756673,504326064,504311688,2286103,98711,98677
262144,6144,n,10028114056,504325811,504311601,2734261,287,273
262144,7168,t,10022652280,504325657,504311292,2677282,115075,115072
262144,7168,n,9999693184,504376953,504364804,3212535,343,329
262144,8192,t,10016461674,504375068,504362932,3721517,131884,131572
262144,8192,n,10018274716,504327771,504311212,3692639,359,222
262144,12288,t,10012273012,504392726,504380566,4536949,199478,199383
262144,12288,n,10015707448,504327958,504311733,5495785,480,43
262144,16384,t,10006929943,504325421,504311140,5960811,262823,262816
262144,16384,n,10015416535,504325460,504311178,7312258,694,689
262144,32768,t,10015206309,504366654,504353314,12658956,529652,528769
262144,32768,n,10019072052,504337775,504321331,14502173,1144,88
262144,65536,t,10019349029,504336340,504320861,25331529,1058536,1056730
262144,65536,n,10024208205,504330290,504313021,28850038,2220,789
262144,131072,t,10026220352,504352605,504336978,49012874,2127886,2127345
262144,131072,n,10023671851,504328455,504312069,57150612,4555,3763
262144,262144,t,10035985105,504355696,504340525,96372798,4231378,4230467
262144,262144,n,10038393001,504330737,504313814,112798775,8949,7155
262144,524288,t,10040261134,504369841,504354767,191008864,8448114,8447426
262144,524288,n,10039433664,504327425,504310395,223880151,17638,16840
262144,1048576,t,10061150312,504359141,504344767,378381924,16845121,16843978
262144,1048576,n,10063233818,504326088,504311162,449546934,33966,33836
262144,1572864,t,10081869832,504351286,504336866,565966491,25243341,25241299
262144,1572864,n,10083089890,504326276,504311840,672599482,50883,50730
524288,16,t,9994660344,504325562,504311397,8379,315,296
524288,16,n,9993517149,504325679,504311440,9238,46,40
524288,128,t,10001571870,504325809,504311509,48180,2122,2089
524288,128,n,9997407782,504325643,504311361,56102,59,46
524288,512,t,9992044496,504325883,504311550,187775,8304,8250
524288,512,n,9991090965,504325425,504311134,224919,67,56
524288,1024,t,10001548555,504325682,504311396,367208,16518,16457
524288,1024,n,9993909392,504325565,504311343,453492,98,78
524288,2048,t,9994775432,504325905,504311673,729119,32942,32888
524288,2048,n,9992748579,504353151,504341140,885151,114,103
524288,3072,t,9984830318,504390356,504379463,1562477,49376,49197
524288,3072,n,9984972331,504385661,504376605,1380919,161,40
524288,4096,t,9981953886,504392600,504382574,2052092,65797,65574
524288,4096,n,9998340028,504338325,504324659,1834267,198,38
524288,5120,t,9996081450,504329422,504315634,1909504,82243,82185
524288,5120,n,9983500762,504337546,504324453,2763529,251,85
524288,6144,t,9996874808,504328163,504314014,2298132,98642,98622
524288,6144,n,9993441771,504328499,504314475,3248042,284,130
524288,7168,t,10004031016,504325811,504311644,2654939,115124,115102
524288,7168,n,9994547451,504325063,504310927,3210752,321,320
524288,8192,t,9985834544,504378427,504368564,3055818,131510,131503
524288,8192,n,9992635182,504327879,504313636,4080231,335,77
524288,12288,t,9992370275,504325498,504311304,4512924,197196,197190
524288,12288,n,9998568714,504338967,504326190,5556597,585,580
524288,16384,t,9986527554,504391672,504379889,6565116,264229,263542
524288,16384,n,10007094917,504331970,504317713,7385020,587,58
524288,32768,t,9998597898,504325808,504311513,11917429,525548,525507
524288,32768,n,9996923290,504325877,504311676,14482674,1200,1167
524288,65536,t,9991514944,504401740,504391507,25672925,1062492,1060708
524288,65536,n,9998961216,504329178,504313103,28873529,2232,1302
524288,131072,t,10003838466,504358811,504344755,49576594,2124837,2122839
524288,131072,n,9996496734,504344838,504329393,57409364,4423,2622
524288,262144,t,10002813239,504356585,504342502,95977231,4220162,4219359
524288,262144,n,9997563949,504393134,504380989,113143551,8912,7134
524288,524288,t,10032712791,504364070,504349587,190575720,8436842,8435842
524288,524288,n,10010328478,504336519,504320427,224308516,17896,17239
524288,1048576,t,10049240332,504373526,504359306,378804850,16857471,16856117
524288,1048576,n,10041511393,504332669,504318500,445794972,33228,33110
524288,1572864,t,10059265301,504394474,504382396,566055972,25254070,25252211
524288,1572864,n,10063511221,504325392,504311032,670663824,50884,50758
1048576,16,t,9968876154,504384063,504374323,7880,308,295
1048576,16,n,9981008455,504373399,504362387,9831,60,35
1048576,128,t,9967844532,504393061,504382845,53234,2119,2085
1048576,128,n,9957115173,504392784,504382306,60060,67,45
1048576,512,t,9964596159,504390056,504379523,233463,8322,8227
1048576,512,n,9966820452,504391871,504381019,234030,66,36
1048576,1024,t,9965308318,504387582,504376893,499945,16532,16426
1048576,1024,n,9966579979,504392236,504382181,464128,94,42
1048576,2048,t,9978564493,504356107,504343504,1014338,32930,32812
1048576,2048,n,9956508451,504396772,504387613,1103774,132,42
1048576,3072,t,9968507622,504379895,504369477,1513921,49347,49193
1048576,3072,n,9976308127,504398359,504388933,1371931,149,34
1048576,4096,t,9973640292,504387634,504376884,1637440,66212,66021
1048576,4096,n,9965058068,504380971,504371452,1847609,186,41
1048576,5120,t,9966167621,504394596,504384365,2107466,84158,83923
1048576,5120,n,9964832978,504387572,504377958,2310683,224,33
1048576,6144,t,9983868848,504393199,504382403,2462804,99743,99624
1048576,6144,n,9982864923,504393629,504383971,2741864,261,41
1048576,7168,t,9968489465,504391630,504380925,2944889,116930,116597
1048576,7168,n,9970411663,504397974,504388955,3223683,342,55
1048576,8192,t,9967396001,504392952,504382481,3314095,132504,132140
1048576,8192,n,9957348950,504387446,504376702,3686003,338,58
1048576,12288,t,9957647690,504392385,504380882,4885772,198589,198098
1048576,12288,n,9966804877,504382505,504373043,5505089,476,49
1048576,16384,t,9969392170,504394177,504384569,6562327,265929,265321
1048576,16384,n,9964998928,504383369,504373873,7384333,630,307
1048576,32768,t,9977438718,504391269,504381474,12975751,529692,528553
1048576,32768,n,9966361883,504388167,504375869,14749087,1134,83
1048576,65536,t,9975273467,504401049,504390619,25349706,1060265,1058699
1048576,65536,n,9981525722,504389449,504377457,29110115,2207,813
1048576,131072,t,9972509472,504415862,504406418,49353386,2128686,2126758
1048576,131072,n,9973243970,504390870,504379075,57217259,4371,1526
1048576,262144,t,9991764819,504429032,504419591,97180087,4242294,4241010
1048576,262144,n,9983097255,504390254,504378728,112717141,8780,5664
1048576,524288,t,9991587751,504445640,504436419,191266890,8458414,8457376
1048576,524288,n,9995556646,504390002,504378422,224295040,17769,15211
1048576,1048576,t,10014770154,504443413,504434227,377110075,16865458,16864104
1048576,1048576,n,10013432235,504389824,504379499,446592096,35713,33664
1048576,1572864,t,10032622068,504442257,504433136,565839845,25279876,25278623
1048576,1572864,n,10035190105,504387515,504378066,670841051,50828,50649
1572864,16,t,9976143412,504390134,504380559,8754,307,297
1572864,16,n,9966198008,504392600,504382674,9530,59,41
1572864,128,t,9963469534,504389831,504379566,55415,2117,2095
1572864,128,n,9964639633,504391020,504380890,58513,60,40
1572864,512,t,9961347670,504393289,504381355,215501,8309,8238
1572864,512,n,9976730486,504388268,504378804,232364,79,38
1572864,1024,t,9964726195,504390797,504380414,409182,16653,16554
1572864,1024,n,9964662279,504392964,504382609,458847,96,43
1572864,2048,t,9953582344,504393302,504383383,815520,33210,33088
1572864,2048,n,9953135780,504395012,504384295,925606,122,47
1572864,3072,t,9964006911,504390755,504380831,1302150,49724,49547
1572864,3072,n,9964788122,504397288,504384594,1420816,167,119
1572864,4096,t,9961746390,504390630,504380683,1658479,67108,66907
1572864,4096,n,9966802927,504398590,504389623,1907649,186,39
1572864,5120,t,9965687940,504394034,504383281,2076754,83144,82888
1572864,5120,n,9978074626,504396104,504386589,2350812,234,176
1572864,6144,t,9975581926,504389084,504379136,2485305,99502,99207
1572864,6144,n,9961645977,504388139,504378509,2747079,284,61
1572864,7168,t,9974771413,504389084,504379435,2879290,115857,115525
1572864,7168,n,9961528003,504389300,504379116,3210948,305,72
1572864,8192,t,9961604120,504391731,504381770,3268064,131728,131397
1572864,8192,n,9975827965,504390704,504380687,3765096,335,53
1572864,12288,t,9964677862,504392829,504383389,4876643,198899,198426
1572864,12288,n,9962539976,504398262,504388719,5510526,486,77
1572864,16384,t,9961684686,504390565,504380512,6678471,264811,264217
1572864,16384,n,9976894891,504392744,504384006,7526324,591,37
1572864,32768,t,9968824727,504398951,504389154,13088160,529924,528777
1572864,32768,n,9963839485,504389020,504379039,14641972,1124,89
1572864,65536,t,9971056273,504402432,504393399,25487716,1061082,1059150
1572864,65536,n,9970116828,504390263,504378490,29448040,2187,323
1572864,131072,t,9968754907,504409895,504400654,49719192,2122878,2120929
1572864,131072,n,9968225188,504390566,504379149,58047401,4405,1869
1572864,262144,t,9973986165,504444852,504435646,97826195,4258521,4258207
1572864,262144,n,9964447696,504390122,504379120,113366734,8784,5393
1572864,524288,t,9985223530,504447535,504438581,191755358,8465388,8465015
1572864,524288,n,9993456757,504390643,504379775,224673599,17715,14690
1572864,1048576,t,10020225489,504442057,504431755,380445155,16870755,16870157
1572864,1048576,n,10017167543,504389306,504379651,446786637,35628,33820
1572864,1572864,t,10038941029,504457903,504448712,564482728,25278373,25277181
1572864,1572864,n,10036460232,504387798,504378500,672378425,51256,50968
