16,16,t,647599342,380,256,8104,317,292
16,16,n,641565858,436,322,8279,59,34
16,128,t,640579085,416,317,48579,2125,2088
16,128,n,646846623,868,747,54092,62,39
16,512,t,644669504,597,522,188377,8335,8273
16,512,n,645842295,656,583,216160,63,46
16,1024,t,729708118,465,391,364905,16550,16468
16,1024,n,645040990,564,457,424045,88,55
16,2048,t,641200619,569,498,701546,32990,32852
16,2048,n,647497429,551,462,851262,135,72
16,3072,t,642031537,613,551,1048447,49409,49255
16,3072,n,767070004,532,454,1279319,156,59
16,4096,t,767546910,757,677,1386952,65888,65681
16,4096,n,672702210,390,319,1701950,193,129
16,5120,t,763237312,942,870,1725740,82376,82127
16,5120,n,766495413,712,645,2144074,226,106
16,6144,t,768616793,864,792,2062138,98777,98501
16,6144,n,646366163,688,606,2599644,279,159
16,7168,t,763800046,1031,961,2396950,115225,114912
16,7168,n,645139140,502,415,2973049,309,197
16,8192,t,648627642,1090,934,2722402,131638,131299
16,8192,n,641093123,707,634,3422265,337,76
16,12288,t,767053267,1122,1057,4056960,197346,196852
16,12288,n,639153665,589,480,5101443,444,170
16,16384,t,763425453,1422,1337,5416323,263085,262469
16,16384,n,645212685,439,376,6779652,598,155
16,32768,t,766223722,2001,1892,10740114,525933,524828
16,32768,n,645230048,439,370,13551996,1106,95
16,65536,t,767342632,3395,3323,21456313,1051699,1049593
16,65536,n,646919375,716,640,26768250,2172,964
16,131072,t,759004450,5082,5003,42753122,2102968,2100050
16,131072,n,645112639,440,373,53464225,4257,599
16,262144,t,763647427,4771,4670,85339442,4204484,4203514
16,262144,n,645565632,625,505,106610151,8388,3123
16,524288,t,757848846,23356,23245,169311371,8410578,8407704
16,524288,n,643643717,736,655,213045261,16661,8239
16,1048576,t,756783721,30359,30258,337545677,16821485,16819691
16,1048576,n,641630876,550,477,426135306,33056,1881
16,1572864,t,764785291,84211,84096,505460874,25228632,25227150
16,1572864,n,635121237,336,290,639028268,49405,324
128,16,t,1090914357,5979,2050,8063,300,283
128,16,n,1091100271,26675,2049,9070,53,40
128,128,t,1457468245,138644009,2048,51611,2117,2089
128,128,n,1091199550,8762,2050,54171,66,43
128,512,t,1091129809,30060,2972,184687,8303,8236
128,512,n,1091180201,9564,3310,216421,75,43
128,1024,t,1091155475,3524,2088,365322,16526,16423
128,1024,n,1091088032,5957,2900,420778,82,48
128,2048,t,1091124041,6823,2048,705982,32940,32795
128,2048,n,1090904628,6027,2466,851825,126,64
128,3072,t,1091183550,4375,2049,1034434,49340,49188
128,3072,n,1091050668,19502,2914,1281210,147,61
128,4096,t,1091128699,3857,2048,1379547,65784,65583
128,4096,n,1091193340,3748,2074,1704890,199,94
128,5120,t,1091128258,2881,2049,1713200,82219,81951
128,5120,n,1091135248,5035,3741,2117712,231,130
128,6144,t,1091162051,2878,2072,2043039,98640,98341
128,6144,n,1091283518,4903,2447,2558765,268,157
128,7168,t,1091051220,2350,2063,2387388,115024,114718
128,7168,n,1091191751,18453,3138,2972905,297,130
128,8192,t,1462556352,141085917,2049,2719762,131456,131129
128,8192,n,1091198993,18324,3201,3409890,344,165
128,12288,t,1091146760,15681,2092,4044965,197129,196661
128,12288,n,1091064198,8331,2189,5089291,440,166
128,16384,t,1091044559,5637,2193,5397279,262798,262203
128,16384,n,1091262096,3531,2968,6764508,588,37
128,32768,t,1091075576,21289,2223,10718677,525482,524441
128,32768,n,1091216648,24276,5099,13526382,1120,173
128,65536,t,1091302925,6393,2695,21379776,1050847,1048873
128,65536,n,1090941723,8083,5512,26758575,2165,236
128,131072,t,1091236299,4188,2540,42708891,2101582,2098115
128,131072,n,1091173863,5902,4629,53458031,4233,295
128,262144,t,1545886304,172769825,5697,85108202,4203201,4199589
128,262144,n,1091142267,21369,5321,106614897,8370,830
128,524288,t,1091232292,4311,3722,169394027,8406512,8403425
128,524288,n,1463634705,140847155,3744,213071282,16561,7076
128,1048576,t,1091575983,20958,5285,336881579,16812997,16810311
128,1048576,n,1458207974,138660981,12126,425543988,32979,22841
128,1572864,t,1091498456,12803,6546,505011118,25219586,25217662
128,1572864,n,1091431955,23468,2049,638731455,49381,378
512,16,t,2397014511,503317577,8433,8477,331,287
512,16,n,2396983583,503317555,8377,8845,56,35
512,128,t,2397040727,503317633,8472,50717,2108,2080
512,128,n,2396963772,503317577,8469,55587,58,35
512,512,t,2317677973,471891220,8548,190090,8319,8230
512,512,n,2396982755,503316565,8283,214836,65,36
512,1024,t,2397119958,503313106,15332,364534,16511,16426
512,1024,n,2397302940,503316989,25473,427099,101,36
512,2048,t,2396985642,503317610,11689,708118,32926,32790
512,2048,n,2397295144,503315196,25840,851312,114,69
512,3072,t,2397057164,503317410,12766,1048392,49381,49192
512,3072,n,2397255021,503317119,23994,1280978,164,45
512,4096,t,2396509894,503120689,11348,1377638,65770,65572
512,4096,n,2397300868,503317163,23041,1703774,193,68
512,5120,t,2396418365,503117886,8627,1720922,82213,81962
512,5120,n,2397274808,503316923,25300,2145599,240,67
512,6144,t,2397021997,503317545,10422,2043022,98621,98348
512,6144,n,2317923828,471900735,23056,2559373,297,119
512,7168,t,2397032753,503317470,9222,2377545,115061,114769
512,7168,n,2397277396,503316892,24318,2986323,303,116
512,8192,t,2318934852,472367008,10832,2711668,131474,131165
512,8192,n,2397314267,503317165,25288,3409861,329,156
512,12288,t,2397081708,503317568,12671,4060655,197124,196696
512,12288,n,2397384152,503316833,26400,5082446,470,229
512,16384,t,2396462264,503118033,10342,5399109,262801,262202
512,16384,n,2397557928,503315117,41015,6742638,595,310
512,32768,t,2317597978,471890210,15829,10723216,525506,524410
512,32768,n,2397365282,503316672,29689,13530206,1116,145
512,65536,t,2319188874,472381851,17881,21376290,1050831,1048967
512,65536,n,2396764837,503113420,24790,26724499,2183,802
512,131072,t,2397878786,503315940,35631,42793696,2101646,2098863
512,131072,n,2397684999,503316273,39537,53419623,4243,231
512,262144,t,2398150080,503315165,47318,84997279,4203312,4200641
512,262144,n,2397955459,503313959,44043,106623905,8381,1081
512,524288,t,2398501724,503314850,42536,169140396,8406523,8403688
512,524288,n,2398357547,503314504,49868,213089020,16562,6150
512,1048576,t,2399634294,503314707,51505,337257485,16813028,16811521
512,1048576,n,2397208130,502639068,54709,425496232,32979,22357
512,1572864,t,2400647566,503313787,50912,504205281,25219536,25217831
512,1572864,n,2319530874,471897707,8212,638609525,49388,43990
1024,16,t,2397178373,503317246,17228,7613,317,293
1024,16,n,2397178206,503317325,17591,8016,50,33
1024,128,t,2397120127,503317309,17270,50899,2124,2082
1024,128,n,2397279228,503317301,27375,54939,53,37
1024,512,t,2397746715,503317244,49294,188629,8303,8232
1024,512,n,2398154151,503317348,73027,214139,80,55
1024,1024,t,2397650092,503317313,46210,371482,16510,16415
1024,1024,n,2398183678,503317307,76032,425747,79,36
1024,2048,t,2397411008,503317261,31078,716851,32949,32820
1024,2048,n,2398165662,503317265,72808,852701,124,59
1024,3072,t,2397312226,503317288,29566,1051552,49371,49194
1024,3072,n,2398218591,503317276,78908,1268881,150,56
1024,4096,t,2397342497,503317320,26709,1383518,65767,65573
1024,4096,n,2398132479,503317285,71781,1704546,200,99
1024,5120,t,2397340558,503317316,25609,1718470,82212,81959
1024,5120,n,2398166751,503317237,75563,2132659,243,138
1024,6144,t,2397439424,503317303,33445,2048492,98625,98365
1024,6144,n,2398206230,503317296,75937,2553947,274,172
1024,7168,t,2397299060,503317288,25076,2387797,115046,114739
1024,7168,n,2398173404,503317309,73748,2976466,312,164
1024,8192,t,2397393718,503317222,29259,2726420,131488,131138
1024,8192,n,2398146015,503317269,70351,3403509,327,202
1024,12288,t,2397393197,503317303,29468,4060363,197154,196701
1024,12288,n,2398274019,503317334,80221,5094942,465,61
1024,16384,t,2397526983,503317284,33603,5392496,262789,262183
1024,16384,n,2398187215,503317322,74306,6739169,601,66
1024,32768,t,2397541033,503317292,34570,10757537,525485,524394
1024,32768,n,2398193580,503317293,74670,13514352,1106,138
1024,65536,t,2398793209,503317263,103717,21383029,1050863,1049434
1024,65536,n,2398368348,503317294,83275,26738632,2174,130
1024,131072,t,2398789625,503317336,95995,42672546,2101592,2098855
1024,131072,n,2398702820,503317314,99911,53486339,4235,171
1024,262144,t,2398550866,503317295,73593,85042175,4203250,4200573
1024,262144,n,2399268636,503317277,119507,106625458,8346,1616
1024,524288,t,2399240082,503317342,87441,169139957,8406498,8404189
1024,524288,n,2399782977,503317338,135842,213071951,16554,5350
1024,1048576,t,2400928115,503317336,128628,336354302,16813105,16811590
1024,1048576,n,2399495701,503317305,83252,425642052,32967,20589
1024,1572864,t,2402261457,503317162,148542,504123693,25219750,25217826
1024,1572864,n,2399094945,503317251,17104,638971031,49383,1549
2048,16,t,2397465598,503317208,34508,8137,341,292
2048,16,n,2397507381,503317162,34519,8161,58,43
2048,128,t,2397481613,503317147,35693,53779,2122,2085
2048,128,n,2397481873,503317167,34610,54826,58,37
2048,512,t,2397473952,503317175,35041,195388,8299,8230
2048,512,n,2397497435,503317165,34935,214529,76,33
2048,1024,t,2397464384,503317149,35205,385891,16509,16425
2048,1024,n,2397495881,503317337,35118,426183,86,51
2048,2048,t,2397409986,503317174,33908,718328,32936,32808
2048,2048,n,2398687074,503317182,109750,851908,127,52
2048,3072,t,2397400772,503317159,33437,1039016,49367,49208
2048,3072,n,2401445447,503317168,262144,1301193,167,55
2048,4096,t,2398750211,503317156,102932,1391330,65778,65577
2048,4096,n,2400855230,503317156,241141,1719490,199,130
2048,5120,t,2398662331,503317211,95856,1723077,82213,81987
2048,5120,n,2398906763,503317184,127171,2142470,232,160
2048,6144,t,2398734166,503317184,107070,2055910,98632,98350
2048,6144,n,2401329483,503317188,254839,2587335,265,154
2048,7168,t,2398882910,503317166,112296,2393296,115098,114744
2048,7168,n,2401209930,503317193,259599,3030327,281,162
2048,8192,t,2398797195,503317164,105462,2746386,131482,131133
2048,8192,n,2401431203,503317188,258440,3455318,343,234
2048,12288,t,2398761977,503317207,102580,4084962,197135,196674
2048,12288,n,2400667248,503317177,233605,5096500,470,81
2048,16384,t,2398989016,503317210,114626,5422200,262805,262252
2048,16384,n,2401383824,503317169,253797,6881004,594,177
2048,32768,t,2399754402,503317214,154753,10752963,525508,524548
2048,32768,n,2399474443,503317225,156094,13487232,1113,176
2048,65536,t,2399089051,503317219,127197,21411486,1050852,1049338
2048,65536,n,2399405803,503317180,150993,26849897,2170,291
2048,131072,t,2399059306,503317205,117384,42666990,2101692,2100008
2048,131072,n,2401933008,503317215,292125,53523501,4249,504
2048,262144,t,2400440271,503317203,188458,84976992,4203339,4201605
2048,262144,n,2402267474,503317193,305498,106754616,8359,1047
2048,524288,t,2400279700,503317229,145723,168935356,8406626,8404925
2048,524288,n,2401047705,503317224,213593,213093354,16548,4602
2048,1048576,t,2401262188,503317380,143620,336875456,16813160,16812229
2048,1048576,n,2400281586,503317155,119587,425413280,32971,21772
2048,1572864,t,2405845814,503318567,297338,506054812,25220486,25219237
2048,1572864,n,2399509327,503317214,36504,638919360,49387,4773
3072,16,t,2397822693,503317234,52994,7737,305,295
3072,16,n,2397916159,503317208,58857,8165,62,36
3072,128,t,2397852711,503317202,56292,52569,2112,2082
3072,128,n,2397904427,503317276,56493,55916,57,35
3072,512,t,2397808370,503317259,54286,196632,8312,8232
3072,512,n,2397903855,503317181,56351,213410,69,36
3072,1024,t,2398570886,503317226,101359,376939,16522,16418
3072,1024,n,2398109672,503317282,70282,430201,84,31
3072,2048,t,2399171706,503317247,129553,712875,32920,32816
3072,2048,n,2398722659,503317281,109478,857157,126,68
3072,3072,t,2398766369,503318879,116029,1050393,49360,49193
3072,3072,n,2399052330,503318805,127890,1281597,155,84
3072,4096,t,2399256390,503317267,144857,1389551,65788,65605
3072,4096,n,2397934013,503317234,57487,1706296,192,115
3072,5120,t,2398604550,503317231,106545,1723529,82226,82047
3072,5120,n,2397894157,503317246,54817,2128547,242,109
3072,6144,t,2398932312,503317384,125219,2060234,98660,98398
3072,6144,n,2399369124,503317244,155546,2551785,260,169
3072,7168,t,2399928744,503317270,174418,2390969,115048,114786
3072,7168,n,2397894919,503317255,55804,2985381,297,178
3072,8192,t,2398439646,503317205,95136,2734073,131456,131139
3072,8192,n,2399318928,503317267,146021,3408332,317,215
3072,12288,t,2398152093,503317215,74698,4103655,197161,196775
3072,12288,n,2398718663,503317289,103998,5070278,463,136
3072,16384,t,2408867007,503317262,377832,5422734,262844,262315
3072,16384,n,2398671676,503317282,105039,6790752,583,223
3072,32768,t,2399936745,503317275,184124,10768349,525485,524722
3072,32768,n,2582472640,503317265,11933936,13547662,1157,335
3072,65536,t,2399557916,503317279,151898,21415612,1050859,1049514
3072,65536,n,2400806895,503317244,234632,26834211,2144,563
3072,131072,t,2401973146,503317539,284580,42656591,2102011,2100423
3072,131072,n,2400302389,503317329,193764,53441818,4269,822
3072,262144,t,2400399950,503317260,173796,84849031,4203317,4201652
3072,262144,n,2400796186,503317247,214262,106700642,8353,1730
3072,524288,t,2400710941,503317247,163713,168830812,8406653,8405633
3072,524288,n,2401468492,503317262,233298,213007662,16556,8173
3072,1048576,t,2403036710,503317305,237709,336443118,16813163,16812324
3072,1048576,n,2401121602,503317310,165922,426000042,32990,22795
3072,1572864,t,2413852981,503319102,684855,506227452,25225803,25224616
3072,1572864,n,2399981641,503317259,57805,638943603,49400,18862
4096,16,t,2545935786,503398766,9412837,8144,319,293
4096,16,n,2667705937,503399985,17277786,9308,64,39
4096,128,t,2529422552,503398821,8430866,54059,2142,2100
4096,128,n,2530607770,503400117,8481280,54095,70,45
4096,512,t,2539186870,503398896,9010048,198444,8279,8217
4096,512,n,2399250771,503399015,95414,216069,64,46
4096,1024,t,2401198724,503398932,221649,370620,16510,16426
4096,1024,n,2401959958,503397847,264542,424039,96,69
4096,2048,t,2692937836,503400196,18889539,727277,32961,32843
4096,2048,n,2401346122,503397747,229563,847477,114,74
4096,3072,t,2540369464,503399087,9090741,1066981,49390,49250
4096,3072,n,2400905234,503398876,205871,1273920,160,98
4096,4096,t,2401561593,503397772,245214,1393798,65790,65610
4096,4096,n,2555518849,503398950,10061229,1708126,198,125
4096,5120,t,2401312667,503397617,229967,1725930,82243,82073
4096,5120,n,2403219104,503397892,326231,2128633,224,128
4096,6144,t,2548272974,503400347,9591350,2098518,98697,98510
4096,6144,n,2400246581,503397538,161293,2554638,272,145
4096,7168,t,2676441160,503399818,17835296,2446395,115078,114847
4096,7168,n,2402522220,503397689,289606,2990375,297,192
4096,8192,t,2430713331,503399202,1914811,2762846,131488,131268
4096,8192,n,2403895478,503399307,379843,3413404,354,219
4096,12288,t,2533476927,503399967,8612158,4175413,197206,196863
4096,12288,n,2400170893,503398543,154578,5104887,478,261
4096,16384,t,2400738720,503398993,187953,5411130,262830,262387
4096,16384,n,2402613860,503397617,237476,6801945,579,277
4096,32768,t,2401288391,503399400,217651,10754047,525542,525004
4096,32768,n,2402436767,503398843,290554,13453366,1123,516
4096,65536,t,2403335516,503397721,285358,21468360,1051018,1050382
4096,65536,n,2542379597,503400234,9217182,27071054,2171,859
4096,131072,t,2551222897,503398966,9628512,43155586,2102939,2102000
4096,131072,n,2403449858,503397993,346002,53404655,4267,1427
4096,262144,t,2402921598,503397699,275889,84776784,4203419,4202607
4096,262144,n,2533518995,503398871,8636339,107289071,8421,3255
4096,524288,t,2537314868,503398993,8742573,170617614,8410147,8409403
4096,524288,n,2534913364,503399983,8638539,214317945,16589,8061
4096,1048576,t,2547818903,503399203,9147584,340817460,16820924,16820213
4096,1048576,n,2545667473,503400433,9081538,428517476,33124,24541
4096,1572864,t,2414446380,503397916,730859,505189683,25224611,25223867
4096,1572864,n,2401616949,503398494,102007,638482099,49466,25680
5120,16,t,2526307697,504308125,7580233,8519,303,281
5120,16,n,2524344763,504308264,7297577,10276,84,55
5120,128,t,2634056221,504308225,14454910,52990,2127,2086
5120,128,n,2512657037,504308214,6297287,56206,66,43
5120,512,t,2525655799,504308162,7447695,205711,8313,8227
5120,512,n,2507807329,504308292,6240128,220832,78,53
5120,1024,t,2961175979,504313062,35032252,395620,16524,16443
5120,1024,n,2494727515,504308103,5433303,450431,83,41
5120,2048,t,2515260430,504308330,6720593,777887,32976,32862
5120,2048,n,2569927615,504310283,9408644,890356,138,82
5120,3072,t,2706613442,504308467,19076992,1087771,49371,49226
5120,3072,n,2600319394,504309989,11783376,1347858,150,82
5120,4096,t,2539209452,504308468,8250202,1571161,66066,65854
5120,4096,n,2717843304,504308284,19519657,1907678,196,138
5120,5120,t,2483175778,504308560,4641134,1956030,82698,82436
5120,5120,n,2545435648,504308394,8180793,2258170,301,136
5120,6144,t,2799236490,504311169,24745869,2238216,98769,98649
5120,6144,n,2941289231,504308506,34125217,2671651,259,168
5120,7168,t,2510328586,504309476,6250904,2726517,115497,115200
5120,7168,n,2517518933,504308099,7073487,3088155,316,237
5120,8192,t,2515989236,504308251,7019278,2912826,131544,131291
5120,8192,n,2580711548,504308110,7005190,3534875,359,202
5120,12288,t,2627052661,504311819,13922135,4218081,197312,197069
5120,12288,n,2520136315,504311845,7083592,5206621,473,173
5120,16384,t,2841637179,504308521,27809560,5613023,262932,262717
5120,16384,n,2615561333,504312306,10917167,6889324,617,407
5120,32768,t,2650217687,504313203,15343599,11012314,525830,525334
5120,32768,n,2979821821,504313010,33293030,13747822,1129,671
5120,65536,t,2452298742,504309179,2340028,21909354,1051726,1051017
5120,65536,n,2479052405,504309987,4205488,27466662,2252,1141
5120,131072,t,3121600314,504312885,39028423,43931535,2103498,2102815
5120,131072,n,2630413907,504313018,14036565,54027732,4394,2396
5120,262144,t,2629169934,504308326,13957364,86466694,4206317,4205800
5120,262144,n,2523167146,504311768,7140730,107251019,8626,4568
5120,524288,t,2504957580,504311324,5548138,170610530,8408826,8407957
5120,524288,n,2481378494,504309862,4167157,216244469,17242,10181
5120,1048576,t,2781307654,504308550,22785704,348834472,16832744,16832334
5120,1048576,n,2830285342,504313238,22146411,432658031,34340,26701
5120,1572864,t,2535604216,504311495,6879977,508486288,25225399,25224542
5120,1572864,n,2501896178,504308313,5631054,641241607,49594,30152
6144,16,t,2626231617,504309497,13232719,8050,316,295
6144,16,n,2855877005,504310506,27943855,9026,56,36
6144,128,t,3522731858,504308352,67671180,65056,2110,2091
6144,128,n,2770336151,504310301,22160891,59071,58,38
6144,512,t,2923817624,504309019,30798834,247401,8309,8239
6144,512,n,2790278364,504310363,23560225,228800,69,44
6144,1024,t,2746593341,504310174,20912093,405373,16560,16471
6144,1024,n,2677597143,504308719,15896111,455285,92,36
6144,2048,t,2703801660,504308942,18287084,798407,33097,32990
6144,2048,n,2732819942,504309525,19868399,912913,117,73
6144,3072,t,2736836766,504310190,20407261,1177807,49621,49451
6144,3072,n,2748253241,504309663,20797039,1346175,168,100
6144,4096,t,2698095204,504310155,17392399,1563313,65916,65711
6144,4096,n,2735337830,504310080,19497272,1798319,192,122
6144,5120,t,2786467351,504309721,23139948,1983100,82722,82501
6144,5120,n,2789105153,504309410,23463569,2264191,238,135
6144,6144,t,2656459886,504309174,15095414,2346292,99156,98894
6144,6144,n,2678283417,504308229,16560676,2773713,299,174
6144,7168,t,2712941190,504309843,18622309,2758122,115785,115512
6144,7168,n,2697292521,504308985,17867769,3201923,303,166
6144,8192,t,2732815029,504310117,19898268,3150400,132140,131814
6144,8192,n,2669348941,504309956,16112813,3639081,348,113
6144,12288,t,2699615236,504309859,17735381,4696157,198115,197688
6144,12288,n,2744644695,504309394,20344836,5390984,452,102
6144,16384,t,2768022163,504310823,21250760,6244464,263844,263293
6144,16384,n,2786588777,504309733,23124996,7217732,626,261
6144,32768,t,2780532620,504309988,22161795,12048357,526797,526409
6144,32768,n,2831447674,504310302,24669464,14272581,1146,436
6144,65536,t,2772840281,504311552,22892800,23018674,1052625,1051948
6144,65536,n,2688951234,504308729,17208134,28080243,2199,947
6144,131072,t,2710349793,504312344,18186732,46640410,2105448,2104346
6144,131072,n,2780291966,504309488,22582023,55656323,4451,2623
6144,262144,t,2673965415,504313610,15714906,90077127,4208721,4207502
6144,262144,n,2752058936,504307701,21101505,109979831,8500,5200
6144,524288,t,2708333427,504312912,17644693,173365156,8411695,8411197
6144,524288,n,2795124983,504308387,22696471,218693722,17046,12154
6144,1048576,t,2753950152,504313616,20170502,346249746,16822005,16821360
6144,1048576,n,2738023627,504309052,18431843,434531904,34071,27724
6144,1572864,t,2856761359,504322084,25831243,521083923,25237084,25235766
6144,1572864,n,2696559106,504308746,15737497,649052158,50584,39225
7168,16,t,3022809867,504243724,37489229,8485,303,286
7168,16,n,3152343147,504245285,44933135,8500,51,34
7168,128,t,3028906839,504243942,37530919,52976,2109,2082
7168,128,n,3122288559,504244433,44605997,57788,54,34
7168,512,t,3157575935,504245424,43976440,212181,8478,8379
7168,512,n,3053756998,504243971,39689150,230151,90,47
7168,1024,t,3127635643,504244231,43717416,420390,16702,16593
7168,1024,n,3064689007,504244332,40063953,461799,92,51
7168,2048,t,3038540936,504243091,39477520,791507,33166,33031
7168,2048,n,3057285305,504243684,40094783,906508,121,81
7168,3072,t,3026915218,504242772,38253148,1171464,49633,49491
7168,3072,n,3052175926,504243537,40765945,1338571,150,64
7168,4096,t,3165547585,504244040,47682669,1572500,65957,65748
7168,4096,n,3164210618,504243564,46488663,1809868,231,150
7168,5120,t,3098486362,504246270,41200696,1981664,82784,82582
7168,5120,n,3120981970,504244099,43949327,2290478,262,117
7168,6144,t,3109421539,504244912,42273231,2356573,99216,98976
7168,6144,n,3094123395,504243749,42578568,2743455,281,134
7168,7168,t,3109891692,504245543,43785099,2749133,115607,115321
7168,7168,n,3179404906,504245783,47504664,3173515,315,148
7168,8192,t,3136690258,504245403,44988259,3166719,132396,132017
7168,8192,n,3162087778,504245243,46779325,3634862,349,157
7168,12288,t,3074843635,504244353,41141270,4685782,197966,197546
7168,12288,n,3067495471,504243838,40699238,5447227,468,255
7168,16384,t,3102127780,504246205,42808164,6260926,264035,263521
7168,16384,n,3088639808,504243505,42063320,7149016,606,130
7168,32768,t,2990171312,504245945,35130031,12417420,527322,526538
7168,32768,n,3161852755,504244877,45995272,14412314,1162,478
7168,65536,t,3152750406,504249334,44284766,24407717,1054436,1053474
7168,65536,n,3025646871,504242887,37866648,28283645,2206,1031
7168,131072,t,2990198014,504247415,34874100,47293881,2106773,2105651
7168,131072,n,3081057428,504243841,41737939,56036748,4399,2852
7168,262144,t,3118673608,504249591,42909593,91909746,4210591,4209415
7168,262144,n,3008231833,504242962,36548428,110743164,8616,6420
7168,524288,t,3014036022,504252093,36526948,179363318,8416813,8415755
7168,524288,n,3084787404,504243594,40640696,220148714,17301,13685
7168,1048576,t,3040457800,504256882,36908760,354849975,16830718,16829961
7168,1048576,n,2992894091,504243243,35011461,437565611,34113,29714
7168,1572864,t,3052466897,504259316,37211064,530338045,25244386,25243276
7168,1572864,n,2973911863,504242936,33621657,655224806,51752,45433
8192,16,t,3413288450,504309018,63180855,8131,321,295
8192,16,n,3487049182,504310191,66747362,8943,58,32
8192,128,t,3562125806,504311618,70950588,52426,2119,2093
8192,128,n,3484320688,504309173,68185019,57477,54,33
8192,512,t,3519355714,504310385,69193782,193465,8322,8242
8192,512,n,3498183074,504309868,67516346,228426,69,33
8192,1024,t,3519365410,504310007,69175159,394363,16585,16504
8192,1024,n,3549965698,504309723,71167014,453685,81,30
8192,2048,t,3538345754,504311341,70288479,813062,33088,32962
8192,2048,n,3494768525,504309312,68469506,900202,125,65
8192,3072,t,3537507884,504310284,70351627,1175859,49677,49518
8192,3072,n,3523911647,504309935,69339960,1389058,167,100
8192,4096,t,3561133685,504310217,71799240,1573895,66234,66039
8192,4096,n,3492201969,504310465,68356112,1797962,243,129
8192,5120,t,3482988307,504310864,66329144,1982696,82755,82529
8192,5120,n,3529908674,504309726,68998826,2262140,260,128
8192,6144,t,3503694129,504311261,67130218,2360785,99196,98943
8192,6144,n,3575872493,504310843,72005100,2734145,269,169
8192,7168,t,3538778379,504311150,69698347,2746417,115726,115406
8192,7168,n,3466915258,504309990,67087548,3178462,310,180
8192,8192,t,3492296602,504310237,67094959,3155773,132023,131681
8192,8192,n,3540630667,504311581,70998988,3631148,340,218
8192,12288,t,3451522168,504310490,65177209,4725133,198032,197563
8192,12288,n,3551148483,504312590,69319206,5442436,483,100
8192,16384,t,3462125410,504311673,65690956,6297865,264314,263795
8192,16384,n,3433037146,504309214,63972898,7204271,588,114
8192,32768,t,3544542295,504314366,70266159,12544559,528054,527209
8192,32768,n,3482624547,504310991,66415503,14408965,1159,468
8192,65536,t,3445306161,504314321,63504098,24498316,1055108,1053986
8192,65536,n,3473607226,504309294,66724878,28473461,2224,1008
8192,131072,t,3512486031,504316736,69390587,47818428,2107930,2106651
8192,131072,n,3485247669,504309516,66408353,56275366,4487,3209
8192,262144,t,3550059477,504321880,70381672,93300817,4213738,4212423
8192,262144,n,3497363474,504309885,68051371,111319956,8670,6655
8192,524288,t,3521244820,504326964,68149411,182810384,8421732,8420657
8192,524288,n,3487439648,504309675,66657341,220840942,17473,14862
8192,1048576,t,3586083818,504332068,71527790,362823798,16839337,16838067
8192,1048576,n,3532090472,504309055,68883999,438809566,34489,31673
8192,1572864,t,3544767769,504339877,69211807,541138271,25256404,25255328
8192,1572864,n,3480984049,504310774,64355334,658436735,51898,48885
12288,16,t,5458540707,504314764,198698553,8871,312,289
12288,16,n,5452769319,504316532,199035916,9372,59,38
12288,128,t,5458459765,504315336,199679342,53816,2146,2086
12288,128,n,5461804516,504312874,198929481,58037,67,35
12288,512,t,5442315696,504315068,198143427,206151,8292,8233
12288,512,n,5456689001,504313227,198826234,230138,80,43
12288,1024,t,5436530174,504316574,197965394,411032,16840,16756
12288,1024,n,5472590230,504312349,200437435,451391,102,51
12288,2048,t,5461229077,504315667,199259766,784971,33048,32920
12288,2048,n,5462656984,504318082,198902778,912900,137,67
12288,3072,t,5444836011,504314839,198935001,1186817,49422,49258
12288,3072,n,5448625350,504324357,197784120,1337661,157,79
12288,4096,t,5460646752,504315343,199578083,1612671,66391,66165
12288,4096,n,5448088667,504316616,198554941,1801584,197,106
12288,5120,t,5451967491,504318384,198933048,1970535,82864,82623
12288,5120,n,5454382293,504316584,198628851,2261839,230,142
12288,6144,t,5452669394,504315879,198744066,2383088,99630,99369
12288,6144,n,5455418955,504315832,198993239,2754497,278,143
12288,7168,t,5458591310,504316404,199244157,2775559,115875,115569
12288,7168,n,5433949717,504315111,197964285,3175059,307,146
12288,8192,t,5449158764,504315426,198801771,3164011,132814,132506
12288,8192,n,5434593944,504313185,198949735,3657403,374,90
12288,12288,t,5460052655,504317039,198748992,4727005,198940,198527
12288,12288,n,5434351321,504311956,198600165,5454808,464,123
12288,16384,t,5445978095,504319930,198336397,6294870,265080,264531
12288,16384,n,5443247459,504313358,198283302,7235136,606,169
12288,32768,t,5445610338,504319765,197861456,12556718,528886,527956
12288,32768,n,5459362685,504316169,198748550,14468016,1137,444
12288,65536,t,5458096896,504323719,198946443,24815866,1056865,1055797
12288,65536,n,5451026994,504312448,198403016,28729262,2293,1158
12288,131072,t,5451937885,504326582,198041525,48721665,2112969,2111894
12288,131072,n,5462686316,504317344,199291854,56998429,4520,3338
12288,262144,t,5466149578,504336118,199055966,95640531,4218329,4216956
12288,262144,n,5466885668,504315871,199031894,112304668,9024,7625
12288,524288,t,5506437466,504355550,200100615,189593225,8438931,8437700
12288,524288,n,5461460640,504314828,198300547,222379822,17746,16607
12288,1048576,t,5522769259,504381784,201641973,376671178,16872555,16871370
12288,1048576,n,5472802191,504313318,198192128,442879432,35543,34444
12288,1572864,t,5550280495,504415021,202260098,564268758,25308956,25307951
12288,1572864,n,5493851029,504315371,198769934,662070108,53423,53096
16384,16,t,6662772484,504321156,280480784,7843,321,300
16384,16,n,6663872160,504322779,280301530,9950,43,32
16384,128,t,6656458770,504329768,280078541,52381,2111,2085
16384,128,n,6653464174,504321624,280185417,59312,57,32
16384,512,t,6645480538,504322142,279980722,204095,8335,8272
16384,512,n,6654073975,504322930,280132906,233361,74,39
16384,1024,t,6659139987,504331328,280079009,401174,16539,16428
16384,1024,n,6652922862,504321327,280160406,455491,95,41
16384,2048,t,6662321298,504328734,279974147,791886,33020,32908
16384,2048,n,6660329318,504321639,280045163,910942,127,73
16384,3072,t,6650285824,504322536,279952212,1185765,49770,49586
16384,3072,n,6653522826,504319648,280053696,1360039,166,108
16384,4096,t,6660419410,504326717,280376373,1577244,66317,66117
16384,4096,n,6647192352,504323537,280030221,1814140,190,87
16384,5120,t,6649523703,504323424,280016504,1992168,82751,82495
16384,5120,n,6650562589,504328305,280177774,2265310,252,173
16384,6144,t,6657235978,504326155,280091306,2405277,100337,100066
16384,6144,n,6652147067,504331776,280027248,2723690,285,186
16384,7168,t,6653571163,504324247,280006131,2766413,115921,115628
16384,7168,n,6645028306,504321963,280056818,3188533,325,184
16384,8192,t,6649319024,504336353,280063613,3151306,132554,132239
16384,8192,n,6658920403,504326119,280206405,3667367,339,188
16384,12288,t,6663309371,504328497,280111670,4700963,198960,198494
16384,12288,n,6652897951,504319427,280092437,5449165,472,74
16384,16384,t,6647773363,504326945,280112676,6309541,265704,265089
16384,16384,n,6647204984,504320355,280034024,7228267,600,118
16384,32768,t,6657425034,504328042,280126407,12605693,529229,528388
16384,32768,n,6654913601,504323256,280063674,14421081,1156,348
16384,65536,t,6656481301,504333203,280119344,24991293,1059717,1058420
16384,65536,n,6659957950,504324652,280087704,28781236,2251,1022
16384,131072,t,6664114811,504336667,280737309,48973367,2116230,2114856
16384,131072,n,6660527259,504333087,280213780,57290379,4525,3303
16384,262144,t,6664403824,504352670,280383219,96473920,4225955,4224784
16384,262144,n,6664614801,504326041,280048476,113003439,9078,7809
16384,524288,t,6684614712,504367928,280942741,191332555,8448026,8446865
16384,524288,n,6670663522,504321510,280201884,224054236,18002,16830
16384,1048576,t,6722406214,504425889,282334590,380886031,16896909,16895959
16384,1048576,n,6697424054,504325106,280772779,445180554,35913,34665
16384,1572864,t,6752862369,504471993,282772689,570454595,25348518,25347466
16384,1572864,n,6701968036,504321183,279902219,665605206,53999,53858
32768,16,t,8508087280,504351282,406427194,9183,324,308
32768,16,n,8527907942,504348918,406493623,9491,52,35
32768,128,t,8519169888,504343600,406386443,51805,2110,2084
32768,128,n,8521791517,504355668,406401373,57699,62,33
32768,512,t,8517152957,504360668,406655011,217069,8299,8229
32768,512,n,8525815795,504355913,406541416,224682,83,39
32768,1024,t,8515233085,504354743,406417579,442126,16507,16414
32768,1024,n,8530522413,504352311,406699387,451816,82,35
32768,2048,t,8523954107,504351104,406368793,895681,32956,32815
32768,2048,n,8519885131,504357928,406409051,909925,116,38
32768,3072,t,8522392286,504348833,406387448,1359730,49347,49189
32768,3072,n,8528788160,504358735,406518630,1346138,178,45
32768,4096,t,8525179017,504363886,406618283,1584527,65804,65586
32768,4096,n,8521186848,504356144,406572199,1800715,213,51
32768,5120,t,8529473692,504360765,406572530,2011898,82813,82568
32768,5120,n,8530807721,504353371,406405957,2247238,240,47
32768,6144,t,8521262879,504352132,406658979,2376155,100569,100301
32768,6144,n,8530029452,504362422,406624209,2706613,273,126
32768,7168,t,8514819509,504362703,406499799,2751962,115731,115457
32768,7168,n,8521898922,504357660,406403526,3183234,285,148
32768,8192,t,8529624079,504355869,406568721,3131026,132855,132493
32768,8192,n,8529380188,504354024,406804650,3630751,317,62
32768,12288,t,8523358112,504360625,406471122,4640533,198314,197841
32768,12288,n,8518960889,504352664,406549602,5436105,477,43
32768,16384,t,8527281143,504354860,406517658,6245267,264905,264363
32768,16384,n,8518560961,504349235,406536321,7235014,609,39
32768,32768,t,8524863869,504354596,406398765,12543220,530454,529377
32768,32768,n,8516327415,504346636,406550770,14458709,1123,213
32768,65536,t,8534560771,504368528,406880234,24937781,1061371,1059849
32768,65536,n,8519456063,504346757,406531488,28678265,2175,666
32768,131072,t,8534628699,504371701,406639328,48986022,2123268,2121721
32768,131072,n,8522937923,504346961,406418890,57217756,4277,2863
32768,262144,t,8532364778,504388862,406869986,96612553,4238296,4236905
32768,262144,n,8535459271,504347830,406372548,112770798,8539,7555
32768,524288,t,8545464615,504418928,407126658,192015430,8478483,8477450
32768,524288,n,8545752864,504352850,406471439,223459105,16840,16491
32768,1048576,t,8595473306,504507021,408096665,382225373,16962702,16961527
32768,1048576,n,8572781112,504345682,407003549,445891234,33461,33343
32768,1572864,t,8618577563,504578584,408456186,572419970,25426544,25425372
32768,1572864,n,8593675615,504361349,407012345,666872663,50264,50148
65536,16,t,9458809557,504357989,470601799,8141,308,297
65536,16,n,9444624375,504372483,470581217,10114,70,37
65536,128,t,9455961706,504383189,470603994,52998,2111,2085
65536,128,n,9445449079,504373955,470626159,59866,60,36
65536,512,t,9455146020,504375338,470708555,213774,8306,8233
65536,512,n,9456472594,504376263,470638095,228215,69,37
65536,1024,t,9457732557,504385524,470584203,399449,16508,16421
65536,1024,n,9458073805,504374696,470580606,456004,90,35
65536,2048,t,9451654999,504375658,470798461,789524,33231,33110
65536,2048,n,9461765664,504377820,470758519,916364,125,40
65536,3072,t,9455116441,504382510,470618238,1185529,50011,49855
65536,3072,n,9452856318,504373712,470636099,1355371,173,46
65536,4096,t,9459745436,504372079,470610356,1552889,65772,65591
65536,4096,n,9473725284,504374100,471182371,1801044,203,64
65536,5120,t,9467030996,504362877,470777360,1972375,83130,82914
65536,5120,n,9463503202,504374459,470717763,2269270,219,117
65536,6144,t,9455821667,504380985,470623463,2546366,98746,98468
65536,6144,n,9456980612,504381513,470739707,2719908,287,222
65536,7168,t,9458334278,504363013,470619126,3067370,115085,114793
65536,7168,n,9463489389,504393388,470605299,3176701,293,44
65536,8192,t,9456823274,504378431,470695549,3494535,131473,131136
65536,8192,n,9458408856,504369867,470584699,3658212,344,67
65536,12288,t,9452428740,504376565,470648702,4728553,199420,198945
65536,12288,n,9451871227,504385998,470822739,5432201,482,41
65536,16384,t,9459527615,504377169,470618849,6256284,265877,265270
65536,16384,n,9451794283,504372994,470544068,7240718,611,36
65536,32768,t,9461002224,504386623,470776138,12484651,529051,527994
65536,32768,n,9457045684,504375150,470644166,14399136,1136,160
65536,65536,t,9459575445,504388661,470686933,24820462,1060488,1059019
65536,65536,n,9456881245,504368690,470933345,28693911,2245,585
65536,131072,t,9465035979,504415444,470824956,49205140,2130860,2129300
65536,131072,n,9465844385,504374504,470700012,57172807,4394,2470
65536,262144,t,9468876707,504429877,470905888,96920183,4253881,4252273
65536,262144,n,9464191379,504378883,470624061,112719812,8937,7414
65536,524288,t,9477644625,504460036,471161218,191792292,8494908,8493288
65536,524288,n,9485022970,504386827,470880441,223341116,17895,16975
65536,1048576,t,9519342053,504574797,471775256,382479864,17002762,17001422
65536,1048576,n,9505912442,504380262,470859010,444916916,33804,33337
65536,1572864,t,9556710344,504435432,472398018,571854476,25285065,25282885
65536,1572864,n,9528945225,504374839,470908618,666067669,49790,49741
131072,16,t,9925370328,504382686,500401130,7751,310,296
131072,16,n,9921428073,504389241,500123682,9366,50,37
131072,128,t,9913452862,504395654,500115115,50252,2106,2082
131072,128,n,9924476036,504389728,500224698,59711,58,35
131072,512,t,9914505354,504386560,500119090,228813,8303,8234
131072,512,n,9915554633,504389742,500141321,230112,65,38
131072,1024,t,9920748816,504379542,500064633,475419,16510,16421
131072,1024,n,9916060451,504388241,500141627,455841,90,60
131072,2048,t,9912372146,504392145,500109889,940522,32933,32805
131072,2048,n,9920666284,504392461,500105166,914094,136,46
131072,3072,t,9917192825,504391534,500138805,1428426,49358,49208
131072,3072,n,9920158035,504371268,500078791,1340821,163,40
131072,4096,t,9927701349,504384546,500089093,1940080,65783,65584
131072,4096,n,9910804586,504390858,500086142,1813973,189,63
131072,5120,t,9912302410,504389051,500133688,2400878,82262,82007
131072,5120,n,9913686268,504395789,500146322,2277009,241,54
131072,6144,t,9915211021,504387125,500062498,2840064,98665,98409
131072,6144,n,10005505362,504328221,504163342,2748802,277,46
131072,7168,t,9917356762,504383824,500211867,3190307,115070,115012
131072,7168,n,9934227016,504394880,500184424,3162408,295,53
131072,8192,t,9922895767,504386292,500078501,3186259,132631,132340
131072,8192,n,9922064865,504397913,500096821,3639182,350,43
131072,12288,t,9918887815,504389760,500105415,5324158,197181,196976
131072,12288,n,9913049688,504374201,500094850,5479039,469,238
131072,16384,t,9917880703,504386839,500122143,6822751,262859,262596
131072,16384,n,9926608051,504405292,500212453,7296540,597,45
131072,32768,t,10013012295,504330793,504266972,12606765,529044,528238
131072,32768,n,9918559049,504386758,500145905,14361911,1124,124
131072,65536,t,9918365093,504399140,500093521,25084208,1063866,1062509
131072,65536,n,9912275856,504385748,500114787,28726368,2180,659
131072,131072,t,9922868536,504416203,500115969,48952854,2125227,2123842
131072,131072,n,9924065882,504388650,500107218,57077504,4439,2576
131072,262144,t,9933211080,504423044,500239352,96346920,4240331,4238868
131072,262144,n,9928559422,504389228,500101913,112777325,8900,7291
131072,524288,t,9948278813,504411543,500330660,191000702,8442218,8440671
131072,524288,n,9940995363,504389716,500112096,223668807,17899,16838
131072,1048576,t,9965022119,504454352,500273947,379406320,16879393,16877879
131072,1048576,n,9965161959,504387832,500075596,444955748,35765,35058
131072,1572864,t,9993771173,504461689,500435134,567791421,25290312,25288666
131072,1572864,n,9990443804,504387063,500281600,668322062,50304,50213
262144,16,t,10012230822,504381559,504368767,8482,310,292
262144,16,n,10016391800,504328560,504310916,9327,44,36
262144,128,t,9998438880,504393720,504381336,48168,2114,2099
262144,128,n,10022835702,504338557,504321492,60556,63,42
262144,512,t,9999223283,504390744,504378631,197077,8541,8485
262144,512,n,10019479000,504334359,504317265,235319,82,36
262144,1024,t,10022033895,504328653,504313953,489421,16512,16421
262144,1024,n,10019831839,504326300,504312002,449267,81,72
262144,2048,t,10024266592,504326888,504312577,749400,32923,32871
262144,2048,n,10019327903,504325767,504310760,920942,126,75
262144,3072,t,10017382294,504327112,504312282,1542475,49371,49203
262144,3072,n,10015200506,504326026,504311868,1330002,142,128
262144,4096,t,10027413677,504326773,504312219,1853328,65802,65632
262144,4096,n,10006961022,504325959,504311700,1791285,193,178
262144,5120,t,10024485515,504325132,504310800,1899125,82247,82204
262144,5120,n,10005043497,504390454,504378674,2216116,245,195
262144,6144,t,10022109723,504340714,504326180,2936325,98606,98342
262144,6144,n,10006978866,504328504,504311791,2794190,282,122
262144,7168,t,10016214878,504325325,504310963,2642906,115087,115065
262144,7168,n,10024327923,504327577,504312107,3219465,303,103
262144,8192,t,10005770295,504393724,504380224,3661493,132326,132092
262144,8192,n,10018202506,504328828,504312644,3677103,324,58
262144,12288,t,10018874077,504326127,504311653,4573519,197204,197180
262144,12288,n,10014682461,504391086,504379002,5428697,553,546
262144,16384,t,10013485435,504330828,504316064,6924875,262827,262557
262144,16384,n,10014239309,504325181,504311044,7373485,707,705
262144,32768,t,10024194352,504326653,504311828,12636683,525692,525448
262144,32768,n,10024265971,504349643,504332800,14508539,1114,160
262144,65536,t,10019237395,504340797,504324846,25344432,1065238,1064721
262144,65536,n,10014949002,504333930,504316274,28823012,2257,645
262144,131072,t,10016373644,504349263,504335988,48846429,2117102,2116537
262144,131072,n,10017967977,504328848,504311744,57013374,4433,2654
262144,262144,t,10030883459,504352661,504337540,95947548,4227746,4227406
262144,262144,n,10024315686,504333954,504317072,112857558,8898,7434
262144,524288,t,10036759996,504378933,504363369,190837886,8457593,8456898
262144,524288,n,10026170549,504387043,504371544,223614062,17896,17119
262144,1048576,t,10056973433,504370235,504355664,378376158,16852419,16851169
262144,1048576,n,10064686410,504330600,504314580,444790572,33611,32106
262144,1572864,t,10075028896,504445032,504432254,566968126,25275958,25274335
262144,1572864,n,10081608397,504325925,504311649,670112975,50859,50693
524288,16,t,9997794280,504325998,504311802,7781,311,298
524288,16,n,9997346196,504326802,504312396,9584,44,39
524288,128,t,9997280149,504332400,504317989,53833,2123,2080
524288,128,n,9983602711,504384395,504374422,57524,67,50
524288,512,t,9990027011,504344237,504329645,237277,8314,8229
524288,512,n,9995385458,504363764,504352926,226250,66,60
524288,1024,t,10002504061,504339791,504327044,494939,16507,16421
524288,1024,n,9991366744,504327040,504311527,465159,99,46
524288,2048,t,9993757409,504325334,504311078,746397,32927,32873
524288,2048,n,9992586160,504326647,504312317,895918,143,111
524288,3072,t,9992543465,504326449,504312227,1166489,49407,49305
524288,3072,n,9990878135,504364135,504354631,1326430,188,173
524288,4096,t,9983229198,504327665,504313006,2060664,65822,65567
524288,4096,n,9992149189,504376174,504365172,1784028,187,178
524288,5120,t,9997109059,504329140,504314428,2523393,82245,81974
524288,5120,n,9974635648,504388165,504378488,2234513,240,214
524288,6144,t,9996559767,504382411,504372089,3040560,98634,98382
524288,6144,n,9990775698,504362685,504350761,2773666,273,54
524288,7168,t,9988426052,504373095,504362857,2785426,115072,115017
524288,7168,n,9981090348,504385749,504376368,3238435,313,47
524288,8192,t,9980997635,504393571,504383679,3808193,131486,131172
524288,8192,n,9994969215,504388465,504377805,3700635,351,52
524288,12288,t,9982473378,504392275,504382499,5497049,197162,196875
524288,12288,n,9996889902,504332249,504318207,5476196,456,42
524288,16384,t,9993264518,504326198,504311676,6283282,262875,262799
524288,16384,n,9982391551,504348613,504336511,7205410,664,653
524288,32768,t,9984958890,504336338,504320919,13157144,531681,530551
524288,32768,n,9994131132,504331717,504315811,14676164,1108,42
524288,65536,t,9987659967,504402639,504391289,25243744,1063105,1061286
524288,65536,n,10000905789,504358902,504343543,28876772,2187,735
524288,131072,t,9998519261,504353112,504337546,49234707,2126346,2125741
524288,131072,n,10010261391,504337269,504321606,57407590,4468,2924
524288,262144,t,10002437805,504422727,504411636,96585262,4248985,4247005
524288,262144,n,10001462492,504337264,504320958,112989602,8923,7921
524288,524288,t,10004069759,504459201,504448899,191038583,8469416,8468779
524288,524288,n,10026490048,504330404,504313881,223855364,17671,16995
524288,1048576,t,10016951074,504449309,504439074,378204649,16867289,16866239
524288,1048576,n,10035566679,504341943,504327021,445830702,35299,33574
524288,1572864,t,10063695934,504384202,504369899,565716776,25272431,25270636
524288,1572864,n,10072591397,504325450,504313655,672284250,50858,50726
1048576,16,t,9980700570,504325446,504311312,7722,300,292
1048576,16,n,9968034546,504393087,504382716,10584,66,47
1048576,128,t,9968504387,504345947,504331827,57132,2119,2085
1048576,128,n,9962251639,504391469,504380571,58531,57,43
1048576,512,t,9961679116,504390246,504377090,217399,8319,8250
1048576,512,n,9961238542,504390344,504378850,232289,69,56
1048576,1024,t,9953997155,504393323,504383013,428454,16883,16794
1048576,1024,n,9963649446,504391130,504380319,467219,99,48
1048576,2048,t,9963129504,504393022,504382468,823702,33095,32976
1048576,2048,n,9971444347,504379010,504367643,927252,130,43
1048576,3072,t,9963218849,504392353,504381945,1253053,50217,50040
1048576,3072,n,9963333804,504381454,504372072,1366087,151,41
1048576,4096,t,9964139526,504392153,504381726,1663724,66514,66322
1048576,4096,n,9966239132,504397376,504387905,1843210,202,46
1048576,5120,t,9967106328,504366555,504354797,2300457,82441,82180
1048576,5120,n,9962901126,504392580,504382522,2313223,231,46
1048576,6144,t,9969247196,504390475,504379866,2481887,99198,98924
1048576,6144,n,9976825834,504392995,504383378,2779400,289,71
1048576,7168,t,9965752420,504391190,504380742,2871234,115916,115577
1048576,7168,n,9955838175,504384168,504375129,3234311,292,47
1048576,8192,t,9965792666,504391094,504380682,3335276,133416,133060
1048576,8192,n,9982731890,504368057,504354999,3701724,335,46
1048576,12288,t,9962956909,504393680,504383067,5300308,198630,198250
1048576,12288,n,9973791398,504397841,504388562,5497485,472,51
1048576,16384,t,9963495998,504395480,504384941,6553595,264723,264090
1048576,16384,n,9963396006,504399116,504389954,7430734,615,65
1048576,32768,t,9978305616,504394459,504384732,13038311,532153,531019
1048576,32768,n,9973684928,504388547,504378830,14688781,1130,103
1048576,65536,t,9974006863,504406838,504397339,25522139,1066653,1065000
1048576,65536,n,9966839285,504390380,504377540,28963561,2192,791
1048576,131072,t,9962182529,504409514,504399412,49156181,2117133,2116589
1048576,131072,n,9961450318,504390914,504379023,57407752,4364,1196
1048576,262144,t,9981619313,504435020,504425317,96993003,4247772,4246789
1048576,262144,n,9976482960,504391672,504379956,113191542,8868,6547
1048576,524288,t,9995735170,504467518,504458038,191257388,8482876,8482107
1048576,524288,n,10001658946,504390646,504377807,224619699,17914,16633
1048576,1048576,t,10012192577,504458573,504447782,376423160,16885204,16884421
1048576,1048576,n,10012024392,504390795,504380828,446930591,35576,33235
1048576,1572864,t,10042665785,504442714,504432736,566796251,25276037,25274816
1048576,1572864,n,10043126890,504375557,504365060,673413982,50734,50491
1572864,16,t,9973678013,504388336,504379223,9365,308,300
1572864,16,n,9960045152,504394239,504383807,9610,54,43
1572864,128,t,9959121535,504391714,504380994,50792,2116,2084
1572864,128,n,9968018326,504387333,504377178,60014,48,29
1572864,512,t,9960098308,504391377,504381414,220325,8421,8344
1572864,512,n,9964002299,504392319,504382163,235411,65,35
1572864,1024,t,9960338064,504388722,504378718,413015,16505,16422
1572864,1024,n,9960583156,504390441,504380401,469439,100,39
1572864,2048,t,9961102033,504390342,504380364,835211,33385,33258
1572864,2048,n,9968279362,504374172,504363752,930154,121,57
1572864,3072,t,9963849896,504391147,504380742,1247891,49756,49600
1572864,3072,n,9950906797,504395372,504386066,1390548,174,43
1572864,4096,t,9962107365,504391867,504381246,1645779,66540,66334
1572864,4096,n,9961732158,504395137,504385549,1881083,203,45
1572864,5120,t,9965862776,504393391,504383297,2068281,83358,83105
1572864,5120,n,9969004775,504385366,504376293,2323712,254,66
1572864,6144,t,9957733573,504396014,504386178,2470652,99492,99223
1572864,6144,n,9965683054,504395919,504385562,2793093,283,66
1572864,7168,t,9965889127,504391786,504381291,2864545,116551,116223
1572864,7168,n,9975894045,504340854,504327161,3246572,300,61
1572864,8192,t,9960762056,504391416,504381424,3274929,132340,132006
1572864,8192,n,9959761012,504388062,504377799,3684860,343,73
1572864,12288,t,9965532368,504393490,504384338,5039423,199458,198982
1572864,12288,n,9962849758,504382772,504373915,5537680,476,56
1572864,16384,t,9959866115,504391385,504381339,6548671,265008,264384
1572864,16384,n,9961913645,504388202,504379010,7441548,591,40
1572864,32768,t,9968164757,504399861,504390240,13058561,531031,529904
1572864,32768,n,9963677551,504388977,504379673,14782933,1105,53
1572864,65536,t,9964247248,504399684,504389489,25866012,1063115,1062515
1572864,65536,n,9971562368,504389940,504378794,29062534,2169,93
1572864,131072,t,9967598740,504412070,504402500,49791207,2126239,2125664
1572864,131072,n,9965638137,504390316,504379706,57570103,4290,696
1572864,262144,t,9980543971,504422750,504411212,97241098,4243521,4242935
1572864,262144,n,9971129418,504390642,504379731,113096233,8789,5323
1572864,524288,t,9984037055,504448669,504439497,191612110,8467231,8466760
1572864,524288,n,9986469461,504390074,504379941,225096855,17729,14849
1572864,1048576,t,10005538066,504464310,504455106,379573374,16891740,16891174
1572864,1048576,n,10020873936,504390850,504381753,448432723,35661,34124
1572864,1572864,t,10028797761,504376796,504366666,553207095,25224948,25224566
1572864,1572864,n,10037636072,504387105,504377673,672312530,50724,50450
