16,16,t,670806233,338,256,7979,307,288
16,16,n,770929831,623,542,8794,60,32
16,128,t,687419354,585,469,50872,2136,2104
16,128,n,763607764,530,448,55210,61,34
16,512,t,647952084,634,562,190212,8325,8230
16,512,n,641102041,452,355,217116,69,31
16,1024,t,644692816,626,549,375583,16562,16493
16,1024,n,648375667,432,333,422260,89,64
16,2048,t,767367866,934,854,715578,33057,32919
16,2048,n,640997712,741,638,852929,127,67
16,3072,t,647106721,797,703,1041659,49478,49293
16,3072,n,647025020,505,431,1283026,152,61
16,4096,t,756506752,1022,740,1357409,65905,65693
16,4096,n,643176767,758,690,1696490,206,114
16,5120,t,645554796,871,809,1705445,82348,82109
16,5120,n,720391098,536,469,2135389,228,89
16,6144,t,642472111,1030,953,2040424,98783,98524
16,6144,n,644760233,671,593,2592024,301,159
16,7168,t,644539968,917,839,2364930,115177,114886
16,7168,n,719614729,595,488,2973846,294,72
16,8192,t,646155281,1325,1229,2717447,131677,131369
16,8192,n,645507316,595,479,3415250,318,133
16,12288,t,645892042,1194,1031,4043019,197346,196914
16,12288,n,647460624,589,526,5092128,436,30
16,16384,t,643158087,1103,1003,5383595,263014,262414
16,16384,n,759705101,628,499,6752512,603,295
16,32768,t,760995089,1918,1860,10716769,525917,524806
16,32768,n,647252808,434,360,13523456,1122,71
16,65536,t,763162711,3771,3660,21394986,1051800,1049740
16,65536,n,643932298,466,348,26779207,2160,149
16,131072,t,770417787,5935,5816,42698391,2103167,2099818
16,131072,n,711699267,532,432,53505283,4275,1886
16,262144,t,657232058,8986,8874,85251247,4205562,4202252
16,262144,n,763500690,581,506,106611862,8386,1875
16,524288,t,766367668,23174,23085,169087596,8410414,8407121
16,524288,n,644852219,554,435,213032645,16647,7172
16,1048576,t,687282561,43427,43301,337116625,16820299,16818104
16,1048576,n,640027377,1158,1051,425437582,33105,20996
16,1572864,t,741096261,44134,44033,504740450,25231811,25229968
16,1572864,n,644153284,331,286,639036614,49430,307
128,16,t,1091583166,6005,2048,7730,313,291
128,16,n,1461952224,140832589,3643,9060,60,34
128,128,t,1464064243,141103651,4248,51203,2102,2077
128,128,n,1091182924,21001,5248,55045,48,33
128,512,t,1091085621,16598,3719,188479,8304,8243
128,512,n,1091033119,4466,3298,214561,67,37
128,1024,t,1457021884,138658709,4444,372342,16505,16427
128,1024,n,1091207676,6324,2843,425257,88,40
128,2048,t,1504649997,157287449,2898,713963,32921,32810
128,2048,n,1091142072,10102,4091,854624,114,50
128,3072,t,1091128396,3728,2066,1039036,49353,49189
128,3072,n,1091250744,3764,3076,1285869,147,61
128,4096,t,1091199256,21738,2054,1367434,65787,65577
128,4096,n,1091425489,7082,5612,1705460,195,99
128,5120,t,1099038204,2263448,2653,1702311,82220,81975
128,5120,n,1091138844,6209,3257,2125709,227,113
128,6144,t,1091198897,9522,2253,2030788,98645,98345
128,6144,n,1091252880,23807,6023,2588886,269,163
128,7168,t,1505905614,157287048,2894,2370979,115048,114768
128,7168,n,1091338269,7861,3484,2964119,314,85
128,8192,t,1091072253,4334,2093,2705284,131464,131128
128,8192,n,1091072709,4250,3031,3413860,325,142
128,12288,t,1462117986,140832190,2230,4028798,197137,196643
128,12288,n,1091195749,6061,2695,5099944,437,174
128,16384,t,1091018071,35749,2690,5366596,262805,262201
128,16384,n,1091058014,5546,4942,6758090,593,54
128,32768,t,1091223034,3004,2066,10705959,525494,524445
128,32768,n,1091247497,8083,6046,13541080,1100,504
128,65536,t,1091224808,6385,2503,21324757,1050837,1048978
128,65536,n,1091130321,8000,2850,26762922,2173,71
128,131072,t,1091206309,17891,4350,42680489,2101624,2098684
128,131072,n,1091099981,6497,4347,53500192,4210,175
128,262144,t,1091355235,22727,5039,85003695,4203233,4200334
128,262144,n,1091245776,14515,4124,106573565,8371,2767
128,524288,t,1091271585,6884,5662,168982769,8406538,8404714
128,524288,n,1091071362,5898,4541,213200713,16539,7297
128,1048576,t,1091276344,4210,3001,337215518,16812866,16809859
128,1048576,n,1091141065,7116,4443,425498058,32971,24578
128,1572864,t,1091491971,12004,6392,504180488,25219524,25217482
128,1572864,n,1506633274,157285575,2056,639041547,49375,329
512,16,t,2396958117,503317521,8192,7924,328,292
512,16,n,2397467384,503315810,33665,8776,55,36
512,128,t,2397315956,503315891,27635,50180,2122,2072
512,128,n,2318001746,471891350,27909,55871,71,35
512,512,t,2397273765,503317455,20701,189519,8303,8232
512,512,n,2397449669,503313481,33942,214091,76,36
512,1024,t,2317829381,471879531,19518,370732,16513,16426
512,1024,n,2397401994,503314915,30854,423182,93,50
512,2048,t,2397103416,503317538,13102,714448,32930,32819
512,2048,n,2397327206,503317400,25634,854078,111,71
512,3072,t,2397023251,503317633,10158,1043863,49386,49196
512,3072,n,2397328236,503317236,27206,1272417,152,58
512,4096,t,2396493053,503118165,12000,1371313,65766,65568
512,4096,n,2397328983,503313949,28164,1698762,226,89
512,5120,t,2317694521,471898828,10778,1708949,82213,81965
512,5120,n,2397323080,503316462,29009,2161042,252,105
512,6144,t,2397022050,503317212,10936,2037378,98622,98345
512,6144,n,2397369492,503316707,29083,2552417,265,129
512,7168,t,2397065634,503316717,11668,2367607,115058,114740
512,7168,n,2397435653,503316112,30639,2986314,304,121
512,8192,t,2397029404,503317432,10333,2701221,131461,131129
512,8192,n,2319026038,472372800,30159,3412314,335,191
512,12288,t,2397049998,503317562,11465,4037792,197139,196680
512,12288,n,2396899511,503114227,32913,5103480,459,34
512,16384,t,2397092086,503317279,12117,5379217,262788,262219
512,16384,n,2397445793,503315882,33611,6761292,608,244
512,32768,t,2397107265,503317409,12147,10740905,525558,524412
512,32768,n,2397520764,503315900,34141,13526372,1129,153
512,65536,t,2397303621,503312600,19105,21358303,1050836,1048827
512,65536,n,2397489784,503312816,33256,26764820,2153,196
512,131072,t,2397557965,503317397,25975,42684662,2101616,2098789
512,131072,n,2397662035,503316849,35502,53466611,4240,1387
512,262144,t,2338182126,479663666,49120,85088753,4203241,4199841
512,262144,n,2398069627,503309669,52934,106606288,8362,1545
512,524288,t,2398623622,503313747,50329,169163638,8406470,8403450
512,524288,n,2398374028,503313229,50503,213095417,16568,7422
512,1048576,t,2399557459,503315072,47865,336743593,16813049,16810783
512,1048576,n,2399072883,503312689,55238,425695424,32991,20677
512,1572864,t,2400591598,503313782,49161,503494056,25219700,25217729
512,1572864,n,2398922190,503317538,8460,639035781,49378,467
1024,16,t,2397175752,503317365,16928,8504,344,294
1024,16,n,2397109100,503317289,16589,9220,48,30
1024,128,t,2398283868,503317254,83013,52709,2110,2083
1024,128,n,2398323430,503317275,84326,57554,74,32
1024,512,t,2398380731,503317296,90451,198754,8304,8234
1024,512,n,2398373090,503317254,83870,214871,79,37
1024,1024,t,2398203194,503317294,77296,376881,16518,16413
1024,1024,n,2398397675,503317283,85344,430900,85,57
1024,2048,t,2397632764,503317287,47538,713644,32940,32804
1024,2048,n,2398379823,503317328,87829,851589,142,35
1024,3072,t,2397350317,503317312,26758,1040007,49344,49187
1024,3072,n,2398437137,503317265,90217,1264599,155,49
1024,4096,t,2397276857,503317290,26265,1369554,65800,65584
1024,4096,n,2398438600,503317287,90739,1713060,200,86
1024,5120,t,2397281685,503317259,26571,1715042,82237,81985
1024,5120,n,2398590331,503317325,99158,2135106,237,135
1024,6144,t,2397319886,503317311,26246,2036850,98621,98353
1024,6144,n,2398426236,503317257,87536,2552034,264,127
1024,7168,t,2397311782,503317335,27293,2376315,115048,114794
1024,7168,n,2398326759,503317276,89426,2991270,293,149
1024,8192,t,2397432698,503317289,31797,2712918,131491,131122
1024,8192,n,2398400476,503317243,87847,3415665,326,148
1024,12288,t,2397411539,503317315,30034,4053444,197141,196636
1024,12288,n,2398611763,503317365,97045,5090547,462,57
1024,16384,t,2397517826,503317259,35019,5363603,262795,262230
1024,16384,n,2398486267,503317298,93732,6733298,603,306
1024,32768,t,2397613773,503317329,38025,10696848,525488,524390
1024,32768,n,2398489823,503317301,92230,13525102,1112,158
1024,65536,t,2397966952,503317344,54970,21384515,1050845,1048909
1024,65536,n,2398920334,503317272,112993,26739159,2177,140
1024,131072,t,2398687537,503317283,92565,42673449,2101585,2098835
1024,131072,n,2399021633,503317305,115427,53601399,4236,801
1024,262144,t,2399829711,503317306,147655,85062323,4203223,4200692
1024,262144,n,2399394841,503317286,131243,106557247,8351,2406
1024,524288,t,2399705387,503317299,117271,169090926,8406453,8403679
1024,524288,n,2399964722,503317277,141599,213089234,16550,7095
1024,1048576,t,2401247425,503317371,142211,336772042,16813012,16810907
1024,1048576,n,2400600334,503317295,144578,425830711,32986,17843
1024,1572864,t,2403112958,503317569,155589,504583456,25220328,25218880
1024,1572864,n,2399090524,503317302,17190,638898310,49394,1113
2048,16,t,2397452848,503317175,35041,7811,310,292
2048,16,n,2397520086,503317195,34596,8639,50,31
2048,128,t,2397500218,503317155,35637,52418,2107,2077
2048,128,n,2397479178,503317192,34386,56582,57,26
2048,512,t,2397473817,503317167,34407,196170,8307,8229
2048,512,n,2398485839,503317190,98377,213547,66,44
2048,1024,t,2397467421,503317187,35080,373623,16516,16421
2048,1024,n,2397510243,503317194,35576,425384,84,43
2048,2048,t,2399079577,503317196,124843,720624,32944,32814
2048,2048,n,2402141121,503317159,306050,872567,114,40
2048,3072,t,2399002001,503317175,120790,1055179,49365,49209
2048,3072,n,2402085356,503317293,302456,1297535,168,102
2048,4096,t,2398825362,503317160,113035,1380791,65784,65592
2048,4096,n,2400804442,503317203,244954,1700885,195,137
2048,5120,t,2398942325,503317174,119050,1723684,82231,81979
2048,5120,n,2400508414,503317179,227813,2142294,217,121
2048,6144,t,2398962592,503317190,120477,2063282,98671,98352
2048,6144,n,2400250024,503317181,209160,2566769,255,140
2048,7168,t,2398671815,503317172,99785,2420142,115054,114748
2048,7168,n,2400338150,503317197,211731,2975469,291,164
2048,8192,t,2398533311,503317192,102285,2742123,131491,131133
2048,8192,n,2400238151,503317194,205877,3406175,321,159
2048,12288,t,2398923469,503317203,113598,4061470,197110,196690
2048,12288,n,2401007250,503317185,253575,5077661,469,253
2048,16384,t,2399108281,503317169,124372,5392941,262810,262223
2048,16384,n,2399900776,503317201,184343,6807692,599,226
2048,32768,t,2399311131,503317174,136791,10727842,525486,524441
2048,32768,n,2399987053,503317167,189556,13496063,1116,198
2048,65536,t,2400591874,503317160,200712,21497421,1050887,1049303
2048,65536,n,2402764922,503317183,330870,26988383,2162,506
2048,131072,t,2400203084,503317250,191783,42660972,2101651,2099897
2048,131072,n,2400440192,503317196,208814,53434507,4264,1093
2048,262144,t,2401872283,503317266,280488,84876953,4203290,4200950
2048,262144,n,2401135100,503317171,246593,106744640,8359,1662
2048,524288,t,2400930842,503317274,185569,169028442,8406566,8404695
2048,524288,n,2402121819,503317179,285745,213095608,16571,5772
2048,1048576,t,2403061275,503317187,255778,336760522,16813173,16812249
2048,1048576,n,2400476474,503317169,134421,425781467,32977,21725
2048,1572864,t,2405273714,503317246,324598,504441965,25219548,25217869
2048,1572864,n,2399409017,503317188,34083,638532732,49394,19300
3072,16,t,2397864240,503317222,53850,8069,311,287
3072,16,n,2397810793,503317242,53362,8568,50,37
3072,128,t,2397773898,503317246,52436,51336,2111,2084
3072,128,n,2397792713,503317248,53551,55832,53,36
3072,512,t,2398492141,503317231,99175,197152,8299,8233
3072,512,n,2398024613,503317225,66997,214820,70,37
3072,1024,t,2399101419,503318757,139400,380021,16510,16425
3072,1024,n,2397873829,503317214,55727,424121,83,46
3072,2048,t,2400560540,503317341,229509,771457,32959,32843
3072,2048,n,2400274253,503317243,207234,849799,118,53
3072,3072,t,2397712202,503317249,53126,1047575,49359,49202
3072,3072,n,2399085704,503317224,135726,1275872,159,80
3072,4096,t,2398584990,503317228,104087,1388774,65785,65638
3072,4096,n,2400330666,503317307,215067,1709822,203,105
3072,5120,t,2398791235,503317253,119914,1718267,82223,81989
3072,5120,n,2399262300,503317213,144666,2135470,255,128
3072,6144,t,2398984795,503317231,132794,2054061,98663,98385
3072,6144,n,2399462767,503317307,154630,2552043,253,159
3072,7168,t,2400607242,503317266,231860,2426361,115047,114754
3072,7168,n,2400773099,503317242,241726,2981798,287,185
3072,8192,t,2400305271,503317250,215624,2714845,131466,131183
3072,8192,n,2400782767,503317206,243379,3399796,323,219
3072,12288,t,2401250617,503318896,263992,4206042,197242,196794
3072,12288,n,2400508607,503317265,224194,5091780,474,75
3072,16384,t,2400811697,503317319,241830,5466229,262873,262303
3072,16384,n,2402186862,503317302,325383,6902894,580,90
3072,32768,t,2400192670,503317297,202794,10736924,525489,524776
3072,32768,n,2400503776,503317181,223482,13469156,1117,277
3072,65536,t,2400866131,503317293,238714,21424841,1050893,1049975
3072,65536,n,2400343913,503317253,208770,26868403,2144,560
3072,131072,t,2399775436,503317311,157678,42630280,2101666,2100268
3072,131072,n,2400704884,503317285,226031,53398250,4262,1103
3072,262144,t,2400170863,503317322,163485,84823634,4203303,4201830
3072,262144,n,2400729938,503317243,216842,106675310,8342,2508
3072,524288,t,2400382013,503317278,143525,168955962,8406695,8405749
3072,524288,n,2401122241,503317224,213503,213076605,16561,7689
3072,1048576,t,2402208942,503317326,198998,336339922,16813266,16812275
3072,1048576,n,2400882918,503317400,151034,425671379,33018,22362
3072,1572864,t,2410683816,503317344,563946,504805561,25225609,25224527
3072,1572864,n,2399928582,503318565,56879,638823957,49397,13045
4096,16,t,2538030041,503398912,8978860,8789,315,288
4096,16,n,2529336578,503400164,8431218,9369,62,38
4096,128,t,2398904632,503397797,78790,51874,2122,2086
4096,128,n,2398944505,503398894,78371,57113,59,34
4096,512,t,2528494340,503398846,8432961,193454,8290,8233
4096,512,n,2400138855,503399080,156738,215189,68,41
4096,1024,t,2399724852,503397740,134522,373136,16523,16441
4096,1024,n,2401223738,503399145,208645,428503,89,39
4096,2048,t,2400259431,503397652,157399,710901,32922,32819
4096,2048,n,2398960096,503399232,80843,852727,119,48
4096,3072,t,2398947698,503397586,79001,1047932,49345,49228
4096,3072,n,2398954135,503398958,80308,1281692,157,76
4096,4096,t,2652983122,503402682,16793397,1413070,65770,65632
4096,4096,n,2402840123,503398994,316965,1703455,196,128
4096,5120,t,2400039951,503397549,126013,1740652,82286,82094
4096,5120,n,2399914861,503397831,128470,2137715,229,120
4096,6144,t,2398900175,503397689,78430,2037088,98626,98440
4096,6144,n,2538634500,503398974,8998835,2582554,266,178
4096,7168,t,2941434690,503403706,35010660,2462738,115148,114880
4096,7168,n,2399845530,503398927,120232,2983226,301,226
4096,8192,t,2398879121,503397853,76930,2711121,131477,131223
4096,8192,n,2654381074,503401282,16824593,3436461,375,277
4096,12288,t,2398945793,503397596,78897,4055043,197146,196804
4096,12288,n,2672151704,503401522,17490209,5142281,471,411
4096,16384,t,2529793891,503398776,8465025,5640176,262919,262611
4096,16384,n,2668703801,503401367,17291783,6879917,596,226
4096,32768,t,2662433303,503401249,16929494,10991405,525639,524848
4096,32768,n,2401123062,503399115,215404,13422734,1128,588
4096,65536,t,2951445263,503402422,36111658,22094459,1051442,1050809
4096,65536,n,2401473886,503398939,231550,26840537,2164,890
4096,131072,t,2533377190,503399545,8630617,43031107,2102375,2101428
4096,131072,n,2401870977,503399012,250769,53311259,4273,1948
4096,262144,t,2543102809,503398933,9159505,85824705,4204532,4203593
4096,262144,n,2533495394,503399974,8626911,107154688,8347,3015
4096,524288,t,2820944685,503401435,27162724,173653942,8412936,8412047
4096,524288,n,2534532391,503401440,8657767,214268047,16683,8987
4096,1048576,t,2673996465,503399909,17216726,342391363,16819484,16818791
4096,1048576,n,2669272557,503400886,17369762,430409766,33332,23199
4096,1572864,t,2742416718,503403010,21098718,520844204,25217554,25216352
4096,1572864,n,2401674849,503397964,108318,638704673,49431,25732
5120,16,t,2973484239,504308678,36361984,9057,311,290
5120,16,n,3066066849,504308870,43049084,9106,53,34
5120,128,t,2960723964,504308462,35936469,53285,2151,2091
5120,128,n,2936338911,504308622,34393419,56848,56,35
5120,512,t,2996581056,504308535,38490622,196226,8312,8258
5120,512,n,2854480730,504308984,28842307,223252,81,51
5120,1024,t,2748900483,504308506,21760083,378801,16525,16436
5120,1024,n,2935733438,504308475,34044616,438767,98,59
5120,2048,t,3108965128,504308643,41599675,832605,32964,32842
5120,2048,n,2702297300,504308489,18904094,865625,129,73
5120,3072,t,2818541218,504308348,26648171,1233952,49423,49279
5120,3072,n,2989134829,504308483,37470507,1293963,150,48
5120,4096,t,2876276101,504308611,30302717,1430976,65814,65695
5120,4096,n,2632365173,504308166,14797182,1713085,212,145
5120,5120,t,2809118039,504308595,26011285,1942931,82227,82127
5120,5120,n,2759624298,504308374,22903384,2160256,233,121
5120,6144,t,2936352638,504308524,33948391,2310029,98690,98534
5120,6144,n,2933565104,504308851,33783598,2625005,279,133
5120,7168,t,3002192241,504308521,38634154,2646991,115164,115104
5120,7168,n,3261354976,504308989,50899332,3056962,316,212
5120,8192,t,2995097197,504308573,33938774,2810726,131487,131234
5120,8192,n,2514710072,504308287,6497357,3494571,345,183
5120,12288,t,2967286223,504308521,36442690,4233795,197388,197103
5120,12288,n,2876833720,504308423,30617994,5206344,494,161
5120,16384,t,3296465010,504309047,57919005,5664383,263185,262872
5120,16384,n,2518772118,504308324,7021074,6869566,642,436
5120,32768,t,2719145310,504308608,20234284,11753047,525579,525539
5120,32768,n,2728641866,504308276,20391282,13625799,1162,261
5120,65536,t,2769680547,504308499,23587271,21946863,1052008,1051478
5120,65536,n,3057763884,504308759,42002443,27634254,2281,1369
5120,131072,t,2742942030,504308623,21556176,46393999,2101597,2101436
5120,131072,n,2742775455,504308353,21681890,54059515,4367,2320
5120,262144,t,3085972737,504310034,43324884,91608505,4203896,4203678
5120,262144,n,3214583389,504308803,51840362,109646376,8613,4170
5120,524288,t,2700042057,504308477,18853816,172312379,8411413,8411030
5120,524288,n,2842252229,504312019,23438533,216418571,17185,11433
5120,1048576,t,2905173069,504314547,30992809,350629490,16814466,16813736
5120,1048576,n,2952072366,504308520,34535491,434495461,33792,26360
5120,1572864,t,2999833330,504308579,37224988,520813714,25238811,25238067
5120,1572864,n,2981993570,504308714,36147685,651591282,49508,35994
6144,16,t,3765319806,504308477,84779149,8399,317,298
6144,16,n,3543400954,504308321,72136223,9492,53,42
6144,128,t,3519027502,504308211,70474954,56882,2125,2083
6144,128,n,3472145183,504308199,69460926,55869,57,41
6144,512,t,3370991801,504308050,61727856,213070,8311,8258
6144,512,n,2649190722,504307331,15051101,225331,78,36
6144,1024,t,3668898770,504308448,77610421,435045,16505,16456
6144,1024,n,3517462497,504311939,67430771,442379,96,57
6144,2048,t,2706356219,504307485,18080762,768127,33015,32908
6144,2048,n,2752066300,504307565,21404357,909564,118,59
6144,3072,t,3743936751,504312195,80965506,1144725,49427,49346
6144,3072,n,3610809872,504308273,77742005,1326735,161,84
6144,4096,t,3509159701,504308230,70159369,1663782,65815,65770
6144,4096,n,2699367607,504307371,18170111,1780164,240,128
6144,5120,t,3367500404,504308049,62120211,1964318,82244,82164
6144,5120,n,2695414064,504307460,17741173,2213009,249,102
6144,6144,t,3375344578,504308252,62470780,2445791,98661,98652
6144,6144,n,3693631357,504308134,82847407,2669210,282,63
6144,7168,t,2684772155,504308735,16346576,2563283,115403,115235
6144,7168,n,3158195859,504307884,47793447,3070351,317,148
6144,8192,t,3362350518,504308093,55100642,3171076,131512,131436
6144,8192,n,3775161101,504308456,84621526,3572059,353,146
6144,12288,t,2690472906,504308292,17022963,4337795,197441,197292
6144,12288,n,3576293199,504308224,75772565,5293082,509,329
6144,16384,t,3163961185,504307869,48506552,5969464,263078,263057
6144,16384,n,3848696429,504308567,92516357,7196253,619,328
6144,32768,t,3454749889,504308049,67886760,12008699,526034,526000
6144,32768,n,4054149456,504308666,99901543,14149927,1144,816
6144,65536,t,3424734110,504308246,65234653,23040761,1052312,1052239
6144,65536,n,2667900325,504307307,16192612,27959803,2349,1701
6144,131072,t,3853116955,504308602,92497156,45347131,2105215,2104885
6144,131072,n,3782263043,504312220,82702597,55779518,4299,2722
6144,262144,t,3848954824,504308628,89926950,90428973,4208723,4208610
6144,262144,n,2683123412,504307436,16561058,110734005,9782,7072
6144,524288,t,3749444535,504308586,86866524,179731317,8420040,8419621
6144,524288,n,4034003154,504308919,100448484,222721998,17416,13481
6144,1048576,t,2855411394,504315137,27666867,347566808,16824886,16824460
6144,1048576,n,3381049644,504307979,61582448,438832510,34555,28463
6144,1572864,t,2809414417,504311920,23744979,526090555,25244604,25244183
6144,1572864,n,3475950775,504308216,67110157,659429568,49527,42079
7168,16,t,4672573508,504245389,146705214,8897,315,293
7168,16,n,4938385556,504246476,161253486,8823,69,36
7168,128,t,3101243957,504241736,43448576,55629,2128,2099
7168,128,n,5146871098,504243386,173137622,66577,63,40
7168,512,t,3082295587,504243063,41519766,212440,8324,8253
7168,512,n,2926202873,504242004,31092630,231984,83,40
7168,1024,t,3068406170,504243288,39865692,399529,16540,16442
7168,1024,n,4583265096,504243116,138645097,498920,99,72
7168,2048,t,3040221829,504241805,38969807,831261,32932,32865
7168,2048,n,4495566785,504242769,132082801,1030707,117,45
7168,3072,t,3023588514,504243923,37545248,1189224,49512,49417
7168,3072,n,3038595293,504242325,38867952,1351681,168,33
7168,4096,t,3089319626,504245481,41802000,1558295,66265,66078
7168,4096,n,3022462743,504242326,36705873,1873464,210,47
7168,5120,t,3016688895,504242654,39088005,2277846,82216,81993
7168,5120,n,5270911528,504244003,184007107,2430119,246,155
7168,6144,t,4960573308,504243187,164681941,2405482,98664,98617
7168,6144,n,5279333954,504246485,185837858,2796518,314,298
7168,7168,t,2990485053,504243121,35558105,2643187,115297,115171
7168,7168,n,3040674113,504241718,38396457,3191485,304,172
7168,8192,t,4809501935,504243363,152282011,3309140,131932,131772
7168,8192,n,5166114952,504243531,171175674,3668119,355,241
7168,12288,t,3027330715,504242162,36658731,4636038,197182,197145
7168,12288,n,4774744364,504243090,149921825,5679306,625,509
7168,16384,t,3219246121,504241896,49594780,6058879,263189,263172
7168,16384,n,2960098376,504241442,34103267,7216756,602,99
7168,32768,t,3039562285,504242831,39835678,12360463,526919,526569
7168,32768,n,3046581876,504242169,39381968,14806137,1313,645
7168,65536,t,2966737970,504241373,34403539,23572159,1053001,1052938
7168,65536,n,3009193680,504242197,37583020,28806454,2286,1298
7168,131072,t,4877052151,504246467,155983860,46532195,2106690,2106399
7168,131072,n,3052806620,504241626,39892903,56415899,4463,3367
7168,262144,t,3076195703,504243342,40933325,90816223,4209452,4209234
7168,262144,n,3022784473,504242471,37831642,111062477,8711,6617
7168,524288,t,4568080159,504247694,135646720,177043495,8415649,8415367
7168,524288,n,5563163449,504243890,202828601,225155481,17010,14062
7168,1048576,t,4872737606,504255048,153317230,356020144,16833362,16832979
7168,1048576,n,4841412736,504243462,149845241,447645368,33434,31417
7168,1572864,t,3092814401,504258180,41281051,529683780,25245649,25244960
7168,1572864,n,3045198536,504242877,37708673,656599128,50377,46908
8192,16,t,3478090095,504307496,67950173,8312,306,293
8192,16,n,3500012815,504309643,69710817,9953,64,33
8192,128,t,3494919556,504308455,67144873,49422,2118,2088
8192,128,n,3593577290,504310238,74444583,59249,52,37
8192,512,t,3455674711,504308635,65475596,197324,8329,8258
8192,512,n,3617298894,504311237,74918476,231963,65,37
8192,1024,t,3521111466,504308627,71173156,454206,16524,16427
8192,1024,n,3503917203,504308608,69355364,454991,77,36
8192,2048,t,3554849569,504310371,71877589,929201,32939,32815
8192,2048,n,3511481295,504308472,70007491,1003523,116,31
8192,3072,t,3448383240,504307800,66187231,1470743,49405,49249
8192,3072,n,3510837169,504308843,69462778,1342937,156,42
8192,4096,t,3489868084,504309417,68903405,1568488,66210,65992
8192,4096,n,3448439534,504308104,64106811,1830630,194,35
8192,5120,t,3488964454,504310709,68106498,2347797,82237,82060
8192,5120,n,3471700975,504308736,66799705,2370032,246,39
8192,6144,t,3551748144,504309149,71814861,2662100,98645,98553
8192,6144,n,3475500571,504309515,66105739,2724600,280,39
8192,7168,t,3522725137,504310600,69766881,2807124,115888,115555
8192,7168,n,3454104771,504307731,65800085,3170957,310,187
8192,8192,t,3510525852,504307477,70133732,3418443,131924,131755
8192,8192,n,3403758114,504308461,63898702,3975185,377,252
8192,12288,t,3549781186,504311011,70919011,4867545,197176,197105
8192,12288,n,3543872143,504311900,70155836,5420703,476,59
8192,16384,t,3512537694,504310431,69372807,6507428,264204,263738
8192,16384,n,6569387392,504313464,266402819,7661575,677,428
8192,32768,t,3459183473,504307791,66348428,11933039,526667,526483
8192,32768,n,3596241624,504310946,72841291,14918494,1300,804
8192,65536,t,3538508879,504315222,70550927,24513882,1055836,1054697
8192,65536,n,3452327098,504308652,65638989,28992052,2307,1731
8192,131072,t,3461653988,504313320,66723382,46765912,2107598,2107030
8192,131072,n,3574998189,504309810,73472633,56199413,4414,2864
8192,262144,t,3532704552,504313729,70414496,93167975,4213746,4213351
8192,262144,n,3520097542,504308560,70071347,111248258,8718,6630
8192,524288,t,3598402758,504320272,74373530,182811084,8423183,8422935
8192,524288,n,6692816963,504313435,274743700,224926080,16979,15614
8192,1048576,t,3579208142,504330291,72909648,361804201,16840364,16839834
8192,1048576,n,3606587204,504308965,75109708,442089289,34286,32460
8192,1572864,t,3570248478,504337408,72160146,541302092,25257760,25257326
8192,1572864,n,3553591253,504308340,70570984,660209097,51168,49160
12288,16,t,5386712987,504314681,197717491,8348,302,292
12288,16,n,5390910363,504314669,197828303,8960,56,38
12288,128,t,5391149492,504315349,198099199,54734,2115,2089
12288,128,n,5394187220,504312140,198495725,57761,55,41
12288,512,t,5415878084,504314372,199117973,216794,8312,8222
12288,512,n,5398303363,504314055,198575196,227035,67,36
12288,1024,t,5426414719,504316524,199757275,437643,16523,16422
12288,1024,n,5409205893,504312432,199162791,451560,83,33
12288,2048,t,5430993588,504316253,199882813,903037,32930,32798
12288,2048,n,5426606077,504315968,198952531,902298,121,34
12288,3072,t,5410939110,504315450,199101382,1369536,49337,49185
12288,3072,n,5442720733,504314573,199986591,1348850,162,87
12288,4096,t,5410067532,504317758,198879615,1797200,65796,65590
12288,4096,n,5417090051,504314529,198693830,1815327,194,37
12288,5120,t,5432537753,504320315,200032736,1945290,82409,82165
12288,5120,n,5397266582,504317123,198102425,2272489,223,128
12288,6144,t,5400770617,504316842,198352434,2342963,99653,99379
12288,6144,n,5413325085,504314905,198932848,2727200,269,138
12288,7168,t,5411875016,504316747,199222570,2740321,115635,115332
12288,7168,n,5398585906,504317947,197932439,3162549,300,106
12288,8192,t,5419449386,504315301,199997109,3143309,131962,131641
12288,8192,n,5418202172,504316009,198485816,3643684,349,224
12288,12288,t,5387611282,504318042,200564463,5084251,197211,197010
12288,12288,n,5370295134,504312926,197187514,5438043,455,35
12288,16384,t,5380053274,504313128,198065847,6661715,262827,262610
12288,16384,n,5377088953,504316230,198069599,7219861,610,49
12288,32768,t,5398100574,504314771,198662123,12636123,525579,525323
12288,32768,n,5413077229,504318079,199452860,14427496,1132,159
12288,65536,t,5382605990,504320416,198293416,24464448,1056361,1056148
12288,65536,n,5394466051,504313356,198518012,28628274,2198,844
12288,131072,t,5377006006,504324858,197927542,48500583,2112546,2111334
12288,131072,n,5380851623,504314391,197593395,56997044,4398,2857
12288,262144,t,5391862038,504332870,198793216,95516431,4219485,4218180
12288,262144,n,5390553635,504315253,198346042,112441878,8599,7056
12288,524288,t,5473718153,504315344,202674044,189537267,8406740,8406318
12288,524288,n,5402233384,504312986,198514625,222632517,17187,16084
12288,1048576,t,5440731964,504390221,199552322,375935070,16874810,16873717
12288,1048576,n,5395003192,504314043,197709163,441859621,35528,34812
12288,1572864,t,5465895866,504432891,200552660,563070051,25311296,25310252
12288,1572864,n,5414127785,504310905,198041060,662510998,51455,51279
16384,16,t,6579769219,504322971,280211291,9474,314,303
16384,16,n,6581365945,504322830,280091217,9246,50,39
16384,128,t,6589675114,504322071,280241233,55609,2127,2085
16384,128,n,6579219297,504327820,280216952,57663,55,28
16384,512,t,6576860136,504319663,280074990,209943,8293,8224
16384,512,n,6586624429,504317240,280214231,228102,89,41
16384,1024,t,6583801992,504319435,280209074,446165,16523,16426
16384,1024,n,6583906882,504317277,280244039,454589,80,32
16384,2048,t,6603618225,504323578,281560604,889197,32928,32810
16384,2048,n,6585484055,504328815,280208078,905294,125,34
16384,3072,t,6583093230,504323309,280063283,1358729,49367,49194
16384,3072,n,6584554026,504325685,280019538,1358236,157,36
16384,4096,t,6582158308,504322201,280185639,1895374,65799,65607
16384,4096,n,6576433417,504320581,280033143,1801508,202,73
16384,5120,t,6578757890,504321163,280292881,2245991,82200,81966
16384,5120,n,6580184811,504329486,280186366,2263643,237,48
16384,6144,t,6589609062,504321250,280187009,2670388,98646,98363
16384,6144,n,6585746964,504321556,280365431,2709575,247,43
16384,7168,t,6580144130,504319078,280224975,3120574,115052,114788
16384,7168,n,6596050374,504320022,280171459,3280120,326,60
16384,8192,t,6579633238,504323502,280223879,3592831,131498,131357
16384,8192,n,6591470046,504324663,280096440,3630475,324,55
16384,12288,t,6587802034,504319203,280582602,5150039,197187,196996
16384,12288,n,6603500961,504329186,280589342,5408718,472,54
16384,16384,t,6576258796,504318288,280266150,6656731,262839,262601
16384,16384,n,6580859759,504319399,280148478,7374298,593,36
16384,32768,t,6589453766,504322364,280661293,12553480,525517,525272
16384,32768,n,6599946562,504322478,280182520,14395402,1128,109
16384,65536,t,6603409394,504325457,280894887,24419992,1051618,1051387
16384,65536,n,6589601035,504324359,280188835,29263469,2273,1861
16384,131072,t,6582894769,504336439,280149953,48753146,2115296,2113909
16384,131072,n,6594774361,504321210,280194079,57374839,4366,4084
16384,262144,t,6638071042,504319366,282390773,95205790,4203007,4202722
16384,262144,n,6595846123,504322173,280576567,112657361,8579,7845
16384,524288,t,6615986074,504384625,281134761,190934571,8451226,8450062
16384,524288,n,6598494065,504323090,280256936,223696688,17036,16181
16384,1048576,t,6642089251,504432555,281766695,380040592,16903080,16901979
16384,1048576,n,6631866173,504326729,280479764,444865158,34121,34035
16384,1572864,t,6676299044,504495269,282776526,569013584,25352529,25351540
16384,1572864,n,6652095858,504318254,280147277,665731648,53555,53381
32768,16,t,8488946958,504349563,406930525,8228,311,296
32768,16,n,8484357982,504346168,406396627,8479,53,33
32768,128,t,8480660007,504354235,406342114,54095,2132,2082
32768,128,n,8499829874,504344073,406733257,58132,54,34
32768,512,t,8498045864,504356842,406745720,212527,8300,8224
32768,512,n,8480301346,504355949,406643415,227610,76,38
32768,1024,t,8483724450,504354047,406426847,428881,16513,16418
32768,1024,n,8480328258,504348727,406616484,450953,95,45
32768,2048,t,8489237267,504354845,406745746,886201,32931,32810
32768,2048,n,8489609533,504362002,406778009,898285,121,36
32768,3072,t,8490898449,504359859,406508746,1338760,49364,49182
32768,3072,n,8487993605,504358028,406519804,1345724,155,32
32768,4096,t,8492856321,504353356,406491097,1794750,65776,65584
32768,4096,n,8486655446,504350566,406661116,1807632,192,41
32768,5120,t,8480336839,504355610,406613603,2243093,82207,81968
32768,5120,n,8481783698,504345193,406770795,2262243,240,56
32768,6144,t,8481503322,504354085,406537933,2698258,98681,98389
32768,6144,n,8484022016,504348700,406599178,2696945,264,45
32768,7168,t,8480111870,504358487,406450142,3109201,115050,114789
32768,7168,n,8484521059,504362835,406527331,3174600,295,36
32768,8192,t,8488934710,504357662,406420443,3134636,133712,133335
32768,8192,n,8484649823,504358369,406487458,3593516,339,41
32768,12288,t,8485045834,504353608,406629666,5164071,197140,196836
32768,12288,n,8493376052,504363058,406380602,5442195,452,37
32768,16384,t,8491615673,504350720,406456311,6640375,262837,262623
32768,16384,n,8491311733,504358313,406617612,7240898,615,57
32768,32768,t,8484695202,504356448,406564564,12784592,529608,528834
32768,32768,n,8489609132,504351155,406420720,14367062,1111,113
32768,65536,t,8490513512,504364722,406547868,25001803,1060824,1059456
32768,65536,n,8493695279,504358300,406780867,28747832,2218,614
32768,131072,t,8495374184,504373915,406931621,49090642,2121326,2119837
32768,131072,n,8495343371,504354636,406544102,57305118,4464,3064
32768,262144,t,8497803615,504395942,406790976,96419887,4235045,4233646
32768,262144,n,8496558494,504353202,406442911,112656323,8971,7666
32768,524288,t,8513228600,504430736,407058908,191733499,8477899,8476462
32768,524288,n,8509044908,504341619,406407123,223788804,17229,16110
32768,1048576,t,8558888386,504523233,407877895,381916857,16957910,16956735
32768,1048576,n,8529634240,504348682,406456513,445873010,34043,33369
32768,1572864,t,8578814552,504577729,408459664,572154752,25433329,25431690
32768,1572864,n,8554454244,504353805,406800446,666263913,50153,50066
65536,16,t,9430092322,504383023,470809454,7806,304,294
65536,16,n,9434007604,504374358,470658260,9022,58,33
65536,128,t,9447897964,504378493,470896044,49310,2114,2079
65536,128,n,9434652294,504381782,470987100,58343,59,29
65536,512,t,9440546919,504370376,470566967,221617,8294,8223
65536,512,n,9430563949,504385706,470706024,225827,71,37
65536,1024,t,9436875569,504362855,470542466,442122,16507,16417
65536,1024,n,9445748139,504372927,470851070,457380,87,44
65536,2048,t,9432760542,504373033,470586827,910325,32960,32815
65536,2048,n,9440765273,504374165,470634494,908443,113,51
65536,3072,t,9433331104,504379068,470634448,1186049,49952,49778
65536,3072,n,9434480681,504364160,470589102,1339888,165,112
65536,4096,t,9434350530,504369048,470591845,1854063,65819,65569
65536,4096,n,9426164192,504376073,470632216,1803739,198,136
65536,5120,t,9436160536,504374295,470736729,2315831,82211,81965
65536,5120,n,9434064546,504374417,470633802,2257656,239,171
65536,6144,t,9438777677,504377995,470619642,2728224,98624,98363
65536,6144,n,9436407468,504386993,470775867,2720366,258,49
65536,7168,t,9425689869,504367550,470776317,3195425,115103,114796
65536,7168,n,9430787625,504375278,470561827,3195264,302,72
65536,8192,t,9426842409,504370897,470613503,3138671,133066,132774
65536,8192,n,9431915958,504383265,470667986,3650692,330,134
65536,12288,t,9435200405,504383868,470586973,4721789,199304,198799
65536,12288,n,9446210388,504373225,470791723,5403174,505,254
65536,16384,t,9443449217,504377226,470748726,6745166,262834,262615
65536,16384,n,9432919618,504377497,470691981,7296895,597,102
65536,32768,t,9439278893,504382293,470760253,12664299,533553,532567
65536,32768,n,9450278188,504368996,470848347,14424756,1122,241
65536,65536,t,9442800009,504390390,470967172,25121593,1063951,1062381
65536,65536,n,9440617665,504380854,470680251,28810393,2186,609
65536,131072,t,9439657648,504387053,470804091,48959345,2123197,2121589
65536,131072,n,9449705825,504373965,470636740,57150319,4430,2773
65536,262144,t,9454164799,504410306,470976313,96350722,4236671,4235013
65536,262144,n,9454844600,504381259,470829403,112597522,8917,7726
65536,524288,t,9481600101,504406634,471636635,190276424,8433066,8431447
65536,524288,n,9466899051,504380848,470782163,223792362,17846,17113
65536,1048576,t,9501647941,504430359,471981233,379161161,16864422,16862728
65536,1048576,n,9474138685,504370570,470641592,444699482,33878,33628
65536,1572864,t,9534779612,504424463,472453676,567144688,25263344,25261081
65536,1572864,n,9507698229,504366325,470827428,665794613,49796,49765
131072,16,t,9922585037,504386844,500377573,7759,311,301
131072,16,n,9917196014,504380031,500167242,9467,54,36
131072,128,t,9920204853,504389280,500110437,54378,2126,2089
131072,128,n,9912600843,504383433,500123362,59586,59,42
131072,512,t,9912447663,504396705,500213399,207818,8294,8234
131072,512,n,9906673205,504394649,500114529,230415,72,34
131072,1024,t,9907985521,504389674,500151503,459242,16561,16421
131072,1024,n,9910833986,504396069,500130581,455401,90,36
131072,2048,t,9917845495,504391053,500103036,779980,32929,32815
131072,2048,n,9914613735,504384858,500105762,905948,122,36
131072,3072,t,9917142337,504381125,500107472,1204174,50097,49940
131072,3072,n,9909664232,504390211,500122374,1357743,175,61
131072,4096,t,9914507414,504382008,500102099,1916501,65794,65592
131072,4096,n,9912796965,504391569,500175537,1789324,197,43
131072,5120,t,9994946750,504328669,504206968,2364267,82258,81992
131072,5120,n,9911350687,504387093,500144245,2254155,267,228
131072,6144,t,9982327812,504348368,503591375,2790175,98627,98447
131072,6144,n,9917254095,504385620,500150928,2747134,265,82
131072,7168,t,9912856743,504389802,500123564,3253940,115068,114771
131072,7168,n,9919703159,504399290,500133115,3165160,326,191
131072,8192,t,10007546079,504337579,503974849,3721710,131448,131208
131072,8192,n,9918075860,504397159,500157421,3658406,335,50
131072,12288,t,9921723358,504393873,500148013,5268032,197146,196908
131072,12288,n,9908812619,504382483,500121348,5444995,480,43
131072,16384,t,9925256879,504374424,500095928,6822757,262856,262717
131072,16384,n,9923064626,504402964,500134614,7213842,617,86
131072,32768,t,9913706495,504391017,500140221,12670255,529726,529506
131072,32768,n,9923503221,504387242,500104306,14493519,1136,168
131072,65536,t,9918935389,504406613,500163258,25020248,1063110,1061726
131072,65536,n,9919808406,504384263,500196778,28886979,2173,536
131072,131072,t,9932245729,504413002,500162011,48996128,2122493,2120983
131072,131072,n,10010604591,504327583,504197332,57206041,4427,2552
131072,262144,t,9930943771,504421970,500272051,96279903,4239082,4237624
131072,262144,n,9939078333,504396026,500117920,112696575,8874,7208
131072,524288,t,10034217244,504386706,504318471,190470713,8453102,8451648
131072,524288,n,9937360534,504391743,500169790,223518278,17727,16742
131072,1048576,t,9963755947,504419561,500538822,378310122,16845329,16843573
131072,1048576,n,9970112167,504387098,500120772,445047497,34545,33850
131072,1572864,t,9993534159,504474821,500515197,567715205,25309999,25308542
131072,1572864,n,9993699028,504395312,500290789,669104380,50432,50322
262144,16,t,10010008082,504387385,504375288,8606,306,296
262144,16,n,10015128491,504330627,504313070,9720,58,37
262144,128,t,10005167394,504386629,504373315,48936,2114,2093
262144,128,n,10017479897,504330893,504313166,58965,63,35
262144,512,t,10014836692,504382719,504371011,195559,8324,8247
262144,512,n,10017496485,504336179,504318604,227928,82,40
262144,1024,t,10004467909,504389871,504376962,365398,16522,16464
262144,1024,n,10024425677,504329591,504312186,456154,100,36
262144,2048,t,10026710695,504329931,504316057,735324,32952,32878
262144,2048,n,10014330436,504327972,504310558,915369,139,41
262144,3072,t,10008049385,504325415,504311114,1125635,49375,49313
262144,3072,n,10007525273,504390467,504376457,1331026,211,156
262144,4096,t,10014265693,504333683,504316155,1637367,66574,66425
262144,4096,n,10007254365,504400065,504387225,1780564,195,182
262144,5120,t,10014862460,504328624,504311276,2053965,83283,83099
262144,5120,n,10016506308,504325315,504311115,2236324,241,208
262144,6144,t,10027838475,504325205,504310904,2279984,98645,98607
262144,6144,n,10025846279,504326125,504311817,2689459,264,247
262144,7168,t,10015964492,504326451,504312084,2680108,115107,115080
262144,7168,n,10026721650,504325490,504311281,3131599,337,317
262144,8192,t,10006489364,504325386,504311186,3070860,131501,131489
262144,8192,n,10011775009,504326172,504311896,3575673,376,368
262144,12288,t,10017313398,504326199,504311941,4532601,197183,197161
262144,12288,n,10016283946,504325286,504311076,5398628,542,538
262144,16384,t,10025914173,504325774,504311385,5993607,262830,262825
262144,16384,n,10012919652,504325151,504311064,7235457,640,628
262144,32768,t,10015422473,504325553,504311316,11875484,525567,525519
262144,32768,n,10007788596,504326952,504312118,14773040,1219,818
262144,65536,t,10017992907,504333833,504319189,23832507,1058088,1058046
262144,65536,n,10017261333,504327122,504309333,28950776,2195,914
262144,131072,t,10021994566,504365054,504349732,49294884,2132586,2131976
262144,131072,n,10018892126,504328768,504311279,57230369,4466,2685
262144,262144,t,10018697449,504458173,504444939,96968667,4270854,4270205
262144,262144,n,10028396516,504390053,504373704,112906345,8966,7765
262144,524288,t,10030763154,504452464,504439429,190695986,8467181,8466656
262144,524288,n,10036604881,504337859,504321023,223779885,17967,17193
262144,1048576,t,10070096372,504394057,504378873,379721311,16878709,16877835
262144,1048576,n,10060232864,504327887,504311196,446399837,33931,31684
262144,1572864,t,10079343869,504358021,504343677,566469614,25249743,25247888
262144,1572864,n,10092132925,504325828,504311470,671838535,50972,50811
524288,16,t,9974637422,504390639,504380641,7501,312,298
524288,16,n,9973234428,504394494,504380983,9301,53,33
524288,128,t,9992677377,504386081,504374155,58102,2115,2088
524288,128,n,9985032136,504391533,504380924,59834,62,39
524288,512,t,9972694101,504387459,504376316,244506,8309,8231
524288,512,n,9983098104,504394044,504382723,233295,76,35
524288,1024,t,9981341355,504332921,504316946,427627,16505,16435
524288,1024,n,9983134345,504386194,504376397,450933,83,72
524288,2048,t,9990565278,504386215,504374897,857499,33531,33410
524288,2048,n,10003082805,504333982,504318315,922042,113,29
524288,3072,t,9981546231,504390903,504381083,1148713,49354,49296
524288,3072,n,9982519737,504334067,504319168,1356689,157,96
524288,4096,t,9993016318,504377519,504367768,1522269,65785,65735
524288,4096,n,9995510315,504396745,504386489,1833551,183,131
524288,5120,t,9993931147,504384549,504374112,2536309,82232,81981
524288,5120,n,9988169840,504399216,504388902,2310312,232,48
524288,6144,t,9990074248,504390821,504380873,3008350,98646,98389
524288,6144,n,9983680405,504387199,504377142,2771402,263,43
524288,7168,t,9979850200,504390898,504380086,2849394,115810,115502
524288,7168,n,9980866704,504386875,504377655,3215206,321,50
524288,8192,t,9987914832,504390219,504378435,3289129,132517,132155
524288,8192,n,9983580712,504395781,504385462,3697642,334,56
524288,12288,t,9984639143,504394518,504384541,5475010,197177,196900
524288,12288,n,9973812272,504381316,504371726,5480920,487,45
524288,16384,t,9985986029,504395818,504385565,6931495,262850,262595
524288,16384,n,9993527368,504401374,504391366,7404306,587,48
524288,32768,t,9983713895,504330188,504318112,12903576,525525,525260
524288,32768,n,9994641354,504339571,504324370,14761578,1118,84
524288,65536,t,9988672477,504408045,504397421,25301315,1066941,1065430
524288,65536,n,9996901862,504336475,504322078,28928834,2229,1173
524288,131072,t,9997373416,504357660,504342685,49257779,2125422,2124831
524288,131072,n,9988062313,504390557,504378068,57437819,4461,2732
524288,262144,t,9997207761,504421477,504410850,96387452,4238137,4237652
524288,262144,n,10007361129,504389632,504377718,113449050,8999,7899
524288,524288,t,9996768892,504452061,504441363,190893710,8462295,8461658
524288,524288,n,9996836608,504391061,504378660,224131333,17838,17020
524288,1048576,t,10027357767,504465127,504455390,379139926,16882574,16881372
524288,1048576,n,10028294743,504390082,504378724,446390030,35505,33298
524288,1572864,t,10047465076,504467850,504458157,566317211,25299161,25297415
524288,1572864,n,10043363427,504384025,504374287,671789820,50893,50680
1048576,16,t,9963585911,504388530,504379614,8555,305,296
1048576,16,n,9965082394,504390625,504379405,9573,58,39
1048576,128,t,9964057981,504391972,504381582,53616,2136,2101
1048576,128,n,9964091209,504388576,504378444,59196,64,50
1048576,512,t,9976831823,504384995,504374689,208365,8313,8234
1048576,512,n,9970825360,504394870,504383854,232697,79,59
1048576,1024,t,9976660646,504385998,504374408,424214,16565,16510
1048576,1024,n,9969014237,504389406,504378576,465046,82,61
1048576,2048,t,9965338376,504393217,504382538,860524,33467,33346
1048576,2048,n,9963556430,504387341,504376232,910165,114,39
1048576,3072,t,9964914492,504392231,504381809,1278929,50396,50220
1048576,3072,n,9965966630,504389918,504380064,1383440,199,58
1048576,4096,t,9965886834,504392041,504381399,1664719,65942,65746
1048576,4096,n,9965532421,504397091,504386758,1827982,211,47
1048576,5120,t,9956804636,504395753,504384061,2089596,83086,82832
1048576,5120,n,9964234586,504392953,504383025,2316560,242,60
1048576,6144,t,9965389002,504392030,504381286,2513849,99277,98957
1048576,6144,n,9978799336,504394900,504385361,2783650,259,40
1048576,7168,t,9965714665,504391736,504381328,2910721,117008,116710
1048576,7168,n,9957071982,504384853,504375829,3242937,309,50
1048576,8192,t,9966210865,504392334,504381696,3330152,132374,132018
1048576,8192,n,9966689244,504392641,504381200,3703651,332,61
1048576,12288,t,9965506580,504392082,504381955,4906398,198634,198143
1048576,12288,n,9965379359,504398786,504389235,5517037,470,56
1048576,16384,t,9963283565,504395938,504385154,6501019,266305,266019
1048576,16384,n,9965369199,504387471,504377316,7344756,614,147
1048576,32768,t,9965431509,504403520,504392858,13015186,534315,533910
1048576,32768,n,9971060876,504389417,504379871,14723822,1134,76
1048576,65536,t,9971702619,504413272,504403521,25793502,1069928,1069364
1048576,65536,n,9958949165,504388528,504376529,29014264,2217,798
1048576,131072,t,9972008737,504407101,504397407,49183937,2116488,2115945
1048576,131072,n,9970317327,504391542,504380088,57535025,4497,2928
1048576,262144,t,9967374104,504434172,504423625,96724436,4243750,4243241
1048576,262144,n,9968246697,504389974,504378821,113191053,8963,7977
1048576,524288,t,9990469902,504465137,504455163,190840016,8479828,8479389
1048576,524288,n,9978650440,504390946,504381744,223059086,18071,17931
1048576,1048576,t,10015633315,504445889,504435954,378432333,16890017,16888903
1048576,1048576,n,10032145845,504327453,504313272,450096658,34220,33898
1048576,1572864,t,10034715640,504451324,504442174,564782598,25281583,25280167
1048576,1572864,n,10044680105,504382476,504372682,674088589,50761,50513
1572864,16,t,9962528047,504376332,504366252,8616,310,293
1572864,16,n,9959986309,504389376,504379385,10955,72,49
1572864,128,t,9962271327,504391895,504381885,51042,2117,2080
1572864,128,n,9964793915,504389971,504379896,58998,64,46
1572864,512,t,9968402769,504387360,504376845,205356,8301,8234
1572864,512,n,9962463400,504391993,504381638,238045,68,40
1572864,1024,t,9962656352,504392149,504381850,419258,16518,16422
1572864,1024,n,9959656210,504388146,504377719,467991,106,44
1572864,2048,t,9959733981,504391490,504381199,849700,33722,33600
1572864,2048,n,9973109194,504393275,504382628,921738,125,39
1572864,3072,t,9961582915,504390958,504380654,1233738,49414,49236
1572864,3072,n,9974468648,504395940,504385429,1377417,154,43
1572864,4096,t,9973903450,504386072,504375894,1626076,66076,65884
1572864,4096,n,9959742635,504378860,504368400,1842410,192,41
1572864,5120,t,9972645097,504386004,504376698,1991076,82823,82574
1572864,5120,n,9972909628,504396325,504386722,2295701,227,47
1572864,6144,t,9968832669,504386036,504375914,2454514,99451,99172
1572864,6144,n,9964511644,504399316,504389496,2834478,257,32
1572864,7168,t,9973629449,504386989,504376992,2878735,115155,114830
1572864,7168,n,9962268932,504387173,504377512,3221518,287,46
1572864,8192,t,9973290367,504387711,504377913,3353081,132339,131998
1572864,8192,n,9958456486,504338969,504325003,3680145,340,53
1572864,12288,t,9951087977,504395154,504385008,4940685,199981,199517
1572864,12288,n,9973986199,504392253,504383188,5513320,466,45
1572864,16384,t,9960578910,504396014,504386066,6528066,266482,265877
1572864,16384,n,9950427364,504383088,504374123,7400091,608,48
1572864,32768,t,9955028155,504397177,504387843,13288812,529438,528406
1572864,32768,n,9961736008,504391121,504381524,14865294,1122,102
1572864,65536,t,9964396998,504397970,504388448,25518377,1061265,1059393
1572864,65536,n,9962535449,504390196,504380545,29208717,2159,70
1572864,131072,t,9966992998,504411297,504401905,49705125,2123152,2122588
1572864,131072,n,9956331420,504389804,504379791,57514927,4331,1091
1572864,262144,t,9971198584,504429258,504418041,96836930,4239687,4239165
1572864,262144,n,9985244558,504391006,504381598,112930534,8848,5560
1572864,524288,t,9974513322,504436296,504427241,191620704,8450589,8449760
1572864,524288,n,9997896220,504389908,504379589,224381222,17643,14327
1572864,1048576,t,9995782002,504449371,504440514,378221503,16863312,16862743
1572864,1048576,n,10007015884,504389491,504380482,447294238,35653,33618
1572864,1572864,t,10032529365,504463784,504454838,564440515,25300898,25300025
1572864,1572864,n,10035651641,504386048,504376687,672664413,50808,50521
