16,16,t,648308204,334,257,8254,316,288
16,16,n,644924442,928,863,9452,54,36
16,128,t,641328311,439,319,50573,2123,2085
16,128,n,733624739,667,565,55916,64,38
16,512,t,637734723,516,431,190428,8330,8259
16,512,n,716084465,1019,898,210785,63,40
16,1024,t,648149993,696,629,371913,16618,16520
16,1024,n,649822310,801,551,421039,87,40
16,2048,t,645669137,672,598,691153,33010,32926
16,2048,n,648446092,395,303,856653,117,69
16,3072,t,645015678,716,648,1025496,49413,49253
16,3072,n,642722523,372,310,1272490,162,36
16,4096,t,642060060,738,644,1368331,65892,65682
16,4096,n,646583673,640,557,1702507,193,92
16,5120,t,618123182,561,474,1707152,82260,82004
16,5120,n,639370844,511,448,2134000,240,131
16,6144,t,641592414,943,840,2024028,98785,98474
16,6144,n,645515723,551,477,2587563,264,132
16,7168,t,648122518,856,790,2355563,115196,114878
16,7168,n,766759313,851,750,2963802,302,139
16,8192,t,643862201,763,671,2699150,131553,131215
16,8192,n,644571989,447,372,3403657,317,176
16,12288,t,642274406,1122,1006,4030883,197327,196863
16,12288,n,767021031,463,385,5110838,452,200
16,16384,t,770089129,1277,1192,5380410,263050,262434
16,16384,n,641423166,1141,1058,6746959,613,56
16,32768,t,763249978,2357,2288,10674172,526040,524966
16,32768,n,638025136,599,522,13538546,1134,563
16,65536,t,757840466,3204,3105,21352511,1051617,1049684
16,65536,n,637018847,583,516,26751062,2155,182
16,131072,t,767724635,5125,5010,42698549,2102936,2099523
16,131072,n,642337864,519,410,53457643,4237,1995
16,262144,t,766280827,9433,9351,85247167,4205855,4202459
16,262144,n,639216126,423,339,106643142,8362,2545
16,524288,t,753925623,16072,15962,169284295,8410734,8407292
16,524288,n,638066533,897,813,213096093,16668,6887
16,1048576,t,677990879,30668,30576,337309671,16821675,16819118
16,1048576,n,643540969,1006,915,425796129,33111,22224
16,1572864,t,751692682,45021,44916,504916782,25231901,25230652
16,1572864,n,650395755,382,256,638919289,49414,428
128,16,t,1091235379,10837,2048,7856,298,288
128,16,n,1091088407,22055,6966,8721,71,38
128,128,t,1091202328,8087,4095,48209,2119,2084
128,128,n,1091208472,4515,3465,54691,49,33
128,512,t,1091134762,5277,3298,185724,8302,8223
128,512,n,1091215433,15790,4096,218023,85,40
128,1024,t,1462996156,140838313,2363,370725,16502,16431
128,1024,n,1091274048,21963,3335,426460,79,58
128,2048,t,1091196672,21836,2255,706460,32951,32814
128,2048,n,1091237648,9235,4714,855736,121,60
128,3072,t,1091209373,5644,2268,1036630,49350,49188
128,3072,n,1091184330,4662,3670,1275162,170,45
128,4096,t,1091036918,5145,2056,1367323,65797,65571
128,4096,n,1091316214,21463,4110,1688387,205,101
128,5120,t,1091175765,2889,2096,1699931,82218,81967
128,5120,n,1091117849,6565,3314,2134056,215,88
128,6144,t,1091018997,3395,2050,2033412,98635,98366
128,6144,n,1091063907,7380,3562,2562232,271,97
128,7168,t,1091090136,3357,2128,2335055,115049,114730
128,7168,n,1456296144,138650862,2596,2967262,321,85
128,8192,t,1091077343,16987,2284,2685751,131462,131124
128,8192,n,1090830837,6736,3338,3413438,350,185
128,12288,t,1091040529,4104,2087,4027237,197122,196649
128,12288,n,1091040273,5286,4042,5104699,460,184
128,16384,t,1091064947,6644,2111,5359649,262824,262239
128,16384,n,1091278835,8698,4452,6747463,614,161
128,32768,t,1090965832,15328,2374,10668938,525477,524476
128,32768,n,1091137051,6187,2842,13529688,1106,125
128,65536,t,1090885025,3751,2764,21388876,1050819,1048849
128,65536,n,1091110942,5469,4371,26787473,2194,930
128,131072,t,1091378209,39942,4112,42698693,2101585,2098274
128,131072,n,1091270223,9599,6326,53493862,4236,740
128,262144,t,1091304809,6921,5614,85119226,4203227,4199993
128,262144,n,1091207061,19226,4800,106617591,8356,1177
128,524288,t,1091356420,22597,4956,168934964,8406441,8403957
128,524288,n,1091231223,13415,9190,213003080,16563,8206
128,1048576,t,1091387063,7852,5765,336715986,16812988,16810179
128,1048576,n,1091121974,7158,4062,425724544,32979,19754
128,1572864,t,1091602570,24997,9651,504682246,25219579,25217742
128,1572864,n,1091227882,3419,2048,638699424,49396,410
512,16,t,2397018297,503317595,8370,8138,317,290
512,16,n,2318233748,471887850,27741,8718,65,35
512,128,t,2397362067,503316121,26449,51684,2118,2088
512,128,n,2397392241,503316473,29794,54310,62,32
512,512,t,2397245784,503317302,21985,196193,8306,8226
512,512,n,2397349040,503315171,29880,216230,67,31
512,1024,t,2397138351,503317430,17754,373282,16527,16422
512,1024,n,2397306824,503316836,26815,422079,80,34
512,2048,t,2397126456,503317366,13966,704065,32941,32799
512,2048,n,2317484377,471873449,30778,852936,117,49
512,3072,t,2326978315,475600135,10023,1028246,49361,49186
512,3072,n,2397341702,503316990,28560,1290278,151,57
512,4096,t,2397016810,503317551,10176,1382070,65800,65573
512,4096,n,2397349760,503317062,30423,1709740,193,75
512,5120,t,2396446475,503120254,9977,1701775,82218,81957
512,5120,n,2397297990,503317398,24537,2168345,243,100
512,6144,t,2397046362,503313895,10074,2018144,98630,98337
512,6144,n,2397309403,503316431,26615,2547705,279,135
512,7168,t,2397022668,503316792,11647,2350524,115052,114733
512,7168,n,2397428429,503315186,33507,2979606,297,168
512,8192,t,2397036989,503317559,9891,2685568,131490,131116
512,8192,n,2397358411,503316917,27928,3410850,330,104
512,12288,t,2397080974,503317471,12066,4012734,197144,196641
512,12288,n,2397447627,503316410,32476,5105555,455,38
512,16384,t,2397118795,503317620,14145,5357167,262808,262243
512,16384,n,2397383746,503315798,30364,6752896,597,69
512,32768,t,2397135566,503317530,13866,10667119,525500,524353
512,32768,n,2397354822,503316950,26290,13526645,1122,102
512,65536,t,2397330814,503317586,20116,21352327,1050852,1048875
512,65536,n,2397569431,503313000,35363,26766166,2161,277
512,131072,t,2397744600,503315837,39862,42630063,2101594,2098852
512,131072,n,2397626260,503313771,35390,53503081,4246,1451
512,262144,t,2398115571,503317120,46290,85057172,4203223,4199896
512,262144,n,2397941924,503315249,41896,106614215,8362,1655
512,524288,t,2398756064,503315236,55754,169129382,8406388,8403771
512,524288,n,2398381939,503313522,52684,213140915,16548,6344
512,1048576,t,2399542170,503315309,45112,337217611,16812853,16810576
512,1048576,n,2398988567,503315053,48211,426057114,32960,6902
512,1572864,t,2399990520,503120638,43078,504037658,25219508,25217687
512,1572864,n,2398917743,503316775,8350,638958503,49401,388
1024,16,t,2397167451,503317283,17002,7885,318,289
1024,16,n,2397157081,503317283,16836,8057,49,34
1024,128,t,2397504349,503317284,38165,52338,2122,2086
1024,128,n,2398496092,503317296,93534,53998,62,36
1024,512,t,2398373781,503317272,86593,193052,8323,8227
1024,512,n,2398528543,503317288,98048,210870,75,33
1024,1024,t,2397949227,503317279,59737,367113,16507,16420
1024,1024,n,2398650701,503317274,102719,427157,88,37
1024,2048,t,2397660152,503317261,44512,705391,32930,32807
1024,2048,n,2398701209,503317284,107016,851209,124,60
1024,3072,t,2397318201,503317287,26579,1038043,49350,49197
1024,3072,n,2398636440,503317262,103410,1278925,153,72
1024,4096,t,2397337331,503317316,29726,1367706,65786,65585
1024,4096,n,2398480483,503317336,89913,1718443,225,112
1024,5120,t,2397329386,503317287,26504,1699623,82212,81958
1024,5120,n,2398762247,503317268,111070,2143383,243,116
1024,6144,t,2397331612,503317290,25738,2024208,98625,98347
1024,6144,n,2398649996,503317271,104301,2550794,268,159
1024,7168,t,2397298452,503317274,24264,2364632,115043,114730
1024,7168,n,2398867388,503317297,117863,2983608,284,104
1024,8192,t,2397374955,503317313,29664,2702640,131473,131111
1024,8192,n,2398730604,503317338,106240,3412638,334,225
1024,12288,t,2397444109,503317287,33122,4019605,197136,196650
1024,12288,n,2398846856,503317306,113252,5108202,462,250
1024,16384,t,2397573481,503317288,37111,5363476,262797,262180
1024,16384,n,2398791052,503317269,110705,6734746,611,234
1024,32768,t,2397616493,503317315,38937,10672202,525502,524451
1024,32768,n,2398744635,503317275,105004,13518031,1123,117
1024,65536,t,2397916169,503317379,49313,21356744,1050854,1048960
1024,65536,n,2398967071,503317293,117211,26741810,2153,502
1024,131072,t,2398757011,503317315,93063,42674251,2101655,2099003
1024,131072,n,2399217631,503317284,126804,53487006,4239,206
1024,262144,t,2399708441,503317366,138486,83885137,4203224,4200395
1024,262144,n,2399476924,503317314,135880,106608791,8338,903
1024,524288,t,2399745399,503317345,121016,169115377,8406618,8404098
1024,524288,n,2399966304,503317311,141708,213157954,16554,5827
1024,1048576,t,2400981073,503317296,136553,336906899,16813098,16811754
1024,1048576,n,2400757524,503317174,150837,425589395,32990,20639
1024,1572864,t,2403087643,503317722,154976,504899294,25220484,25219077
1024,1572864,n,2399105010,503317259,16609,638997866,49385,1047
2048,16,t,2397429469,503317208,33980,8190,310,289
2048,16,n,2397632664,503317195,45447,8594,43,31
2048,128,t,2397494917,503317211,34073,54311,2116,2086
2048,128,n,2398830932,503317218,119860,56229,58,32
2048,512,t,2398728299,503317136,113520,189975,8282,8229
2048,512,n,2397490468,503317167,34120,211558,76,36
2048,1024,t,2398474272,503317224,102392,371569,16532,16424
2048,1024,n,2397920377,503317220,66479,429201,84,32
2048,2048,t,2398983159,503317160,122813,710868,32925,32793
2048,2048,n,2401046298,503317162,245952,865421,120,48
2048,3072,t,2398812088,503317228,111902,1048752,49376,49215
2048,3072,n,2399928054,503317190,192697,1267925,165,80
2048,4096,t,2398624767,503317183,100919,1376008,65806,65586
2048,4096,n,2400838623,503317188,240734,1713333,202,140
2048,5120,t,2398632480,503317191,101150,1707324,82223,81967
2048,5120,n,2399978570,503317174,197246,2135107,235,159
2048,6144,t,2397787025,503317179,61097,2031498,98645,98354
2048,6144,n,2401174310,503317207,250758,2595602,264,164
2048,7168,t,2398686396,503317180,101809,2386336,115070,114733
2048,7168,n,2400126027,503317215,201493,2976402,287,177
2048,8192,t,2398164584,503317161,80950,2687088,131467,131160
2048,8192,n,2399726373,503317214,180724,3409469,321,188
2048,12288,t,2397353683,503317224,33768,4053921,197140,196670
2048,12288,n,2398670509,503317206,112757,5101835,510,66
2048,16384,t,2398323288,503317100,89392,5381737,262793,262223
2048,16384,n,2399500217,503317154,162711,6780611,597,94
2048,32768,t,2398713298,503317184,111823,10702219,525470,524454
2048,32768,n,2400395368,503317163,217568,13499528,1109,131
2048,65536,t,2400228324,503317176,184316,21456132,1050888,1049302
2048,65536,n,2400983750,503317186,250734,26868975,2153,183
2048,131072,t,2399536035,503317208,152662,42612408,2101662,2099571
2048,131072,n,2401566193,503317184,278941,53500797,4234,615
2048,262144,t,2399592429,503317193,137671,84951386,4203293,4201349
2048,262144,n,2402887243,503317161,326743,106881129,8344,714
2048,524288,t,2400790490,503317195,178155,168954108,8406630,8404995
2048,524288,n,2403762290,503317255,356996,213317542,16563,5168
2048,1048576,t,2401859196,503317219,193197,336370339,16813046,16811122
2048,1048576,n,2400619713,503317187,147968,425593383,32977,19116
2048,1572864,t,2404278229,503318444,223739,505692234,25220664,25219387
2048,1572864,n,2399469354,503317177,34877,638929842,49410,5415
3072,16,t,2397745062,503317236,51713,7800,321,291
3072,16,n,2398158440,503317299,67944,9121,64,39
3072,128,t,2399585992,503317215,168878,51045,2121,2082
3072,128,n,2399483999,503317274,161527,55824,74,35
3072,512,t,2398976234,503318827,132009,193600,8309,8229
3072,512,n,2398518878,503318637,98181,213583,74,43
3072,1024,t,2398273652,503317258,86707,370966,16522,16420
3072,1024,n,2398732752,503317255,111156,425354,89,36
3072,2048,t,2398412459,503317212,98404,705347,32942,32828
3072,2048,n,2398098615,503317234,74289,848002,122,40
3072,3072,t,2398457658,503317265,95900,1046844,49375,49217
3072,3072,n,2398794641,503317278,115900,1264885,147,53
3072,4096,t,2398229800,503318814,83054,1368395,65790,65595
3072,4096,n,2397806580,503317237,53799,1699706,207,115
3072,5120,t,2397687957,503317187,52924,1706155,82210,81966
3072,5120,n,2399094918,503317337,137050,2132403,233,145
3072,6144,t,2398011083,503317250,68549,2052486,98645,98451
3072,6144,n,2397848742,503317284,56425,2557435,270,174
3072,7168,t,2397717689,503317199,52639,2389588,115072,114780
3072,7168,n,2397893637,503318697,55899,2983454,296,192
3072,8192,t,2397800746,503318785,53618,2706230,131462,131152
3072,8192,n,2397866206,503317438,55409,3419439,331,188
3072,12288,t,2397786437,503317245,54285,4046529,197165,196729
3072,12288,n,2398034162,503317356,67316,5079145,468,52
3072,16384,t,2397798477,503317287,52379,5387033,262801,262302
3072,16384,n,2398292950,503317222,84777,6823071,586,247
3072,32768,t,2398449593,503317259,91565,10710716,525462,524559
3072,32768,n,2399912784,503318652,187035,13475310,1103,221
3072,65536,t,2399673025,503318752,163498,21357150,1050886,1049630
3072,65536,n,2400667754,503317533,230895,26833659,2165,505
3072,131072,t,2399706407,503317306,153499,42539342,2101762,2100609
3072,131072,n,2401115100,503317219,255721,53440379,4238,609
3072,262144,t,2400203602,503317270,168597,84929056,4203282,4201757
3072,262144,n,2400927368,503317276,228314,106645508,8359,2882
3072,524288,t,2400568301,503317238,156372,168664151,8406680,8405446
3072,524288,n,2401472635,503317242,240946,212994321,16562,7071
3072,1048576,t,2402284390,503317305,201079,336568963,16813175,16812078
3072,1048576,n,2401411865,503317567,186679,425766117,32976,22970
3072,1572864,t,2402909975,503317307,166069,503562206,25219740,25219109
3072,1572864,n,2399885935,503317276,56231,638861538,49424,15372
4096,16,t,2528928633,503399980,8456621,7599,304,282
4096,16,n,2659535438,503399899,16783550,8595,44,31
4096,128,t,2399234446,503399199,90608,51599,2134,2089
4096,128,n,2547678995,503399795,9441664,55979,52,36
4096,512,t,2675363768,503401397,17770300,197637,8305,8230
4096,512,n,2529139890,503398852,8453360,219975,82,37
4096,1024,t,2400158192,503397828,159126,372140,16502,16417
4096,1024,n,2398885601,503399253,77650,427913,95,44
4096,2048,t,2398917474,503397793,79322,703469,32928,32811
4096,2048,n,2399204561,503399005,90593,856875,134,53
4096,3072,t,2399808941,503398909,120988,1051539,49380,49214
4096,3072,n,2528375854,503401484,8430425,1284580,154,127
4096,4096,t,2528496857,503400229,8430246,1389853,65856,65637
4096,4096,n,2537783352,503400432,8939264,1709638,195,131
4096,5120,t,2398895122,503398980,77962,1719683,82227,82041
4096,5120,n,2398954246,503400422,77692,2125164,223,103
4096,6144,t,2398927788,503398879,80425,2056005,98679,98405
4096,6144,n,2532764430,503401485,8596742,2584395,272,173
4096,7168,t,2402227229,503399186,263318,2392082,115144,114883
4096,7168,n,2401714872,503400416,232043,2996490,297,193
4096,8192,t,2399140994,503397678,84091,2711675,131481,131318
4096,8192,n,2659881482,503402695,16832143,3441940,339,257
4096,12288,t,2398936013,503400411,75865,4089606,197191,196869
4096,12288,n,2400204910,503400462,151069,5117817,469,166
4096,16384,t,2403408466,503398996,341388,5444912,262895,262457
4096,16384,n,2550093328,503401964,9575598,6843089,595,364
4096,32768,t,2401642340,503400446,239595,10729038,525593,524893
4096,32768,n,2401342948,503400310,231055,13438967,1125,575
4096,65536,t,2402964089,503400418,313813,21408420,1051233,1050329
4096,65536,n,2548948767,503401693,9576903,26963164,2181,972
4096,131072,t,2539835283,503401639,9077352,42990533,2102130,2101116
4096,131072,n,2542134185,503401863,9191452,53880068,4261,1082
4096,262144,t,2402323894,503399227,233764,84873358,4203358,4202475
4096,262144,n,2542710537,503401749,9127136,107296041,8401,3702
4096,524288,t,2403216716,503400500,246915,168735184,8406790,8405808
4096,524288,n,2403534838,503400436,314950,212803833,16640,7631
4096,1048576,t,2404589075,503399292,272273,336971808,16813068,16812243
4096,1048576,n,2538647654,503401515,8576095,428183012,33117,24432
4096,1572864,t,2421250092,503401686,987284,507680305,25227976,25227092
4096,1572864,n,2421917502,503400354,817720,639324418,49877,26652
5120,16,t,2840279756,504308325,28043160,8052,316,300
5120,16,n,2513018476,504308072,6825579,8865,71,47
5120,128,t,2849148443,504308463,27879313,66202,2151,2123
5120,128,n,2620192305,504308175,13621458,58513,77,44
5120,512,t,3001285039,504308557,36115060,195403,8325,8277
5120,512,n,2936679055,504308498,34461167,218651,83,58
5120,1024,t,2624796507,504308356,13872717,377219,16513,16442
5120,1024,n,3092688084,504308768,40862730,443309,105,71
5120,2048,t,2769106553,504308309,22924467,724801,32940,32841
5120,2048,n,2939296655,504308464,34311797,887856,114,79
5120,3072,t,2849450089,504308341,28430541,1089721,49419,49300
5120,3072,n,2741998808,504308307,21785038,1318016,147,86
5120,4096,t,2970696062,504308505,36732858,1448655,65823,65620
5120,4096,n,2743401080,504308324,21179026,1764462,214,174
5120,5120,t,3053040309,504308604,41502617,1817006,82310,82160
5120,5120,n,2726566519,504308435,20751813,2177480,223,142
5120,6144,t,2620322154,504308175,13654875,2101233,98706,98530
5120,6144,n,2650104470,504308478,15460234,2616943,278,157
5120,7168,t,2963353549,504308486,35672074,2480476,115181,114944
5120,7168,n,3197365738,504308932,43150052,3083077,300,162
5120,8192,t,2991138367,504308914,37142826,2829974,131728,131529
5120,8192,n,2856277622,504308436,29376008,3500330,329,183
5120,12288,t,2941180072,504308465,35021131,4223558,197304,196995
5120,12288,n,2750086168,504308352,21786010,5190930,470,181
5120,16384,t,2647164586,504308477,15293082,5535334,263033,262753
5120,16384,n,2845359543,504308381,28567511,6926154,595,260
5120,32768,t,2738114379,504308365,21055189,11046914,526043,525694
5120,32768,n,2964682836,504308558,36060665,13732472,1164,566
5120,65536,t,2963845320,504308563,35797038,22126061,1051808,1051388
5120,65536,n,2845735924,504308418,27970908,27312315,2182,1177
5120,131072,t,2962962665,504308685,35776458,43939917,2103275,2102734
5120,131072,n,2850159686,504308363,28629867,54328543,4243,2575
5120,262144,t,2640608777,504308184,14929008,86164940,4204675,4203898
5120,262144,n,2942597361,504308520,34512001,108769521,8547,4300
5120,524288,t,2727095866,504308404,15981439,172532984,8412725,8412230
5120,524288,n,3227890293,504308721,52640951,218962196,17081,11056
5120,1048576,t,2905126107,504308526,31382583,348054235,16826650,16826183
5120,1048576,n,3126165945,504308815,46309841,435727962,33661,26160
5120,1572864,t,3123608798,504311938,44766469,524710993,25241586,25240497
5120,1572864,n,2854053390,504308401,27863943,649695243,49511,37543
6144,16,t,3477582273,504308157,69808488,8317,312,299
6144,16,n,3240437349,504307776,53286821,10270,56,50
6144,128,t,3885509333,504308535,95914878,52991,2140,2097
6144,128,n,3811597326,504308631,90565682,59580,55,41
6144,512,t,3379850603,504308078,62897625,209013,8309,8228
6144,512,n,3892632232,504308567,93021644,219234,69,48
6144,1024,t,3541492851,504308247,73626754,427554,16519,16422
6144,1024,n,3865122093,504308553,94863740,439431,102,65
6144,2048,t,3903702358,504308532,96436681,841875,32933,32871
6144,2048,n,4097262182,504308805,106479727,898722,122,59
6144,3072,t,3931456918,504308688,95296144,1274933,49369,49328
6144,3072,n,3716254224,504308398,83753222,1347193,168,136
6144,4096,t,3715566477,504308383,83983422,1657415,65802,65765
6144,4096,n,3604364482,504308271,74140122,1793720,187,150
6144,5120,t,3879192144,504308675,93103903,2009282,82271,82170
6144,5120,n,3604623721,504308291,75480132,2216987,238,109
6144,6144,t,3419886807,504307934,62129568,2425270,98653,98633
6144,6144,n,3611585411,504308304,77098673,2777393,337,294
6144,7168,t,3767393017,504308285,84363305,2787228,115078,115051
6144,7168,n,3325809044,504308046,59630264,3103168,324,217
6144,8192,t,3540702880,504308241,73184861,2908201,131609,131414
6144,8192,n,3515833407,504308340,72006634,3582343,360,294
6144,12288,t,3405072307,504308112,65003322,4634961,197147,197074
6144,12288,n,3439784903,504308149,67264340,5283848,464,59
6144,16384,t,3319740964,504308038,58159152,6227647,262841,262746
6144,16384,n,3781019321,504308464,86002061,7156638,628,202
6144,32768,t,3855361332,504308529,91119037,11764095,526416,526348
6144,32768,n,3465266775,504308267,68722139,14010251,1137,525
6144,65536,t,3501545856,504308074,71171067,23335512,1052059,1051989
6144,65536,n,3741500575,504308392,83531530,27925360,2215,1147
6144,131072,t,3433675671,504308152,66835397,44944419,2104193,2103807
6144,131072,n,3596550315,504308521,74269893,55920365,5193,3946
6144,262144,t,3620944389,504308264,77551071,89768580,4208244,4208095
6144,262144,n,3464409359,504308190,68330465,110512436,8677,5429
6144,524288,t,3417148302,504307960,64928203,177924644,8417810,8417379
6144,524288,n,3880387093,504308560,89312402,221906667,16779,13118
6144,1048576,t,3774315609,504308864,85958650,370376551,16825558,16825017
6144,1048576,n,3529763268,504308274,68403816,443419679,39078,34268
6144,1572864,t,3408424223,504308158,63011539,532164293,25251049,25250431
6144,1572864,n,3603136266,504308323,74799932,662292076,50667,43627
7168,16,t,4839488405,504243324,159364343,7966,339,310
7168,16,n,4650922846,504243022,143308449,9576,47,40
7168,128,t,4943922885,504243709,160545611,54443,2112,2087
7168,128,n,5055649292,504243343,167607439,56139,60,34
7168,512,t,4636474279,504243233,145184632,218943,8300,8237
7168,512,n,4571487107,504243147,139974433,223264,71,59
7168,1024,t,4901842697,504243156,161141486,419126,16499,16420
7168,1024,n,4631857425,504242935,140031865,442168,86,68
7168,2048,t,5033472446,504243368,171573971,830541,32937,32887
7168,2048,n,5318250617,504243642,188213538,890280,116,108
7168,3072,t,5193935130,504243722,179045153,1256486,49385,49301
7168,3072,n,3278808522,504241939,56261549,1342278,162,90
7168,4096,t,5143003000,504243892,175450707,1610108,65788,65732
7168,4096,n,5220314945,504243504,182624230,1855004,218,180
7168,5120,t,4687695274,504245634,146329264,2012612,82271,82261
7168,5120,n,5090032948,504243374,170081319,2241881,307,161
7168,6144,t,4603388567,504243461,142884469,2394541,98686,98672
7168,6144,n,4723251455,504246589,147018926,2766182,294,228
7168,7168,t,4325314158,504245855,124621196,2762886,115111,115084
7168,7168,n,4743587456,504246725,149560828,3187987,344,319
7168,8192,t,4891893707,504246755,160232209,3145236,131519,131474
7168,8192,n,4614615676,504245792,142672384,3646803,377,340
7168,12288,t,4938823605,504246734,162745958,4590087,197158,197123
7168,12288,n,3003993749,504243172,37580588,5428986,513,420
7168,16384,t,4587005221,504246071,142144732,6125097,262833,262822
7168,16384,n,4611757042,504246106,140351467,7255858,630,485
7168,32768,t,4712809273,504246140,144219047,11962259,525956,525898
7168,32768,n,4835217115,504246420,156036920,14358424,1178,608
7168,65536,t,5084885561,504243353,170122497,23583947,1052422,1052339
7168,65536,n,4670861563,504242967,145419267,28480898,2477,2005
7168,131072,t,4354476296,504245575,124882208,46107430,2105565,2105447
7168,131072,n,5102400965,504247284,170908616,57031501,4408,3734
7168,262144,t,5165353944,504247178,177340134,92862387,4211921,4211708
7168,262144,n,4790095242,504246939,153189820,112617447,9009,8140
7168,524288,t,5035384257,504246796,166085500,184387507,8422688,8422344
7168,524288,n,5232152837,504247082,180824554,224686179,17633,14907
7168,1048576,t,5051498486,504246700,167296276,364952300,16841940,16841606
7168,1048576,n,4847505655,504246203,152460874,447301148,33569,31419
7168,1572864,t,5345764540,504248163,184388008,553482793,25265032,25264109
7168,1572864,n,5152740993,504246156,174992105,672340924,50672,47838
8192,16,t,3406260784,504310838,61521680,8548,315,300
8192,16,n,3488730101,504308821,69360102,9277,57,43
8192,128,t,3412068152,504308352,65075751,60370,2115,2087
8192,128,n,6378832571,504312428,256578844,66282,61,37
8192,512,t,6629540802,504312922,274650160,202545,8301,8237
8192,512,n,6588745525,504313388,268359019,225019,80,51
8192,1024,t,3477101935,504312160,68158101,398197,16517,16450
8192,1024,n,3490518015,504310043,68796789,491903,95,58
8192,2048,t,3428589358,504309069,64929562,954545,32979,32809
8192,2048,n,3444043648,504311708,64911841,900579,137,39
8192,3072,t,3399353309,504308840,64129439,1381276,49350,49191
8192,3072,n,3498839536,504308004,68834375,1518894,160,70
8192,4096,t,3345859022,504309808,59677165,1940458,65774,65601
8192,4096,n,3451676421,504309123,67065206,1848386,206,134
8192,5120,t,3444537571,504308607,66034874,2316335,82248,82079
8192,5120,n,6434600179,504312565,260927726,2553387,259,227
8192,6144,t,6351838939,504312465,254891449,2367962,98660,98650
8192,6144,n,3446033350,504308689,66279704,2772018,388,356
8192,7168,t,6808206537,504313134,284298985,2899925,115410,115306
8192,7168,n,3479271274,504307546,68881309,3237607,336,327
8192,8192,t,3469627127,504308600,67325295,3296125,131512,131459
8192,8192,n,6594972191,504313180,270414528,4077721,415,290
8192,12288,t,3438873167,504312185,64734575,4565583,197210,197192
8192,12288,n,6887530570,504313592,290705814,5791198,520,385
8192,16384,t,3566198091,504309460,74439152,6091530,262846,262834
8192,16384,n,3411511583,504307389,65324224,7686338,640,250
8192,32768,t,6213868813,504309970,248334556,12220909,525857,525745
8192,32768,n,3494038935,504307575,69738203,14821653,1242,600
8192,65536,t,3401940869,504307517,63942146,24094090,1052350,1052261
8192,65536,n,3525778035,504308729,70763146,29056749,2225,1668
8192,131072,t,3484526478,504313181,69883935,46684890,2107051,2106640
8192,131072,n,6575377484,504310459,270971786,57521046,4370,3979
8192,262144,t,6229552273,504312343,249409763,93782088,4211841,4211695
8192,262144,n,3552940447,504308857,72682700,111313165,8693,7045
8192,524288,t,3508204904,504324860,70513558,181238309,8422603,8421992
8192,524288,n,6363354601,504310125,257129259,225117427,16877,15565
8192,1048576,t,6440689904,504312768,258492335,374410205,16848265,16847870
8192,1048576,n,3462229611,504307571,65752018,442801431,34069,32515
8192,1572864,t,3504325077,504341596,68603124,537550134,25257518,25257141
8192,1572864,n,3455614791,504307508,65877357,661571370,50572,49156
12288,16,t,5364585252,504313644,197321825,9278,316,302
12288,16,n,5359129351,504314132,197313560,9108,64,46
12288,128,t,5375935782,504315720,198601178,52539,2115,2088
12288,128,n,5362227222,504312727,197839314,58308,61,40
12288,512,t,5385060212,504312376,198054428,218379,8305,8230
12288,512,n,5371616982,504313593,198060549,225933,68,37
12288,1024,t,5358732528,504311043,197966497,447161,16514,16419
12288,1024,n,5362093545,504313809,197975696,455925,100,37
12288,2048,t,5386644457,504311801,199058807,903087,32932,32813
12288,2048,n,5361194609,504316017,196962232,914593,127,39
12288,3072,t,5395167674,504313422,200080756,1375231,49351,49187
12288,3072,n,5376386915,504312965,198069289,1353154,151,41
12288,4096,t,5400689516,504317372,200560476,1533233,65812,65755
12288,4096,n,5415800136,504317381,198498559,1865810,195,46
12288,5120,t,5384852572,504311552,198263343,2321758,82263,82095
12288,5120,n,5407091565,504316893,199372068,2334189,236,191
12288,6144,t,5401763792,504313558,199323511,2750094,98656,98549
12288,6144,n,5405381113,504310775,198958322,3043526,277,98
12288,7168,t,5392043661,504313377,198546328,3056158,115090,114989
12288,7168,n,5410685089,504318486,199264985,3397689,333,250
12288,8192,t,5380943854,504313021,198564120,3331091,131480,131395
12288,8192,n,5372849610,504310885,197529248,3857712,348,114
12288,12288,t,5402343894,504312124,199318317,4921256,197171,197035
12288,12288,n,5363704575,504311541,196640211,5832140,539,179
12288,16384,t,5397599046,504319211,198054877,6489795,262869,262773
12288,16384,n,5392965128,504315578,198710535,7813967,668,507
12288,32768,t,5414826591,504311458,200471048,12306026,525545,525451
12288,32768,n,5420756351,504321807,199890561,14859012,1205,963
12288,65536,t,5424869706,504315010,201207081,24134373,1050880,1050798
12288,65536,n,5386983071,504313903,198051351,29152350,2284,2178
12288,131072,t,5426679002,504326312,199969786,47817406,2101595,2101438
12288,131072,n,5398105145,504313417,198495537,57241444,4401,4145
12288,262144,t,5472483652,504317740,202233396,94281974,4203047,4202847
12288,262144,n,5401468218,504315431,198213786,112845009,8672,8389
12288,524288,t,5497774772,504313619,204066072,189052687,8405874,8405515
12288,524288,n,5419295994,504328243,197797188,223106465,17205,17015
12288,1048576,t,5598618130,504313276,209178756,377976776,16812266,16811373
12288,1048576,n,5445845800,504320870,198307361,442496711,34538,34407
12288,1572864,t,5484282132,504437545,201464904,563301290,25319388,25318390
12288,1572864,n,5451357430,504313675,199176630,662187330,51326,51169
16384,16,t,6587334144,504316668,280686300,8345,304,298
16384,16,n,6582187780,504317894,280700537,9925,53,37
16384,128,t,6594075754,504328126,279896975,55980,2123,2084
16384,128,n,6585257592,504318778,280276531,60055,47,34
16384,512,t,6590463690,504321881,280549502,211355,8298,8228
16384,512,n,6594985475,504317123,280187181,228442,83,38
16384,1024,t,6590802384,504331969,280545485,424357,16532,16416
16384,1024,n,6620228868,504331357,281166343,477728,81,52
16384,2048,t,6590024993,504324078,280536020,910110,32933,32826
16384,2048,n,6593123674,504325112,280693836,916800,123,98
16384,3072,t,6584591906,504322421,280354580,1353471,49354,49188
16384,3072,n,6576442505,504316968,280035535,1400903,149,42
16384,4096,t,6575684501,504317973,280257425,1822649,65778,65575
16384,4096,n,6589291210,504318958,280314967,1996721,198,41
16384,5120,t,6600651687,504323064,280766008,2256755,82214,81985
16384,5120,n,6588769620,504320088,280742792,2312228,251,224
16384,6144,t,6586997565,504323446,280698042,2462719,98665,98579
16384,6144,n,6594507232,504319571,280618076,2769821,304,285
16384,7168,t,6586827783,504325188,280557547,3079441,115050,114821
16384,7168,n,6571738857,504313068,280105719,3334600,313,53
16384,8192,t,6593754966,504323658,281168105,3355983,131520,131412
16384,8192,n,6587628019,504315949,280890239,3891474,323,58
16384,12288,t,6596137212,504328248,281116038,5144712,197227,196980
16384,12288,n,6605338294,504316235,281782850,5744865,485,250
16384,16384,t,6605321588,504321569,281118792,6644629,262867,262622
16384,16384,n,6600351969,504330450,280284910,7374844,608,65
16384,32768,t,6599318224,504326054,281027146,12581513,525498,525297
16384,32768,n,6586844055,504325023,280261481,14848123,1180,502
16384,65536,t,6603350742,504322145,281443577,23914246,1050915,1050790
16384,65536,n,6592743939,504316670,280195984,28650299,2196,801
16384,131072,t,6596395806,504318463,281398334,47997122,2101971,2101696
16384,131072,n,6612182188,504326784,281859170,57119921,4307,2854
16384,262144,t,6627088561,504330128,282577903,94713043,4203507,4203284
16384,262144,n,6594435885,504325354,280473228,112804530,8532,7170
16384,524288,t,6675259499,504324974,284412941,188806688,8405894,8405505
16384,524288,n,6599275464,504327653,280385489,223495114,16991,15883
16384,1048576,t,6642883992,504435643,282045526,379737245,16902295,16901016
16384,1048576,n,6629723959,504324429,280207773,444707243,34019,33884
16384,1572864,t,6836985025,504319336,291773377,565261717,25218226,25217160
16384,1572864,n,6662895277,504328546,280799136,665493813,51410,51271
32768,16,t,8481871742,504348898,406633433,7292,299,291
32768,16,n,8491847392,504349886,406374271,8881,48,33
32768,128,t,8476105077,504354768,406520259,50642,2129,2084
32768,128,n,8486280084,504363695,406538193,57670,61,33
32768,512,t,8479270015,504352951,406368287,208026,8309,8234
32768,512,n,8487366916,504349968,406669922,228246,77,39
32768,1024,t,8473251355,504356125,406382301,445651,16504,16417
32768,1024,n,8480067154,504352000,406373220,458550,82,31
32768,2048,t,8482018733,504351237,406441059,889242,32947,32805
32768,2048,n,8473868577,504348024,406531485,892005,117,30
32768,3072,t,8481853233,504350306,406583032,1351635,49367,49187
32768,3072,n,8477898841,504343480,406480216,1352894,147,35
32768,4096,t,8469650783,504350923,406475180,1790672,65786,65580
32768,4096,n,8480532257,504346115,406424548,1794375,190,42
32768,5120,t,8485553380,504354158,406798112,2259652,82216,81977
32768,5120,n,8481351919,504349950,406434594,2239429,227,31
32768,6144,t,8478483359,504353137,406378908,2699364,98626,98356
32768,6144,n,8480995487,504349256,406433624,2733629,259,41
32768,7168,t,8483139755,504344537,406588532,3116755,115044,114792
32768,7168,n,8483622312,504364499,406416909,3167987,305,41
32768,8192,t,8479445837,504351114,406589281,3534132,131492,131225
32768,8192,n,8479650001,504363865,406482925,3625505,322,67
32768,12288,t,8487365277,504350788,406887672,5167878,197141,196897
32768,12288,n,8474750177,504355271,406530254,5424331,460,69
32768,16384,t,8488110406,504346964,406611362,6695402,262844,262571
32768,16384,n,8488241819,504365258,406399222,7219526,595,47
32768,32768,t,8479608713,504344027,406609935,12677721,525526,525260
32768,32768,n,8489875165,504358204,406733046,14893367,1212,451
32768,65536,t,8484710769,504351222,406879770,24321567,1050893,1050587
32768,65536,n,8492785663,504357128,406435644,28749192,2194,825
32768,131072,t,8503322219,504353348,407142211,47207895,2101624,2101542
32768,131072,n,8488028918,504349215,406519089,57142590,4314,2865
32768,262144,t,8497464004,504359239,407423920,94745320,4203967,4203687
32768,262144,n,8493439286,504360664,406447946,112690192,8480,7097
32768,524288,t,8537581944,504358798,408441674,188257164,8405903,8405517
32768,524288,n,8511617175,504356003,406568236,223658164,16875,15908
32768,1048576,t,8582772292,504362291,410136271,378007268,16814221,16812993
32768,1048576,n,8529549893,504362264,406771140,444642717,33458,33398
32768,1572864,t,8629271380,504352494,411874445,565645284,25218176,25216940
32768,1572864,n,8544264584,504354659,406917138,665133915,50132,50044
65536,16,t,9448430768,504380436,471000022,8184,321,297
65536,16,n,9435888278,504377207,470796102,8770,45,28
65536,128,t,9437152259,504373550,470973129,51485,2118,2082
65536,128,n,9442931130,504378641,471163952,58073,50,30
65536,512,t,9435701768,504385511,470727317,221584,8310,8226
65536,512,n,9425541412,504377611,470645532,225227,73,36
65536,1024,t,9440450777,504370729,470827565,463238,16512,16421
65536,1024,n,9442730204,504355931,470679876,457972,96,38
65536,2048,t,9435500425,504372188,470648251,903599,32927,32809
65536,2048,n,9438918810,504368532,470756487,902523,129,35
65536,3072,t,9447053386,504382226,470795461,1234463,49422,49260
65536,3072,n,9438568936,504374045,470670928,1353820,148,39
65536,4096,t,9445952935,504376578,470810883,1847597,65796,65586
65536,4096,n,9438889525,504376076,470663821,1810605,188,39
65536,5120,t,9440378170,504368638,470725917,2300740,82194,81956
65536,5120,n,9429310448,504373851,470673958,2276196,240,45
65536,6144,t,9432948125,504381111,470661019,2758813,98643,98374
65536,6144,n,9434637471,504378415,470973565,2727658,283,73
65536,7168,t,9442193621,504378356,470958723,3174647,115097,114788
65536,7168,n,9436499844,504373043,470792678,3201760,299,46
65536,8192,t,9438660477,504368816,470680124,3672197,131477,131248
65536,8192,n,9440202536,504384865,470863153,3673327,334,57
65536,12288,t,9446452605,504382367,470865836,5233238,197180,196858
65536,12288,n,9437912048,504385109,470649959,5396971,491,38
65536,16384,t,9427148560,504365867,470700285,6726322,262840,262588
65536,16384,n,9439417860,504368454,470694401,7271814,602,49
65536,32768,t,9430367797,504375334,470733800,12621110,525515,525193
65536,32768,n,9438294100,504370359,470621889,14544014,1112,87
65536,65536,t,9440950704,504374721,470816045,24435734,1050839,1050569
65536,65536,n,9441721865,504378956,470698027,28737285,2205,1187
65536,131072,t,9448016734,504394440,470946934,48682096,2110985,2109461
65536,131072,n,9444508619,504373107,470718172,57135973,4354,2531
65536,262144,t,9459018119,504379912,471318055,95723385,4211298,4209987
65536,262144,n,9458906146,504373873,471247924,112651966,8620,7191
65536,524288,t,9471810220,504384673,471544663,189771552,8415379,8413963
65536,524288,n,9450916933,504384227,470626442,223285702,16974,15953
65536,1048576,t,9506043677,504404341,472035851,378489612,16837301,16835761
65536,1048576,n,9487390185,504380161,470806015,444119362,33284,33230
65536,1572864,t,9533113102,504375507,472602113,564870640,25220174,25218980
65536,1572864,n,9517692343,504375606,470953977,666273582,49813,49765
131072,16,t,10007961735,504326119,504281197,8075,321,310
131072,16,n,10018828494,504326261,504281018,10178,49,43
131072,128,t,10004939196,504325464,504280058,48795,2137,2099
131072,128,n,10003554743,504325518,504280447,58140,59,44
131072,512,t,10011086599,504326585,504281917,185976,8288,8243
131072,512,n,10014684015,504325717,504280939,223416,88,62
131072,1024,t,10014714555,504325379,504279873,364498,16521,16467
131072,1024,n,10000505417,504325380,504281089,443084,87,72
131072,2048,t,10010427642,504325442,504280224,729354,32944,32864
131072,2048,n,10009054703,504325516,504280683,885199,137,116
131072,3072,t,10004206317,504325899,504280637,1131870,49355,49300
131072,3072,n,10009397083,504325960,504281127,1337744,162,143
131072,4096,t,10014735574,504325375,504280054,1536962,65814,65763
131072,4096,n,10004070705,504325344,504280687,1780075,200,178
131072,5120,t,10012659741,504325574,504281331,1874270,82267,82199
131072,5120,n,10013760851,504325586,504280560,2231656,247,226
131072,6144,t,10005509864,504326470,504280933,2297707,98697,98661
131072,6144,n,10009761603,504326365,504281393,2717592,284,277
131072,7168,t,10010292100,504325784,504279780,2666442,115105,115091
131072,7168,n,10023788083,504326566,504282293,3179254,329,320
131072,8192,t,10013206500,504325318,504280274,3055363,131508,131498
131072,8192,n,10022224551,504325822,504280245,3618393,394,380
131072,12288,t,10009293339,504327324,504282786,4540564,197158,197150
131072,12288,n,10019467931,504325599,504280416,5530119,572,567
131072,16384,t,10013691572,504326382,504281593,5949135,262852,262833
131072,16384,n,10013324197,504326056,504281695,7310668,705,699
131072,32768,t,10014593678,504326733,504282178,11863363,525538,525518
131072,32768,n,10012361805,504326732,504282682,14303083,1243,1206
131072,65536,t,10013151841,504325874,504281986,23688534,1050886,1050842
131072,65536,n,10017614386,504325394,504280277,28778140,2276,2269
131072,131072,t,10019167277,504337923,504292573,48731381,2112555,2111793
131072,131072,n,10011651288,504326292,504263719,57107080,4404,2397
131072,262144,t,10018177064,504327027,504281848,94796430,4203711,4203409
131072,262144,n,10019738564,504329037,504149468,112718894,8982,8108
131072,524288,t,10024074172,504333953,504288777,189900696,8411438,8410722
131072,524288,n,10043978940,504327314,504232212,223647948,17114,16172
131072,1048576,t,10048017402,504346549,504302180,378089213,16831438,16830356
131072,1048576,n,10061977752,504325460,504280303,448000902,34024,33917
131072,1572864,t,10073306472,504328844,504284786,564897979,25218543,25217415
131072,1572864,n,10088027397,504326787,504281897,670218443,50848,50719
262144,16,t,10017702071,504325758,504311395,7300,306,293
262144,16,n,10023514698,504325387,504311000,8764,51,37
262144,128,t,10006238918,504326366,504311946,48102,2115,2093
262144,128,n,10017439624,504325684,504313780,60011,56,45
262144,512,t,10016118299,504325618,504311275,179726,8281,8238
262144,512,n,10027946291,504326701,504312229,226144,66,55
262144,1024,t,10034449566,504326137,504311820,366203,16491,16448
262144,1024,n,10031996317,504325924,504311491,443815,85,73
262144,2048,t,10014968522,504325639,504311190,742090,32931,32878
262144,2048,n,10015727438,504325486,504311184,904928,111,101
262144,3072,t,10018122645,504325684,504311363,1104862,49367,49306
262144,3072,n,10019648479,504325423,504311228,1338537,167,150
262144,4096,t,10014156821,504325702,504311271,1473323,65774,65714
262144,4096,n,10020101539,504325951,504311649,1796947,211,179
262144,5120,t,10022769336,504325332,504311113,1897140,82237,82197
262144,5120,n,10018449466,504325405,504311256,2251789,250,241
262144,6144,t,10016569677,504325598,504311292,2285329,98677,98636
262144,6144,n,10018059613,504325595,504311371,2731740,268,256
262144,7168,t,10017603612,504325219,504310851,2668247,115074,115062
262144,7168,n,10028471046,504325323,504311141,3175339,341,329
262144,8192,t,10005483650,504326167,504311923,3029433,131508,131501
262144,8192,n,10026709212,504325263,504310941,3676144,389,381
262144,12288,t,10006798927,504325486,504311208,4532479,197187,197170
262144,12288,n,10015934671,504326056,504311703,5464269,554,546
262144,16384,t,10016166348,504325482,504311265,5940318,262837,262825
262144,16384,n,10026315938,504325214,504311029,7368328,695,697
262144,32768,t,10017265303,504325368,504311025,11806672,525535,525497
262144,32768,n,10007816484,504326358,504312029,14567844,1223,1199
262144,65536,t,10025846242,504326166,504311605,23709713,1050895,1050854
262144,65536,n,10029581561,504327109,504309572,28884072,2245,1254
262144,131072,t,10017248283,504342766,504327097,49209784,2116845,2115509
262144,131072,n,10023723698,504326506,504308132,57318631,4453,2708
262144,262144,t,10040287386,504332131,504317421,95344607,4203490,4203217
262144,262144,n,10036484323,504326996,504309760,112817852,8841,7656
262144,524288,t,10037071090,504367965,504352297,190790325,8447512,8446646
262144,524288,n,10035165455,504329014,504312293,223768017,17968,17213
262144,1048576,t,10056249815,504340269,504325953,377155247,16826647,16825576
262144,1048576,n,10056621673,504327119,504312500,447773127,33859,33730
262144,1572864,t,10086479599,504325878,504311303,564947961,25217005,25215884
262144,1572864,n,10071923799,504326228,504311952,670769951,50942,50759
524288,16,t,9991952404,504325395,504311102,10418,291,289
524288,16,n,9991782316,504325936,504311608,9527,53,40
524288,128,t,9989453619,504325645,504311396,56296,2107,2098
524288,128,n,9992061798,504325697,504311445,59912,43,35
524288,512,t,9991658304,504325865,504311603,189319,8312,8260
524288,512,n,9982702765,504325502,504311186,225919,71,62
524288,1024,t,9999846104,504325879,504311571,374314,16505,16449
524288,1024,n,9992297527,504325534,504311286,446147,93,80
524288,2048,t,9995463701,504325828,504311516,736535,32957,32884
524288,2048,n,9997029712,504326149,504311949,892590,119,102
524288,3072,t,9981988365,504325438,504311213,1115111,49386,49298
524288,3072,n,10000357253,504325400,504311293,1325478,155,143
524288,4096,t,10000031446,504325746,504311434,1516497,65795,65727
524288,4096,n,9991015543,504325338,504311155,1774765,193,176
524288,5120,t,9987539598,504325768,504311425,1886187,82282,82190
524288,5120,n,10000875504,504325196,504310997,2247436,241,228
524288,6144,t,9998681735,504325702,504311378,2284680,98657,98630
524288,6144,n,9990233026,504324916,504310839,2701454,301,284
524288,7168,t,9996300916,504325758,504311512,2670161,115079,115065
524288,7168,n,9984452393,504325234,504311054,3212842,326,316
524288,8192,t,10003613596,504325608,504311246,3038764,131511,131501
524288,8192,n,9985737352,504325765,504311570,3653196,370,351
524288,12288,t,10001195205,504326255,504311969,4488022,197158,197153
524288,12288,n,9991610821,504325299,504311079,5559850,556,551
524288,16384,t,9993785154,504326121,504311852,5989839,262870,262845
524288,16384,n,9991637856,504325283,504311175,7330812,676,672
524288,32768,t,9993575509,504325511,504311299,11831174,525515,525476
524288,32768,n,9993925555,504326490,504312183,14308151,1223,1219
524288,65536,t,9997670420,504326010,504311885,23593163,1050882,1050833
524288,65536,n,10000150944,504335235,504318349,28842468,2238,1244
524288,131072,t,10010109057,504329595,504315293,48245430,2102125,2101744
524288,131072,n,9996485907,504333804,504317635,57423226,4451,2550
524288,262144,t,10002456197,504349776,504334566,95966219,4221550,4221027
524288,262144,n,10003318989,504331390,504314780,113091342,8902,7524
524288,524288,t,10023767708,504380260,504364824,190417199,8459814,8459277
524288,524288,n,10014445644,504327968,504311070,224042864,17684,16907
524288,1048576,t,10035569383,504339544,504325360,378066060,16823414,16822112
524288,1048576,n,10040022828,504325521,504311181,448469657,33946,33851
524288,1572864,t,10054149588,504330202,504315807,565213527,25223484,25222224
524288,1572864,n,10068104618,504325531,504311183,671288456,50823,50672
1048576,16,t,9980231845,504326250,504312085,7755,307,298
1048576,16,n,9966039757,504383867,504374068,9106,57,39
1048576,128,t,9976119958,504339730,504325197,53992,2120,2082
1048576,128,n,9974082246,504383009,504373386,58107,62,47
1048576,512,t,9975830822,504381798,504371357,239583,8307,8236
1048576,512,n,9979791407,504345054,504331309,232932,67,42
1048576,1024,t,9973734565,504325183,504310983,376824,16506,16450
1048576,1024,n,9969745502,504384878,504374218,442926,80,73
1048576,2048,t,9967262790,504391180,504380363,1000532,32926,32811
1048576,2048,n,9955793478,504398847,504387687,927010,126,42
1048576,3072,t,9962059876,504392606,504382947,1503245,49375,49203
1048576,3072,n,9962927800,504397016,504387825,1369209,154,58
1048576,4096,t,9962784771,504392642,504382664,1990038,65806,65579
1048576,4096,n,9968172652,504354864,504343448,1834078,197,41
1048576,5120,t,9970104359,504385563,504376280,1929205,82233,82120
1048576,5120,n,9958030113,504360980,504348926,2332040,221,37
1048576,6144,t,9955367804,504391987,504383094,2282604,98682,98652
1048576,6144,n,9969593653,504396686,504386735,2784122,254,43
1048576,7168,t,9955061749,504392453,504382944,3351848,115078,114776
1048576,7168,n,9954315191,504383576,504373817,3224500,308,40
1048576,8192,t,9963334213,504391132,504381302,3773133,131506,131205
1048576,8192,n,9973082737,504340134,504325969,3703741,333,45
1048576,12288,t,9975586865,504325351,504311218,4506621,197204,197177
1048576,12288,n,9967729890,504375451,504365598,5539691,582,584
1048576,16384,t,9977163532,504388002,504376312,6945895,263524,263129
1048576,16384,n,9973092180,504335740,504322135,7398080,603,38
1048576,32768,t,9975661103,504329102,504314880,12336705,525553,525373
1048576,32768,n,9966158039,504387947,504378251,14677340,1141,101
1048576,65536,t,9966096412,504411467,504402174,25517206,1070647,1068814
1048576,65536,n,9977010642,504347187,504332462,29070499,2225,1129
1048576,131072,t,9991510573,504351487,504337195,49534045,2123135,2122157
1048576,131072,n,9965571952,504355438,504340942,57542650,4493,3631
1048576,262144,t,9993793250,504361554,504346927,96345239,4237201,4236094
1048576,262144,n,9974141599,504389450,504378606,113180963,9041,8244
1048576,524288,t,9997957076,504352822,504338705,190099531,8434044,8433392
1048576,524288,n,9989618953,504381875,504369848,224447935,17902,17280
1048576,1048576,t,10018009674,504398068,504385442,379117016,16862988,16862012
1048576,1048576,n,10023434410,504389832,504379458,446796570,35592,33369
1048576,1572864,t,10025538378,504418662,504409687,561814312,25239106,25238164
1048576,1572864,n,10049883821,504366639,504355793,672741649,50757,50596
1572864,16,t,9972161926,504336079,504322852,12146,315,298
1572864,16,n,9970611581,504345757,504331805,9005,43,34
1572864,128,t,9962190519,504377603,504367517,51742,2135,2108
1572864,128,n,9962422418,504391090,504380985,62361,66,41
1572864,512,t,9965649855,504391150,504381237,207950,8297,8222
1572864,512,n,9958792287,504393143,504383150,228796,77,48
1572864,1024,t,9949989446,504392557,504382525,477441,16516,16425
1572864,1024,n,9972732107,504389963,504379641,453756,87,34
1572864,2048,t,9964359434,504371759,504360105,861285,32965,32837
1572864,2048,n,9964860503,504393943,504384715,909904,125,108
1572864,3072,t,9951042195,504393351,504384264,1426310,49645,49499
1572864,3072,n,9958985479,504378516,504369296,1374043,173,43
1572864,4096,t,9959066132,504389024,504379570,1868530,66215,66019
1572864,4096,n,9952227594,504396056,504386487,1891599,196,48
1572864,5120,t,9959094893,504388751,504379350,2358473,82192,81954
1572864,5120,n,9959774385,504391883,504382376,2289644,219,38
1572864,6144,t,9959746387,504392222,504382710,2593696,100569,100294
1572864,6144,n,9973048277,504393354,504383969,2753116,272,39
1572864,7168,t,9959532790,504389492,504380114,3234871,115083,114763
1572864,7168,n,9966572347,504335382,504321124,3212727,296,47
1572864,8192,t,9959956640,504386887,504377704,3059193,131510,131485
1572864,8192,n,9973577698,504390919,504379235,3663804,345,60
1572864,12288,t,9951060726,504391301,504380839,5212294,197184,196929
1572864,12288,n,9962213032,504382951,504374246,5559416,467,40
1572864,16384,t,9962483633,504394305,504384187,6512180,265434,264814
1572864,16384,n,9961568823,504383503,504374049,7489620,576,41
1572864,32768,t,9962601058,504392211,504382122,13073190,530755,529614
1572864,32768,n,9960782321,504383201,504373756,14685969,1094,74
1572864,65536,t,9972004678,504391858,504381626,25587792,1061241,1059265
1572864,65536,n,9952615267,504389533,504379222,29090890,2174,63
1572864,131072,t,9969045798,504405767,504396653,49425879,2113791,2112117
1572864,131072,n,9965538791,504390118,504379850,57477302,4305,743
1572864,262144,t,9986434223,504442338,504434055,97810495,4254660,4253271
1572864,262144,n,9971314956,504389460,504378796,113409683,8834,5533
1572864,524288,t,9983895124,504462791,504453924,192093971,8478376,8477596
1572864,524288,n,9983711670,504390297,504380059,224837855,17668,14468
1572864,1048576,t,10017879061,504454466,504445670,378903647,16870626,16869871
1572864,1048576,n,10015863981,504390339,504380873,446588445,35807,34906
1572864,1572864,t,10023408143,504448380,504438704,564055655,25277832,25276898
1572864,1572864,n,10045568907,504333167,504319628,672864178,50737,50421
