16,16,t,643913554,351,260,8077,321,289
16,16,n,645662994,330,256,8827,42,31
16,128,t,643401193,353,256,49395,2150,2084
16,128,n,643541083,352,257,56181,50,29
16,512,t,645611419,347,256,196735,8318,8227
16,512,n,741426310,336,258,214271,54,28
16,1024,t,645129207,333,261,392597,16553,16414
16,1024,n,639481949,334,256,428525,88,31
16,2048,t,647128971,333,272,785062,32931,32806
16,2048,n,636023426,345,260,851680,126,58
16,3072,t,645916299,370,300,1098254,49369,49201
16,3072,n,647633852,624,547,1286178,185,51
16,4096,t,644277110,684,609,1351137,65868,65665
16,4096,n,663281410,430,356,1701661,198,82
16,5120,t,640191712,782,702,1691820,82319,82060
16,5120,n,640759174,549,471,2129603,234,147
16,6144,t,763640996,1633,1524,2018392,98746,98474
16,6144,n,762731036,639,548,2549728,260,127
16,7168,t,650031488,1048,976,2360984,115238,114924
16,7168,n,648879513,598,528,2970197,295,139
16,8192,t,766284212,1246,1128,2692841,131669,131324
16,8192,n,733115038,499,431,3407972,338,155
16,12288,t,643298825,1068,988,4009442,197301,196841
16,12288,n,764831657,567,497,5113728,451,56
16,16384,t,662147227,1319,1183,5353797,262966,262372
16,16384,n,642140756,539,458,6772784,599,170
16,32768,t,660077602,1669,1593,10671778,525879,524884
16,32768,n,646650687,471,395,13537866,1114,239
16,65536,t,767398138,2964,2849,21299759,1051557,1049535
16,65536,n,772839774,677,598,26792955,2151,154
16,131072,t,761418780,6740,6673,42720157,2102700,2099399
16,131072,n,641706662,654,515,53509452,4238,393
16,262144,t,638636213,9596,9503,85162487,4205777,4202440
16,262144,n,646084469,515,445,106630626,8338,312
16,524288,t,761668234,16385,16303,169133060,8411122,8407547
16,524288,n,637915947,688,621,213163229,16627,7797
16,1048576,t,704917673,30448,30334,337071802,16821734,16818515
16,1048576,n,648424408,1447,1376,426314426,32988,500
16,1572864,t,707497716,45171,45076,505308579,25231814,25229633
16,1572864,n,647387662,335,256,639083268,49390,338
128,16,t,1091096348,6213,2233,8052,309,289
128,16,n,1091119762,4831,2050,9992,46,27
128,128,t,1505900155,157285972,2048,52234,2111,2084
128,128,n,1461704553,140825666,2048,55705,62,33
128,512,t,1091171088,4806,2048,198419,8306,8226
128,512,n,1461975306,140817577,2050,215345,61,25
128,1024,t,1091120733,5943,2052,401341,16507,16420
128,1024,n,1091086423,3395,2051,427116,85,36
128,2048,t,1091086081,3223,2048,769100,32926,32801
128,2048,n,1462402764,140829378,2051,853578,114,68
128,3072,t,1091006302,7341,2052,1131606,49375,49196
128,3072,n,1091095539,2904,2049,1277431,146,58
128,4096,t,1091194730,16817,2126,1345877,65777,65582
128,4096,n,1091127080,4933,3413,1703076,197,60
128,5120,t,1091107557,3100,2050,1674599,82208,81968
128,5120,n,1091057515,2771,2342,2135360,223,110
128,6144,t,1091032321,2947,2049,2017085,98610,98344
128,6144,n,1505365716,157283494,3500,2566548,266,109
128,7168,t,1091303343,19047,2228,2345543,115060,114759
128,7168,n,1456481555,138632660,6150,2962276,314,59
128,8192,t,1091263794,3424,2056,2677975,131482,131122
128,8192,n,1091082477,7090,4283,3422402,323,108
128,12288,t,1091394099,37892,2213,4000214,197119,196652
128,12288,n,1091165101,20430,4302,5106057,450,36
128,16384,t,1091055831,3416,2143,5337685,262814,262242
128,16384,n,1091121457,8881,7351,6763968,592,239
128,32768,t,1091255683,3064,2051,10652482,525485,524391
128,32768,n,1091162328,23243,4965,13516786,1131,113
128,65536,t,1091260274,18367,2645,21284754,1050845,1048927
128,65536,n,1091141596,4486,3940,26768941,2164,139
128,131072,t,1091294149,20571,3665,42642107,2101526,2098157
128,131072,n,1091213608,22871,5388,53479338,4222,1254
128,262144,t,1091365331,7212,5790,85075438,4203201,4199906
128,262144,n,1091231700,3981,3033,106630127,8363,947
128,524288,t,1099164512,2267148,6771,168804349,8406469,8403072
128,524288,n,1462979709,140853891,6669,213060789,16577,6539
128,1048576,t,1463017970,140843790,3969,336679291,16813009,16810148
128,1048576,n,1091212761,21405,6559,425872719,32975,12012
128,1572864,t,1091572133,12351,6927,503594372,25219910,25218113
128,1572864,n,1091211847,21007,2049,638954115,49413,323
512,16,t,2397011303,503317566,8192,7843,307,292
512,16,n,2397022409,503316958,8444,8705,59,36
512,128,t,2396978691,503317530,8192,51157,2120,2086
512,128,n,2396988270,503316832,8197,54622,61,38
512,512,t,2397448666,503316442,34324,197980,8310,8227
512,512,n,2397534433,503314606,40269,214102,67,36
512,1024,t,2397181621,503316050,19630,368188,16497,16421
512,1024,n,2397541534,503316286,38419,425116,90,58
512,2048,t,2397056388,503316541,13016,701484,32926,32803
512,2048,n,2397354432,503316683,29142,849996,124,57
512,3072,t,2397041400,503317551,9951,1036571,49366,49190
512,3072,n,2396816056,503113776,30077,1269767,148,104
512,4096,t,2396990585,503317536,10126,1360325,65808,65582
512,4096,n,2318082531,471890701,34197,1700388,199,59
512,5120,t,2397044058,503317495,10161,1685591,82204,81969
512,5120,n,2397379855,503316599,29010,2149538,243,103
512,6144,t,2397035555,503316753,10583,2017555,98624,98336
512,6144,n,2397380794,503317382,28480,2553645,282,109
512,7168,t,2396987254,503317370,9027,2354145,115051,114723
512,7168,n,2397354920,503316463,27009,2983421,306,107
512,8192,t,2397008018,503317590,10380,2695391,131462,131112
512,8192,n,2396970247,503118009,37980,3414131,325,108
512,12288,t,2397046902,503317309,10256,4012965,197132,196670
512,12288,n,2397738116,503311536,49639,5103968,445,131
512,16384,t,2397067795,503317617,11849,5350048,262791,262195
512,16384,n,2397394002,503316300,27966,6757186,606,56
512,32768,t,2397099502,503316855,13050,10651305,525502,524388
512,32768,n,2397480863,503316961,31263,13522075,1125,83
512,65536,t,2397317083,503317094,17641,21330695,1050850,1048777
512,65536,n,2397631766,503314946,40252,26760853,2163,106
512,131072,t,2347487586,483453947,32550,42682423,2101562,2098400
512,131072,n,2397659972,503315952,38410,53493288,4246,264
512,262144,t,2397776121,503114668,45486,85316214,4203052,4202438
512,262144,n,2397977703,503314018,47352,106637371,8363,1123
512,524288,t,2398727267,503314217,53590,169184132,8406367,8403486
512,524288,n,2397782996,503116177,47999,213027270,16552,7113
512,1048576,t,2399636349,503315897,47203,336824200,16813046,16810871
512,1048576,n,2399150624,503305431,56203,425921546,33002,11286
512,1572864,t,2400215270,503118081,56920,504642317,25219487,25217705
512,1572864,n,2398948262,503317641,8198,639033571,49399,524
1024,16,t,2397148255,503317281,18420,7867,306,289
1024,16,n,2397140395,503317276,17246,8785,49,35
1024,128,t,2397146745,503317293,16771,51472,2143,2080
1024,128,n,2397182612,503317308,16923,57287,47,28
1024,512,t,2397118882,503317307,16423,191876,8291,8236
1024,512,n,2397151300,503317334,16981,214722,71,35
1024,1024,t,2397111247,503317302,16715,368154,16506,16422
1024,1024,n,2397159768,503317317,17013,430124,89,47
1024,2048,t,2397098524,503317278,16440,694333,32928,32811
1024,2048,n,2397177375,503317319,17225,856248,112,54
1024,3072,t,2397100800,503317323,16388,1033000,49360,49197
1024,3072,n,2397170842,503317230,17675,1271276,149,65
1024,4096,t,2397109650,503317316,16422,1353855,65784,65577
1024,4096,n,2397218413,503317360,16946,1721137,207,104
1024,5120,t,2397126246,503317257,16496,1689094,82224,81968
1024,5120,n,2397165693,503317246,16518,2134181,234,101
1024,6144,t,2397102495,503317284,16388,2016522,98639,98370
1024,6144,n,2397182102,503317269,17224,2543750,280,167
1024,7168,t,2397102763,503317260,16421,2351257,115058,114739
1024,7168,n,2397192632,503317311,17292,2978960,299,153
1024,8192,t,2397096846,503317301,16409,2688326,131487,131124
1024,8192,n,2397173787,503317332,16878,3408385,320,188
1024,12288,t,2397106959,503317317,16604,4016154,197133,196671
1024,12288,n,2397237949,503317406,16961,5090626,479,244
1024,16384,t,2397141316,503317307,16693,5356733,262796,262215
1024,16384,n,2397949847,503317307,65741,6747207,591,46
1024,32768,t,2397625822,503317304,42318,10673763,525489,524477
1024,32768,n,2398579717,503317286,101889,13506016,1131,440
1024,65536,t,2398097859,503317296,64698,21335465,1050863,1048922
1024,65536,n,2398925378,503317275,118130,26750722,2175,103
1024,131072,t,2398725868,503317293,98948,42597261,2101635,2099044
1024,131072,n,2399156028,503317275,124653,53484438,4254,292
1024,262144,t,2398776781,503317336,89674,84964815,4203275,4200751
1024,262144,n,2399467800,503317305,137419,106756877,8342,3204
1024,524288,t,2398761756,503317238,57813,169247512,8406519,8404635
1024,524288,n,2400075440,503317283,152099,212907347,16575,6732
1024,1048576,t,2399675206,503317333,55080,336560142,16813082,16812385
1024,1048576,n,2400064678,503317283,117144,425738606,32986,22707
1024,1572864,t,2401462275,503317246,99044,504169196,25219396,25217607
1024,1572864,n,2399089454,503317279,17358,638904323,49400,2193
2048,16,t,2397474312,503317222,36127,7796,304,292
2048,16,n,2397487644,503317230,35570,8671,66,38
2048,128,t,2397535840,503317176,36527,52473,2117,2080
2048,128,n,2397500051,503317164,35860,56636,53,38
2048,512,t,2397469504,503317164,35473,201533,8337,8234
2048,512,n,2397460707,503317144,36008,214969,72,45
2048,1024,t,2397441593,503317158,34813,400729,16518,16415
2048,1024,n,2397474823,503317153,35562,423920,78,35
2048,2048,t,2397364611,503317187,33884,791142,32936,32815
2048,2048,n,2397479615,503317206,35800,853573,117,43
2048,3072,t,2397434327,503317186,35034,1157642,49334,49192
2048,3072,n,2397449283,503317159,35066,1282240,156,71
2048,4096,t,2397350672,503317189,33985,1376386,65796,65599
2048,4096,n,2397491391,503317303,34916,1705387,179,80
2048,5120,t,2397342371,503317210,33768,1687652,82207,81996
2048,5120,n,2397474218,503317175,35551,2135170,235,73
2048,6144,t,2397386240,503317189,34406,2028276,98633,98373
2048,6144,n,2397494339,503317190,34982,2557114,257,175
2048,7168,t,2397381627,503317191,34258,2375240,115092,114735
2048,7168,n,2397475541,503317194,35684,2987880,284,164
2048,8192,t,2397386954,503317170,34124,2697582,131466,131132
2048,8192,n,2397501618,503317183,35740,3403789,335,188
2048,12288,t,2397403166,503317172,33582,4027448,197142,196683
2048,12288,n,2397486202,503317198,34859,5141693,482,294
2048,16384,t,2397426998,503317195,34214,5349447,262796,262230
2048,16384,n,2397479378,503317223,35855,6789015,589,241
2048,32768,t,2397500132,503317206,35828,10696613,525497,524538
2048,32768,n,2398003533,503317191,67664,13482379,1115,82
2048,65536,t,2398710607,503317229,106451,21337072,1050828,1049051
2048,65536,n,2400338744,503317156,214180,26865311,2152,372
2048,131072,t,2398948475,503317258,111970,42610180,2101686,2099820
2048,131072,n,2400641655,503317181,226709,53423892,4265,248
2048,262144,t,2399241634,503317269,113920,84920100,4203429,4202378
2048,262144,n,2399638504,503317180,151290,106702554,8350,850
2048,524288,t,2399474558,503317268,92639,168866221,8406595,8404480
2048,524288,n,2400751348,503317189,203600,213021334,16574,7076
2048,1048576,t,2401289756,503317233,144246,336691528,16813097,16811415
2048,1048576,n,2399959446,503317183,99303,426073441,32999,13290
2048,1572864,t,2401659704,503317223,94817,504035740,25219544,25218515
2048,1572864,n,2399466724,503317179,36931,639000302,49403,6415
3072,16,t,2397801137,503317225,54273,8263,311,292
3072,16,n,2397891657,503318671,55458,8783,60,37
3072,128,t,2397871769,503317260,54965,53024,2116,2085
3072,128,n,2397870085,503317228,56103,54192,62,35
3072,512,t,2397792804,503317238,55118,205788,8315,8235
3072,512,n,2397890155,503318707,55248,216988,80,29
3072,1024,t,2397792313,503317258,54959,402465,16516,16422
3072,1024,n,2397855236,503317239,55296,427646,88,34
3072,2048,t,2397750050,503317258,54155,703900,32973,32859
3072,2048,n,2397946058,503318772,55914,852764,120,72
3072,3072,t,2397712654,503317210,54726,1035701,49363,49201
3072,3072,n,2397825084,503317253,54659,1275659,162,83
3072,4096,t,2397754878,503317250,53979,1552125,65799,65632
3072,4096,n,2397896700,503318693,56802,1708873,205,128
3072,5120,t,2397759947,503317291,53998,1933998,82227,82068
3072,5120,n,2397892782,503317191,57319,2138305,220,147
3072,6144,t,2397906632,503319004,58506,2313225,98628,98475
3072,6144,n,2397900252,503317420,57194,2547237,273,174
3072,7168,t,2397815989,503317316,55110,2667847,115083,115008
3072,7168,n,2397884538,503317236,56182,3002937,307,183
3072,8192,t,2397746912,503317224,53150,2709445,131474,131165
3072,8192,n,2397863104,503317248,55171,3399187,317,217
3072,12288,t,2397758258,503317228,54474,4026310,197156,196692
3072,12288,n,2397871125,503317182,55582,5072265,462,215
3072,16384,t,2397885818,503319083,54594,5343996,262789,262290
3072,16384,n,2397923248,503319960,55455,6789803,617,207
3072,32768,t,2397848606,503317270,54464,10712698,525479,524659
3072,32768,n,2398705688,503317221,106649,13491603,1127,268
3072,65536,t,2399736148,503317235,165380,21373355,1050927,1049715
3072,65536,n,2399971388,503317295,186232,26840024,2160,441
3072,131072,t,2399603870,503317257,148780,42573390,2101685,2100309
3072,131072,n,2400100252,503317266,187436,53423176,4243,900
3072,262144,t,2584203985,503319151,11922660,85762418,4204322,4203827
3072,262144,n,2400463244,503317257,201115,106643694,8349,3983
3072,524288,t,2400758522,503317348,166261,168789877,8406638,8405082
3072,524288,n,2400376016,503317311,170501,212985813,16569,8646
3072,1048576,t,2407626252,503317324,454052,337186853,16816673,16815537
3072,1048576,n,2400669379,503317757,135631,425708170,32965,22123
3072,1572864,t,2402862581,503317295,157647,503997135,25219831,25218966
3072,1572864,n,2399912183,503318812,57999,638779556,49397,13502
4096,16,t,2399494838,503400319,99335,8831,327,295
4096,16,n,2680431520,503401615,17966847,8700,66,35
4096,128,t,2531306030,503400136,8567088,54925,2109,2085
4096,128,n,2769953665,503402316,24282119,56482,60,31
4096,512,t,2641937563,503401312,16079264,204378,8296,8228
4096,512,n,2802780802,503403445,25707210,221808,63,37
4096,1024,t,2401087668,503400285,183436,400413,16511,16425
4096,1024,n,2532325852,503399455,8621964,430362,67,26
4096,2048,t,2891769388,503403411,32155367,832919,32914,32851
4096,2048,n,2945888915,503405536,36086542,873388,120,36
4096,3072,t,2665853731,503401486,16883844,1250379,49404,49265
4096,3072,n,2689293529,503403006,18019905,1295685,156,74
4096,4096,t,2801125447,503402746,26201129,1661306,65803,65691
4096,4096,n,2401476960,503400304,223323,1702506,198,70
4096,5120,t,2404497690,503397921,387554,2007738,82229,82001
4096,5120,n,2631042813,503403726,14944559,2159623,224,95
4096,6144,t,2555728858,503401699,9363782,2360341,98641,98525
4096,6144,n,2813704930,503403562,27108098,2609811,267,145
4096,7168,t,2946346818,503405963,35642247,2763556,115056,114934
4096,7168,n,2786317476,503403891,25266791,3029381,306,208
4096,8192,t,2660597612,503402108,17412711,3056784,131490,131382
4096,8192,n,3081548005,503405981,43982686,3519355,344,60
4096,12288,t,2665204824,503402803,16979679,4498703,197193,197057
4096,12288,n,2752485775,503402108,23299560,5179312,461,131
4096,16384,t,2687886609,503402245,18873652,5927975,262852,262686
4096,16384,n,2532656917,503400401,8583743,6847415,600,43
4096,32768,t,2663967475,503401524,16984771,11416238,525513,525440
4096,32768,n,2805178856,503402471,26627793,13714382,1149,351
4096,65536,t,2691531694,503402302,19257813,21896430,1051290,1050859
4096,65536,n,2403989822,503397778,368204,26807506,2164,917
4096,131072,t,2536533508,503400275,8856768,43134049,2102663,2101526
4096,131072,n,2535348301,503400127,8682713,53657963,4309,1529
4096,262144,t,2668786987,503399952,17195501,86536971,4205412,4205068
4096,262144,n,2679899045,503402262,17899094,107791961,8409,3894
4096,524288,t,2407062778,503399161,460220,169133870,8408190,8407368
4096,524288,n,2547158008,503401395,9333427,216765449,22353,15385
4096,1048576,t,2571666876,503400713,10426766,343177817,16824581,16823388
4096,1048576,n,2533355725,503401413,8430189,428108677,32972,28322
4096,1572864,t,2611861444,503401741,12689256,518209359,25217253,25216204
4096,1572864,n,2401508022,503400115,101863,638408170,49424,25813
5120,16,t,2411113833,504308110,268671,7758,309,294
5120,16,n,3524710568,504309011,72437828,9083,47,29
5120,128,t,3188489028,504308897,50838025,53122,2123,2090
5120,128,n,3180534019,504308667,50528349,54915,71,40
5120,512,t,2958263893,504308516,35987583,203638,8308,8236
5120,512,n,3146744193,504308837,47891085,218520,79,42
5120,1024,t,3085615892,504308534,43760153,386745,16551,16464
5120,1024,n,2957679432,504308812,35288458,440649,92,35
5120,2048,t,3210293259,504308965,51348194,768335,33075,32966
5120,2048,n,3083789565,504308800,43583821,880408,144,76
5120,3072,t,2964773413,504308550,35962322,1240739,49396,49287
5120,3072,n,3087637481,504308615,43987816,1322600,187,120
5120,4096,t,3164528847,504308618,49786888,1638070,65795,65643
5120,4096,n,3307674898,504308947,58087917,1767267,191,144
5120,5120,t,3134922220,504308600,47203528,2038051,82261,82124
5120,5120,n,3079029163,504308542,43190812,2197707,241,173
5120,6144,t,3082307391,504308575,43409445,2404212,98652,98620
5120,6144,n,2987918644,504308534,38129071,2610674,276,192
5120,7168,t,2811895999,504308419,26225163,2756093,115097,115059
5120,7168,n,3055478064,504308509,42527561,3081952,299,103
5120,8192,t,3190682384,504308692,50893567,3167297,131492,131480
5120,8192,n,2874504077,504308420,30015983,3485186,350,151
5120,12288,t,2892301148,504308558,31379452,4221757,197469,197272
5120,12288,n,3071236194,504308853,42632575,5228673,485,149
5120,16384,t,3060406812,504308592,42495826,6178555,262833,262757
5120,16384,n,3364182780,504308804,58326785,7005195,603,74
5120,32768,t,2778216444,504308551,23709877,11130960,526334,525650
5120,32768,n,3407847723,504309137,64484233,13908251,1156,533
5120,65536,t,3220343093,504308825,52699046,23159385,1051344,1051217
5120,65536,n,3075666781,504308792,43338113,27565345,2166,987
5120,131072,t,2854916506,504308714,28551885,46456621,2101610,2101431
5120,131072,n,2630001748,504308211,13970225,53929335,4356,2056
5120,262144,t,2776788243,504308538,21955478,86970197,4206484,4205794
5120,262144,n,2937629532,504308492,34253661,108706376,8489,4405
5120,524288,t,3066258173,504308778,41833135,186040623,8405810,8405402
5120,524288,n,2415662151,504308017,527454,212715730,16719,10957
5120,1048576,t,3077174447,504308609,42814181,349308961,16827563,16826879
5120,1048576,n,3178286604,504308889,49507666,436518854,33819,25790
5120,1572864,t,2775007610,504310165,22555191,520017222,25243693,25242859
5120,1572864,n,2803408885,504308328,21999365,648148256,49478,35837
6144,16,t,4139970213,504309003,113734637,7965,322,303
6144,16,n,3197803021,504307903,48785470,8863,56,40
6144,128,t,3780956507,504308456,87003527,59153,2109,2087
6144,128,n,3994919955,504308699,104327444,55026,83,34
6144,512,t,2745746162,504307579,21444493,216065,8337,8256
6144,512,n,4186869507,504309003,110497095,229483,90,67
6144,1024,t,2933111631,504307806,32277747,418517,16538,16452
6144,1024,n,2821581271,504307572,26353336,455648,82,32
6144,2048,t,2828828125,504307749,26853102,904618,32902,32790
6144,2048,n,4008440476,504308755,104330789,919451,142,95
6144,3072,t,4289520356,504308973,123704374,1258206,49337,49256
6144,3072,n,3962060000,504308601,100230933,1365855,156,98
6144,4096,t,3947712581,504308614,100548098,1649139,65819,65751
6144,4096,n,4218762312,504308854,118307237,1814615,202,103
6144,5120,t,4154688528,504308774,113758100,2060012,82250,82227
6144,5120,n,2904612052,504307583,32262654,2300758,300,220
6144,6144,t,4433946344,504309265,133290531,2423544,98676,98598
6144,6144,n,4626415619,504309318,142794274,2790304,328,209
6144,7168,t,4196265130,504308889,117902090,2801937,115067,115015
6144,7168,n,4185632264,504308854,113672717,3168859,334,101
6144,8192,t,4111486398,504308761,111504790,3165857,131509,131387
6144,8192,n,4269951497,504308935,122356238,3607631,361,278
6144,12288,t,3969565199,504308747,102651350,4663135,197161,197123
6144,12288,n,4417006819,504309051,130589967,5379720,450,312
6144,16384,t,4503552338,504308897,134522751,6227994,262846,262820
6144,16384,n,4273147450,504308895,115763221,7171416,638,150
6144,32768,t,4661451374,504309491,147502472,12158502,525612,525563
6144,32768,n,4390252611,504309053,130875839,14258997,1157,582
6144,65536,t,4643198687,504309311,147201652,23346955,1052185,1052128
6144,65536,n,4163928048,504308837,113698174,28136593,2159,1438
6144,131072,t,4065704882,504308800,108236773,46615259,2102652,2102547
6144,131072,n,4228614976,504308944,113580879,56121863,4277,2351
6144,262144,t,4126676346,504309133,108971227,94391287,4203280,4203079
6144,262144,n,4805303409,504309226,153074395,112305263,8490,5906
6144,524288,t,4493399023,504309299,132800865,183418717,8415513,8415172
6144,524288,n,3834866035,504308627,91627822,221983882,16666,12637
6144,1048576,t,3878249234,504309201,90079318,368616376,16827068,16826512
6144,1048576,n,3851134313,504308316,92099781,442662377,33124,27931
6144,1572864,t,4273840354,504311038,118767197,543465554,25263281,25262364
6144,1572864,n,4360693947,504308994,119614508,668982706,49679,43519
7168,16,t,5078559270,504243308,172299457,9089,322,301
7168,16,n,5623960429,504243770,207390148,9674,51,33
7168,128,t,3218299086,504242723,51841520,54751,2115,2092
7168,128,n,3105627411,504241780,45004973,57420,52,32
7168,512,t,3152204294,504241818,48070137,248343,8296,8231
7168,512,n,3113175504,504241685,44794685,254604,53,38
7168,1024,t,3125423801,504241564,46651710,482429,16544,16450
7168,1024,n,4944187107,504243208,166436025,446880,78,45
7168,2048,t,3153545006,504242528,45703799,844517,32916,32875
7168,2048,n,3087110867,504241923,44295174,997981,144,55
7168,3072,t,3192034003,504244328,49558649,1300391,49370,49253
7168,3072,n,3018464191,504241499,39840396,1416862,166,70
7168,4096,t,3153552529,504241700,47968908,1824735,65796,65684
7168,4096,n,3050466249,504241453,41295917,2033775,201,61
7168,5120,t,3049534741,504241698,41050323,2301890,82230,82136
7168,5120,n,3062293082,504241521,42699290,2245629,223,36
7168,6144,t,3045599074,504242227,40585200,2359441,99047,98778
7168,6144,n,4840452406,504243572,160180190,2781248,303,227
7168,7168,t,2993153781,504241529,37556356,2765943,115087,115081
7168,7168,n,3148411844,504241605,47811812,3394277,332,118
7168,8192,t,3401426180,504241856,63347462,3417739,131503,131451
7168,8192,n,3153146590,504241962,47252185,4036608,382,295
7168,12288,t,4615725237,504242932,141368348,4645796,197375,197363
7168,12288,n,4900831996,504243310,161114666,5413758,486,419
7168,16384,t,4554181733,504242861,138743465,6124759,262858,262844
7168,16384,n,5242919851,504243802,179347312,7207987,630,489
7168,32768,t,4679382031,504243016,147526023,12045642,526009,525982
7168,32768,n,4588359435,504245657,140843652,14349419,1174,592
7168,65536,t,4557018583,504245647,139101064,23305091,1052836,1052663
7168,65536,n,4975332961,504243293,157940534,28328828,2186,1949
7168,131072,t,4609198334,504245442,142399207,46513864,2105845,2105727
7168,131072,n,5243423079,504243885,176160286,56997970,4290,3421
7168,262144,t,4816873375,504246092,150036750,92372838,4212001,4211783
7168,262144,n,4737915058,504243185,149338114,112798408,9358,7428
7168,524288,t,3013511176,504246290,36364830,178737914,8417225,8416880
7168,524288,n,4715481556,504243014,148211065,224396498,16700,14437
7168,1048576,t,4698346803,504251538,145503525,353696789,16830259,16829894
7168,1048576,n,5384485547,504243825,187908034,448316279,33255,30821
7168,1572864,t,5082647008,504243833,170619982,553102322,25271072,25270445
7168,1572864,n,4696259860,504243013,146025940,669862260,50650,46021
8192,16,t,6953281197,504310983,292953843,8462,298,282
8192,16,n,3479898239,504308530,67754164,9160,56,36
8192,128,t,6704656227,504310581,278895597,57979,2114,2098
8192,128,n,3563690294,504307715,72584166,58711,60,43
8192,512,t,6849784223,504310593,289576929,218297,8308,8256
8192,512,n,6494391165,504310414,265070791,223118,69,42
8192,1024,t,6878617454,504310360,289556979,402966,16506,16453
8192,1024,n,6718079001,504310545,275912623,447847,81,56
8192,2048,t,6947617892,504310661,291763527,811702,32933,32867
8192,2048,n,3525852168,504309968,70061067,900690,110,99
8192,3072,t,3561152538,504307879,72906774,1316231,49344,49272
8192,3072,n,6451507382,504310092,261037517,1346596,176,138
8192,4096,t,6489369461,504310357,261062859,1610658,65789,65717
8192,4096,n,3520247601,504308013,70619465,1832948,223,200
8192,5120,t,3532796309,504307683,71393898,2285816,82217,82084
8192,5120,n,3503359876,504307240,69329912,2546584,236,174
8192,6144,t,3496369891,504308149,68945783,2490100,98641,98551
8192,6144,n,3477842908,504308695,66617090,2709088,274,67
8192,7168,t,3513198275,504307982,70294751,3018557,115092,115020
8192,7168,n,3449145899,504307440,65827781,3332144,322,274
8192,8192,t,3455419965,504307610,65426797,3452155,131510,131418
8192,8192,n,3518852780,504307655,70922414,3780661,358,335
8192,12288,t,3410473626,504308162,63836844,5047225,197177,197042
8192,12288,n,6434141336,504310340,262258233,5493735,518,376
8192,16384,t,3616744552,504307558,75298120,6071286,262826,262756
8192,16384,n,3484465956,504308046,67369577,7297225,641,460
8192,32768,t,3481886732,504308211,67813446,12196651,525490,525371
8192,32768,n,3610984070,504308889,74982554,14545119,1177,855
8192,65536,t,3479488648,504307431,68614910,23964653,1050838,1050796
8192,65536,n,3548556255,504307559,72225901,28715211,2224,2032
8192,131072,t,3545202030,504308275,71330606,47476320,2101565,2101476
8192,131072,n,6568881339,504310518,266604637,57130349,4355,3651
8192,262144,t,3491129433,504310990,69994607,92894426,4212576,4212306
8192,262144,n,6957818352,504310655,295388677,113291823,8585,7933
8192,524288,t,6799300155,504310904,284919384,188791760,8405881,8405527
8192,524288,n,3547524736,504307369,72082300,222205537,17000,15469
8192,1048576,t,6508457091,504311646,262037108,377749149,16813138,16812476
8192,1048576,n,6666965077,504310605,270571813,448390588,33820,30815
8192,1572864,t,3935881552,504311960,93351669,567295315,25219936,25218403
8192,1572864,n,6517744444,504310321,265732725,672932675,50693,49238
12288,16,t,5373612095,504312949,198045173,9031,320,297
12288,16,n,5381907581,504313661,199010256,9146,61,35
12288,128,t,5366937663,504315250,197584460,52484,2121,2088
12288,128,n,5411961806,504319496,199807729,60246,52,34
12288,512,t,5401413302,504314576,199807334,210695,8306,8229
12288,512,n,5419693342,504314742,200114866,235166,82,40
12288,1024,t,5414437711,504314941,199582272,446110,16510,16420
12288,1024,n,5431592431,504314694,200933176,486309,92,50
12288,2048,t,5401622936,504318908,199931581,893951,32928,32808
12288,2048,n,5405441140,504313639,200055686,996980,113,39
12288,3072,t,5387829952,504313930,198808018,1382013,49362,49189
12288,3072,n,5404930364,504320360,200043901,1349779,164,36
12288,4096,t,5399588525,504313907,200421086,1830150,65802,65582
12288,4096,n,5410268768,504316032,200222810,1877914,192,46
12288,5120,t,5402149156,504313806,200662785,2245913,82244,82014
12288,5120,n,5401260873,504317945,199987536,2284101,227,40
12288,6144,t,5393939699,504314565,199942691,2686317,98629,98384
12288,6144,n,5393630541,504313740,199405896,2786548,270,48
12288,7168,t,5433049733,504318166,201787955,3142266,115060,114822
12288,7168,n,5414725538,504317004,200107377,3431564,350,308
12288,8192,t,5416866480,504314259,200446946,3533068,131513,131394
12288,8192,n,5375578481,504311918,198712680,3642945,339,46
12288,12288,t,5410399747,504314352,201010749,5123968,197169,196944
12288,12288,n,5388214463,504313004,199475860,5445807,467,43
12288,16384,t,5402846882,504314743,199848785,6655634,262850,262664
12288,16384,n,5398658465,504313625,200559439,7272294,605,62
12288,32768,t,5412030392,504316127,200378113,12620941,525511,525323
12288,32768,n,5380678957,504312046,198418066,14688595,1145,303
12288,65536,t,5431871801,504324826,200673773,24478006,1050886,1050699
12288,65536,n,5389118503,504312491,199222751,28599557,2200,897
12288,131072,t,5430803173,504315790,200916281,48023406,2102455,2102211
12288,131072,n,5404687334,504318818,199066666,57449427,4405,3905
12288,262144,t,5458187042,504318246,203089147,94866364,4202958,4202751
12288,262144,n,5425270040,504312133,200105754,112795247,8732,8355
12288,524288,t,5417813806,504353291,200611087,188728127,8440377,8439662
12288,524288,n,5416618021,504311552,200036694,223144806,17259,17128
12288,1048576,t,5630617023,504318945,211163572,378371439,16813658,16812679
12288,1048576,n,5452872351,504313499,201299603,442904252,34323,34116
12288,1572864,t,5506816273,504438447,203507008,564999360,25318779,25318010
12288,1572864,n,5450443062,504313113,200143125,661146841,51426,51146
16384,16,t,6591431331,504333658,280898918,7797,319,299
16384,16,n,6585567598,504326179,280472208,8661,63,37
16384,128,t,6587860053,504323770,280709091,52006,2126,2079
16384,128,n,6597930473,504328287,280225896,57004,57,35
16384,512,t,6603857206,504326227,281538315,228986,8298,8233
16384,512,n,6596212613,504324678,280218658,228035,84,39
16384,1024,t,6589058253,504325878,280654630,443764,16508,16418
16384,1024,n,6590629551,504320486,280159860,456342,91,34
16384,2048,t,6584683033,504322242,280704780,901695,32906,32799
16384,2048,n,6588963952,504323764,280434366,908665,118,33
16384,3072,t,6579855978,504320497,280284393,1359857,49351,49199
16384,3072,n,6579809704,504326415,280174836,1352726,157,55
16384,4096,t,6574817426,504321354,280140749,1817537,65778,65578
16384,4096,n,6577587229,504321921,280322831,1802629,207,59
16384,5120,t,6580926439,504322650,280653596,2247203,82202,81990
16384,5120,n,6595190485,504323148,280579897,2254724,236,89
16384,6144,t,6586559414,504323136,280498732,2710234,98666,98391
16384,6144,n,6573025410,504323604,280238202,2719838,259,54
16384,7168,t,6584346087,504323548,280524640,3115391,115066,114782
16384,7168,n,6577505828,504320659,280263162,3159499,289,48
16384,8192,t,6583477646,504321546,280255831,3560643,131496,131209
16384,8192,n,6592270590,504318856,280624686,3650528,332,76
16384,12288,t,6586380359,504320921,280663872,5116725,197181,196929
16384,12288,n,6584364329,504332128,280418480,5414921,471,37
16384,16384,t,6584855405,504321084,280205090,6663721,262858,262605
16384,16384,n,6579274850,504323736,280207036,7245173,606,44
16384,32768,t,6589912943,504320093,280769794,12621498,525520,525207
16384,32768,n,6585037879,504329984,280552245,14411931,1122,94
16384,65536,t,6592819420,504319739,281134863,24321887,1050913,1050684
16384,65536,n,6597769588,504326864,280148285,28697898,2219,929
16384,131072,t,6605156068,504327533,281323017,48190962,2103598,2103096
16384,131072,n,6602118757,504324330,280304091,57157223,4329,2820
16384,262144,t,6609020857,504352413,280648926,96409672,4227381,4225968
16384,262144,n,6592840125,504321392,280414320,112762903,8601,8181
16384,524288,t,6664392189,504323606,284277547,189642601,8409057,8408263
16384,524288,n,6591294294,504318875,280198466,223684279,17118,16164
16384,1048576,t,6639831357,504431929,281790667,379348713,16902564,16901342
16384,1048576,n,6625057520,504324400,280504700,444657041,34044,33957
16384,1572864,t,6820642711,504320516,291556883,565399326,25217315,25216266
16384,1572864,n,6653216494,504323558,280595574,665758925,51079,50960
32768,16,t,8485147712,504352501,406989565,7969,313,297
32768,16,n,8478543497,504356890,406557871,8722,55,38
32768,128,t,8490354151,504354182,406553354,50460,2123,2084
32768,128,n,8471327484,504363450,406501998,61621,62,36
32768,512,t,8482713390,504350748,406522549,204231,8314,8229
32768,512,n,8482599633,504351728,406661439,228581,83,47
32768,1024,t,8482415107,504345092,406375266,446578,16517,16422
32768,1024,n,8490394313,504361651,406421751,452603,93,34
32768,2048,t,8483873867,504344928,406699224,893505,32963,32799
32768,2048,n,8521797128,504373753,408545699,892056,126,107
32768,3072,t,8478154805,504352758,406377062,1183100,50574,50388
32768,3072,n,8486611707,504350034,406737228,1358940,153,37
32768,4096,t,8483170655,504359358,406692763,1569980,65797,65739
32768,4096,n,8484760853,504358238,406634879,1835134,217,35
32768,5120,t,8480611485,504350520,406742525,2169602,82248,82004
32768,5120,n,8468891765,504357260,406387290,2278120,236,81
32768,6144,t,8477514007,504359447,406391304,2682003,98649,98391
32768,6144,n,8478054154,504352534,406449610,2721871,261,50
32768,7168,t,8472486815,504358880,406390358,3107221,115073,114797
32768,7168,n,8483845484,504362834,406758269,3165104,314,194
32768,8192,t,8478315340,504355713,406703462,3421345,131516,131282
32768,8192,n,8477518868,504364276,406553246,3626138,327,66
32768,12288,t,8480565910,504348565,406869472,4655603,197157,197054
32768,12288,n,8480424521,504360874,406373260,5411202,448,316
32768,16384,t,8482646553,504350993,406789041,6264291,262827,262714
32768,16384,n,8482357750,504352873,406555006,7210763,599,99
32768,32768,t,8479380164,504352735,406751571,12502102,525516,525305
32768,32768,n,8474530794,504353548,406509028,14477731,1108,60
32768,65536,t,8484833969,504357348,406961173,23986676,1050914,1050817
32768,65536,n,8474077876,504354866,406368337,28766674,2213,773
32768,131072,t,8490446887,504358657,407123513,47890241,2103198,2102757
32768,131072,n,8487245810,504365239,406738656,57043188,4333,4090
32768,262144,t,8507150144,504353831,407685946,94580625,4203173,4202999
32768,262144,n,8485630826,504356629,406584688,112610579,8495,6913
32768,524288,t,8542259721,504363206,408436323,189527963,8408168,8407339
32768,524288,n,8501676744,504349916,406383518,224025207,16813,15863
32768,1048576,t,8562395718,504371205,409885826,378373519,16825830,16824435
32768,1048576,n,8521894206,504358060,406955911,444780824,33517,33447
32768,1572864,t,8614674300,504358923,411633250,565680525,25224305,25223095
32768,1572864,n,8560540840,504359286,406866908,666919871,50160,50090
65536,16,t,9444947886,504383540,471179761,9040,299,288
65536,16,n,9434747298,504377162,470600828,9356,63,32
65536,128,t,9436349307,504386385,470587293,52840,2114,2084
65536,128,n,9432741970,504377138,470663616,61625,63,34
65536,512,t,9431761268,504377331,470650073,217445,8298,8224
65536,512,n,9430640733,504370922,470661496,229649,64,37
65536,1024,t,9437578793,504382926,471196338,469205,16503,16437
65536,1024,n,9431418191,504373770,470677719,455676,82,37
65536,2048,t,9437215329,504376339,471018845,911305,32964,32844
65536,2048,n,9437459441,504378278,470708364,906588,130,46
65536,3072,t,9435824702,504374978,470669244,1394315,49362,49198
65536,3072,n,9437114893,504361736,471135093,1495880,149,108
65536,4096,t,9419774728,504382691,470620278,1819560,65798,65585
65536,4096,n,9439762864,504385717,470716103,1807944,190,61
65536,5120,t,9425546982,504375901,470612961,2304953,82216,81988
65536,5120,n,9432864153,504362521,470831689,2264134,234,56
65536,6144,t,9428174761,504375259,470651259,2740896,98639,98394
65536,6144,n,9435264731,504384934,470626836,2711535,262,66
65536,7168,t,9437808896,504379076,470726110,3186021,115083,114805
65536,7168,n,9421555356,504379224,470605932,3193192,303,50
65536,8192,t,9442243183,504375217,471035153,3603537,131470,131230
65536,8192,n,9425931582,504369383,470811308,3654239,317,45
65536,12288,t,9429796308,504387223,470795623,5199848,197188,196865
65536,12288,n,9432386202,504375547,470902852,5413502,483,36
65536,16384,t,9440975198,504376161,470902832,6729332,262831,262571
65536,16384,n,9435873912,504391338,470987637,7280506,579,44
65536,32768,t,9471235697,504365322,472706961,12185015,525538,525444
65536,32768,n,9435268943,504372687,470731373,14495865,1127,68
65536,65536,t,9445435855,504381119,470974527,24507143,1050904,1050656
65536,65536,n,9434085784,504379065,470642800,28888168,2171,810
65536,131072,t,9444303469,504391301,471198173,48642724,2111431,2109960
65536,131072,n,9446097987,504377467,470927608,57436957,4326,3313
65536,262144,t,9459718480,504378984,471410989,94194937,4203008,4202831
65536,262144,n,9443546433,504381163,470756570,112648380,8440,7550
65536,524288,t,9464958154,504390705,471454667,189988342,8415766,8414157
65536,524288,n,9462401435,504371195,470699197,223441754,16757,15867
65536,1048576,t,9492922244,504395706,472008961,378220388,16836049,16834313
65536,1048576,n,9487910082,504378399,471307396,444537144,33552,33498
65536,1572864,t,9537585129,504396343,472549766,566634402,25243384,25241546
65536,1572864,n,9513588493,504381668,471032389,666646443,49924,49869
131072,16,t,10006901603,504325433,504281400,8165,313,305
131072,16,n,10011902819,504325298,504280723,8729,50,34
131072,128,t,10009965254,504325664,504280632,52234,2125,2103
131072,128,n,10010261053,504326408,504281579,58640,59,44
131072,512,t,10020480004,504325786,504280155,182394,8303,8251
131072,512,n,10001507542,504326560,504281596,228533,59,54
131072,1024,t,10017010911,504326390,504281057,367731,16526,16462
131072,1024,n,10008557797,504326728,504281337,445273,83,68
131072,2048,t,10008882600,504325643,504279973,739011,32926,32875
131072,2048,n,10018410460,504325686,504280511,893410,112,106
131072,3072,t,10013113234,504325443,504281133,1125188,49366,49306
131072,3072,n,10011438225,504325446,504279759,1333448,155,140
131072,4096,t,10021184190,504325693,504281214,1498734,65790,65730
131072,4096,n,10025923249,504325702,504281488,1770298,190,170
131072,5120,t,10012622793,504325735,504281732,1916337,82249,82199
131072,5120,n,9920417966,504390464,500342464,2228880,230,219
131072,6144,t,9918422747,504382527,500188089,2826971,98624,98373
131072,6144,n,9931965559,504389144,500147279,2732767,262,105
131072,7168,t,9920143213,504376829,500203641,3264247,115071,114799
131072,7168,n,10010275215,504325274,504277930,3202484,285,52
131072,8192,t,10000031459,504325416,504280962,3060210,131507,131495
131072,8192,n,10010722132,504325380,504280403,3635453,402,386
131072,12288,t,10020715974,504325437,504280797,4538333,197203,197197
131072,12288,n,10019550514,504327621,504282682,5540901,556,552
131072,16384,t,10011067801,504326328,504265427,6776615,262847,262610
131072,16384,n,9933918530,504367283,501162560,7368737,689,682
131072,32768,t,9998132553,504330575,504037708,12760441,525527,525236
131072,32768,n,9915510756,504388337,500127896,14473376,1138,195
131072,65536,t,9928967823,504389130,500130900,24842208,1057828,1056559
131072,65536,n,9917815341,504397145,500106037,28720279,2259,1098
131072,131072,t,10014821488,504344814,504299029,49095109,2120326,2118841
131072,131072,n,10020406387,504328932,504101498,57108180,4416,2470
131072,262144,t,10031106082,504354756,504309521,96125903,4229953,4228509
131072,262144,n,9937113200,504396305,500203024,112677303,8947,7638
131072,524288,t,10044483511,504364702,504319726,190430209,8443710,8442431
131072,524288,n,9942449200,504384707,500114187,223607761,17910,16817
131072,1048576,t,10056820179,504367188,504323396,378695294,16852379,16850643
131072,1048576,n,9966644946,504386756,500128834,445023637,33322,32545
131072,1572864,t,10041987454,504399770,503046281,566357655,25265209,25263194
131072,1572864,n,10083692568,504325705,504281324,670061533,50914,50764
262144,16,t,10010258394,504325698,504313576,7658,315,297
262144,16,n,10004753550,504391686,504378855,9752,50,40
262144,128,t,10003769470,504390241,504374904,52342,2131,2099
262144,128,n,10006911067,504387998,504371991,61928,49,34
262144,512,t,10014785641,504328075,504310448,242489,8304,8222
262144,512,n,10010719014,504358994,504345507,226596,71,56
262144,1024,t,10018868048,504331000,504313645,486831,16510,16428
262144,1024,n,10021076142,504325799,504311562,441687,81,70
262144,2048,t,10026121168,504325577,504311215,751305,32960,32883
262144,2048,n,10005566127,504382322,504370013,889598,110,103
262144,3072,t,10025712220,504331094,504313739,1202965,49336,49204
262144,3072,n,10006441289,504325500,504311339,1331147,146,140
262144,4096,t,10016384217,504325523,504311218,1510447,65798,65731
262144,4096,n,10020352107,504325623,504311490,1791211,188,175
262144,5120,t,10015824256,504325293,504311023,1822325,82237,82197
262144,5120,n,10026299416,504325230,504311078,2232053,253,230
262144,6144,t,10014757996,504325378,504311211,2285325,98658,98637
262144,6144,n,10007691294,504397207,504385308,2694545,294,276
262144,7168,t,10015722968,504328438,504311347,2859068,115383,115241
262144,7168,n,10014702281,504395681,504383382,3164247,323,309
262144,8192,t,10019064989,504330234,504315172,3838965,131483,131198
262144,8192,n,10015063002,504325235,504311020,3642290,359,358
262144,12288,t,10017027416,504385497,504372911,4493475,197212,197190
262144,12288,n,10027784782,504326747,504310045,5459140,492,116
262144,16384,t,10018548371,504325828,504311515,5982365,262862,262847
262144,16384,n,10029410927,504325334,504311099,7349991,699,679
262144,32768,t,10021853834,504325244,504310811,11830787,525568,525531
262144,32768,n,10030945265,504327236,504312441,14834899,1234,1150
262144,65536,t,10013187017,504325850,504311275,23656070,1050888,1050844
262144,65536,n,10022459627,504327081,504309875,28827550,2271,1340
262144,131072,t,10022341835,504340065,504324187,48940763,2116064,2115380
262144,131072,n,10022692786,504328581,504311876,57203889,4419,2634
262144,262144,t,10032567457,504335456,504319872,95645120,4212150,4211570
262144,262144,n,10030169899,504329270,504312114,112792715,8909,7161
262144,524288,t,10032510523,504386308,504371025,190854056,8462719,8462058
262144,524288,n,10034484350,504328481,504311804,223663915,17253,16444
262144,1048576,t,10071308284,504372759,504357504,378836410,16856124,16855218
262144,1048576,n,10051500210,504325648,504311353,447940581,34127,33987
262144,1572864,t,10077299861,504370658,504356198,566715289,25261842,25260181
262144,1572864,n,10081509551,504325132,504310875,670617130,50785,50601
524288,16,t,9990800239,504325284,504310934,8127,316,295
524288,16,n,9983299520,504376388,504364630,10456,49,48
524288,128,t,9991360875,504328696,504313666,54630,2107,2085
524288,128,n,9991183077,504325837,504311492,60598,92,49
524288,512,t,9991879854,504325363,504311083,188268,8300,8250
524288,512,n,9990082333,504325771,504311846,221831,70,56
524288,1024,t,10005899246,504325807,504311417,379267,16501,16453
524288,1024,n,9993726995,504327497,504313415,447404,81,71
524288,2048,t,10003286657,504333918,504320005,835242,33047,32991
524288,2048,n,9992260675,504325553,504313108,888210,126,111
524288,3072,t,10005514730,504325553,504311280,1119713,49381,49316
524288,3072,n,9992237524,504325391,504311353,1338035,164,136
524288,4096,t,9989556173,504325759,504311486,1520217,65825,65741
524288,4096,n,9991232480,504325277,504311141,1787346,182,175
524288,5120,t,10003203774,504326196,504311919,1898966,82211,82175
524288,5120,n,9984678132,504372823,504363039,2256209,253,241
524288,6144,t,10000117937,504344626,504331508,2976938,98620,98358
524288,6144,n,10003300311,504325065,504313651,2722792,291,270
524288,7168,t,9992089393,504325402,504311128,2674015,115072,115066
524288,7168,n,9998404002,504325205,504311096,3208694,346,333
524288,8192,t,9995644253,504325806,504311527,3034145,131521,131510
524288,8192,n,9984745574,504325660,504311579,3591359,390,370
524288,12288,t,9994715953,504325440,504310415,4524322,197187,197170
524288,12288,n,9992598988,504325156,504310971,5565001,525,523
524288,16384,t,9998189651,504325431,504311226,5998442,262849,262808
524288,16384,n,9998237076,504325627,504311504,7360679,688,681
524288,32768,t,9985970570,504325406,504311060,11777390,525527,525504
524288,32768,n,9985821638,504328145,504313029,14755401,1135,100
524288,65536,t,9999023566,504332221,504318633,24043300,1056467,1056062
524288,65536,n,10004963958,504327933,504311035,28919618,2206,644
524288,131072,t,10007691798,504341774,504326667,48757956,2115762,2115309
524288,131072,n,10010182372,504328918,504312340,57262556,4423,2603
524288,262144,t,10013288934,504362205,504346928,96623312,4237590,4237061
524288,262144,n,10006586104,504329942,504313310,112939485,8947,7265
524288,524288,t,10015174168,504376949,504361621,190586247,8456709,8456172
524288,524288,n,10028597752,504332431,504315840,224254661,17934,17231
524288,1048576,t,10035669571,504371195,504356870,378335617,16851702,16850390
524288,1048576,n,10031204546,504325722,504311287,448525486,33918,33801
524288,1572864,t,10069498871,504331399,504317109,565088029,25218689,25217444
524288,1572864,n,10072086930,504325888,504311590,673165497,50799,50604
1048576,16,t,9979547371,504325324,504311187,8634,314,297
1048576,16,n,9978006393,504329006,504314964,9586,54,44
1048576,128,t,9974058016,504384722,504375022,57344,2139,2097
1048576,128,n,9980394244,504343818,504330128,58037,58,37
1048576,512,t,9978537854,504330034,504316157,192012,8308,8250
1048576,512,n,9971533382,504340072,504325781,233662,84,45
1048576,1024,t,9976424534,504325670,504311451,374744,16503,16456
1048576,1024,n,9973222270,504325250,504311001,455032,77,67
1048576,2048,t,9963463525,504385954,504376893,786069,33006,32949
1048576,2048,n,9979220127,504385376,504373601,925833,126,37
1048576,3072,t,9976959136,504334511,504320276,1503119,49357,49194
1048576,3072,n,9976674615,504325296,504311170,1341716,162,136
1048576,4096,t,9964355616,504326760,504312719,1551468,65798,65742
1048576,4096,n,9978270132,504327831,504313951,1786461,203,180
1048576,5120,t,9964860426,504387984,504377465,2065290,82262,81984
1048576,5120,n,9975949017,504335653,504322877,2316442,231,44
1048576,6144,t,9975069967,504325090,504310874,2266880,98670,98633
1048576,6144,n,9983713991,504326611,504312429,2706677,289,275
1048576,7168,t,9973959431,504386677,504376454,2884835,115467,115121
1048576,7168,n,9970058085,504340690,504327714,3255436,297,39
1048576,8192,t,9982150564,504327825,504315242,3598390,131491,131202
1048576,8192,n,9978988332,504326325,504312196,3645520,383,360
1048576,12288,t,9972790799,504325752,504311621,4537215,197199,197172
1048576,12288,n,9969355981,504336491,504323166,5451070,472,85
1048576,16384,t,9974127141,504337344,504322333,6701243,269722,269116
1048576,16384,n,9956277276,504379169,504369965,7340685,720,710
1048576,32768,t,9979616851,504390981,504380827,12990284,529590,528468
1048576,32768,n,9982871655,504336534,504322589,14801951,1115,96
1048576,65536,t,9975989729,504347833,504334035,25359922,1060523,1058793
1048576,65536,n,9971913438,504388946,504377052,29118782,2203,757
1048576,131072,t,9981025018,504366669,504353145,49064217,2122031,2121488
1048576,131072,n,9979284014,504388781,504376735,57321782,4428,2702
1048576,262144,t,9976778119,504366944,504351963,96599975,4239739,4239365
1048576,262144,n,9994962457,504350458,504335647,113051155,8898,6297
1048576,524288,t,9989981542,504399007,504384799,191364448,8477647,8477301
1048576,524288,n,9993956048,504339434,504323858,224346702,17762,15319
1048576,1048576,t,10017965571,504373669,504360122,378653926,16848215,16847585
1048576,1048576,n,10020264180,504341511,504326785,446981883,35236,33566
1048576,1572864,t,10044113039,504439065,504429633,566868463,25275952,25274761
1048576,1572864,n,10046125522,504326153,504311768,674166557,50788,50477
1572864,16,t,9959853428,504387109,504377807,7982,317,301
1572864,16,n,9965437409,504393097,504382670,10208,58,41
1572864,128,t,9968003694,504387838,504377816,59368,2111,2089
1572864,128,n,9973081333,504387947,504377779,59493,65,39
1572864,512,t,9975721635,504388512,504378819,214996,8741,8670
1572864,512,n,9958908261,504392555,504382274,227884,73,36
1572864,1024,t,9951245681,504392256,504382492,467394,16513,16424
1572864,1024,n,9965253583,504393758,504383284,457542,87,32
1572864,2048,t,9973330932,504387204,504377299,874479,33306,33172
1572864,2048,n,9961818641,504395643,504384487,918945,130,44
1572864,3072,t,9964721865,504391853,504381603,1458721,49354,49207
1572864,3072,n,9963547116,504398606,504389097,1393186,194,61
1572864,4096,t,9961476600,504391908,504382644,1928865,65802,65600
1572864,4096,n,9972476009,504396496,504386825,1851952,214,51
1572864,5120,t,9973878439,504387360,504377848,2315545,82211,81969
1572864,5120,n,9965793051,504397702,504388200,2357602,225,34
1572864,6144,t,9961594479,504392720,504383389,2775908,98640,98375
1572864,6144,n,9958481556,504384279,504373257,2786449,266,40
1572864,7168,t,9968003595,504387823,504378439,3218678,115059,114776
1572864,7168,n,9965893045,504343790,504330013,3214892,311,44
1572864,8192,t,9950006382,504389519,504380529,3068801,131510,131497
1572864,8192,n,9958777529,504335949,504321100,3658742,347,61
1572864,12288,t,9968670043,504387542,504378484,4482696,197188,197168
1572864,12288,n,9972745932,504391784,504382537,5591439,445,37
1572864,16384,t,9965912278,504396494,504386608,6488737,265567,264962
1572864,16384,n,9965201637,504398269,504388466,7435763,590,47
1572864,32768,t,9969723372,504379505,504370065,12562536,525531,525282
1572864,32768,n,9976282922,504345088,504332422,14750213,1124,72
1572864,65536,t,9964451748,504396151,504386252,25432356,1059190,1057225
1572864,65536,n,9964677921,504390180,504379917,29136524,2163,91
1572864,131072,t,9965378592,504402738,504392160,49457155,2117381,2115361
1572864,131072,n,9974953328,504389064,504379756,57423129,4574,4214
1572864,262144,t,9970751982,504439603,504430305,97458985,4253036,4251912
1572864,262144,n,9970126794,504389873,504379096,112962814,8779,5344
1572864,524288,t,9983819496,504375700,504361989,191368124,8452529,8451774
1572864,524288,n,9985681725,504390233,504379928,224508387,17770,14591
1572864,1048576,t,10003680149,504448742,504440018,377325827,16868865,16868124
1572864,1048576,n,10019319485,504337023,504323769,450881884,37379,37078
1572864,1572864,t,10018177111,504406130,504397143,558140650,25229042,25228048
1572864,1572864,n,10041354238,504325564,504311294,672610722,50763,50387
