16,16,t,643213896,361,256,8688,318,290
16,16,n,668140352,334,256,8690,53,32
16,128,t,649403791,349,259,48454,2130,2082
16,128,n,667995413,374,256,56815,62,41
16,512,t,646095664,745,664,190031,8352,8274
16,512,n,641789674,463,388,214128,64,34
16,1024,t,646593178,627,553,370305,16598,16532
16,1024,n,649003709,667,566,426606,94,37
16,2048,t,650538639,820,751,697953,32999,32875
16,2048,n,645073569,607,526,847597,119,55
16,3072,t,645843936,847,763,1034328,49412,49220
16,3072,n,645406243,1249,1172,1280004,184,56
16,4096,t,641808979,715,644,1365373,65874,65674
16,4096,n,647987269,556,450,1709007,191,128
16,5120,t,640757405,777,699,1695266,82323,82083
16,5120,n,644771209,411,350,2141323,224,128
16,6144,t,764775543,999,916,2030296,98822,98551
16,6144,n,642898642,509,436,2588592,269,64
16,7168,t,764085902,987,912,2355305,115202,114899
16,7168,n,643729273,570,501,3002318,293,44
16,8192,t,766855761,1371,1260,2686938,131719,131397
16,8192,n,645711417,385,317,3411610,320,117
16,12288,t,763325096,993,922,4014331,197303,196834
16,12288,n,644405554,512,427,5096476,447,199
16,16384,t,768478497,1378,1292,5349937,263105,262647
16,16384,n,650333856,399,331,6774823,601,196
16,32768,t,765746585,1923,1822,10668500,525956,524870
16,32768,n,643304251,561,490,13546636,1125,170
16,65536,t,649248724,2997,2918,21379385,1051581,1049541
16,65536,n,647947084,591,506,26790193,2150,255
16,131072,t,766329116,5636,5545,42746584,2102951,2099366
16,131072,n,703982972,606,520,53486544,4230,1642
16,262144,t,770235571,8506,8404,85112765,4205521,4202191
16,262144,n,762261070,795,673,106603145,8355,2866
16,524288,t,765367388,22984,22876,169100228,8410504,8407057
16,524288,n,722335542,886,806,213056056,16590,6883
16,1048576,t,667322681,44426,44325,337971894,16820910,16817997
16,1048576,n,647455173,324,256,426140515,32951,228
16,1572864,t,733702743,44387,44287,504855244,25232052,25230189
16,1572864,n,638842231,351,293,639067939,49403,384
128,16,t,1091183271,17350,2191,7667,316,299
128,16,n,1091309067,16034,2287,8894,42,29
128,128,t,1091245485,6785,2048,50689,2111,2084
128,128,n,1091122826,14017,2048,55075,62,37
128,512,t,1091212399,32605,2158,191195,8300,8234
128,512,n,1091271314,3309,2289,213474,80,38
128,1024,t,1462017389,140817865,2309,373892,16516,16432
128,1024,n,1091276112,2425,2058,425922,93,53
128,2048,t,1092273522,3669,2050,700504,32927,32802
128,2048,n,1091120587,16015,3868,852108,122,57
128,3072,t,1092204173,6969,2870,1032723,49372,49206
128,3072,n,1091358012,17120,4055,1278200,153,66
128,4096,t,1091037702,5596,2050,1360045,65793,65586
128,4096,n,1091508279,7043,2697,1699136,205,112
128,5120,t,1091238954,19956,2771,1687874,82228,81964
128,5120,n,1091202189,6444,5030,2137720,242,147
128,6144,t,1091082102,21438,2067,2019309,98635,98337
128,6144,n,1091200686,5372,4358,2587053,269,147
128,7168,t,1091162936,14332,2303,2441802,115042,114768
128,7168,n,1091063068,3984,2110,2966096,319,95
128,8192,t,1091085361,3564,2261,2686595,131462,131110
128,8192,n,1091148554,6050,4134,3401837,331,183
128,12288,t,1090986936,2786,2052,4069417,197137,196672
128,12288,n,1091159955,2429,2049,5077213,450,33
128,16384,t,1091220945,8367,2128,5331029,262801,262208
128,16384,n,1099238311,2271043,4830,6757993,604,261
128,32768,t,1091105842,5798,2365,10695074,525468,524400
128,32768,n,1091186767,6873,2869,13566885,1111,36
128,65536,t,1546934829,173016698,2446,21331722,1050832,1048902
128,65536,n,1091019992,5157,4330,26742946,2172,127
128,131072,t,1091128759,3815,2081,42723577,2101600,2098495
128,131072,n,1091066369,6290,5017,53449937,4262,113
128,262144,t,1091295302,15070,2872,85038533,4203243,4200373
128,262144,n,1091274309,8223,5353,106588389,8354,3450
128,524288,t,1091400846,7852,5725,169043277,8406416,8403189
128,524288,n,1091101487,8316,5511,213065271,16560,6764
128,1048576,t,1091288940,6369,5569,336952943,16812879,16810238
128,1048576,n,1091299951,7787,6709,425625893,32971,20207
128,1572864,t,1091590756,10591,6726,504723839,25220100,25218941
128,1572864,n,1462973997,140869553,2051,639039954,49404,328
512,16,t,2397000362,503317621,8828,7568,314,292
512,16,n,2397019843,503317592,8599,8719,66,43
512,128,t,2396993088,503317554,8990,50906,2118,2082
512,128,n,2397015881,503317638,8414,57114,59,33
512,512,t,2396996120,503317595,8450,204032,8297,8218
512,512,n,2397020273,503317562,8332,215829,73,37
512,1024,t,2397018811,503317565,8379,376280,16517,16426
512,1024,n,2397002664,503316808,8524,425350,84,46
512,2048,t,2396954120,503316884,8231,774941,32934,32815
512,2048,n,2396987817,503317574,8318,852431,143,56
512,3072,t,2317355147,471880516,8198,1103911,49359,49186
512,3072,n,2396991356,503316787,8263,1287414,148,67
512,4096,t,2396958315,503316799,8203,1345117,65782,65580
512,4096,n,2396445553,503120668,8609,1704315,201,101
512,5120,t,2396940578,503317637,8206,1673444,82222,81966
512,5120,n,2397009547,503317572,8430,2156918,226,90
512,6144,t,2396404292,503118070,8203,2024371,98635,98346
512,6144,n,2396995516,503316887,8206,2553836,273,170
512,7168,t,2396984511,503317582,8192,2350658,115040,114738
512,7168,n,2397002253,503317554,8200,2995528,303,97
512,8192,t,2396960809,503317608,8193,2683146,131465,131131
512,8192,n,2397058582,503316454,11301,3411759,326,114
512,12288,t,2327599743,475798215,10852,4021323,197143,196651
512,12288,n,2397378030,503316793,27476,5094162,459,35
512,16384,t,2397006813,503317533,8521,5327468,262802,262198
512,16384,n,2396992099,503317641,8529,6735114,592,194
512,32768,t,2327131325,475738302,8200,10656662,525485,524386
512,32768,n,2397445956,503316964,32811,13541843,1102,126
512,65536,t,2397397361,503317530,16621,21794566,1050841,1050435
512,65536,n,2397609227,503314585,41903,26749720,2155,103
512,131072,t,2397750809,503315432,28385,43062563,2101526,2100949
512,131072,n,2397799905,503314173,47177,53473736,4260,273
512,262144,t,2398195701,503315696,35506,85445763,4202984,4202530
512,262144,n,2398042223,503315119,50401,106582647,8365,2019
512,524288,t,2398439420,503315393,38738,168872664,8406587,8405548
512,524288,n,2398177577,503313272,43861,213077329,16586,6724
512,1048576,t,2398721436,503116140,33785,336549981,16813042,16812181
512,1048576,n,2398620674,503315267,29163,425922640,33012,7938
512,1572864,t,2400251395,503316367,18077,504017588,25219349,25218471
512,1572864,n,2398787469,503317653,9008,637668455,49400,701
1024,16,t,2397138805,503317240,16987,7839,306,283
1024,16,n,2397183069,503317235,17101,9352,56,32
1024,128,t,2397203688,503317287,18130,51383,2115,2088
1024,128,n,2397144158,503317323,18261,55397,59,37
1024,512,t,2397118966,503317308,17060,200832,8317,8224
1024,512,n,2397129241,503317294,16588,215723,80,38
1024,1024,t,2397163238,503317276,17345,387819,16510,16423
1024,1024,n,2397168184,503317280,17706,423590,89,33
1024,2048,t,2397146620,503317269,17117,776168,32955,32814
1024,2048,n,2397179319,503317302,18524,855381,140,40
1024,3072,t,2397171112,503317282,18125,1147286,49375,49189
1024,3072,n,2397189266,503317277,18125,1267435,148,34
1024,4096,t,2397138205,503317129,17168,1536900,65800,65586
1024,4096,n,2397139765,503317272,16623,1693780,206,41
1024,5120,t,2397116591,503317270,16741,1931772,82207,82034
1024,5120,n,2397184843,503317301,17439,2127959,223,42
1024,6144,t,2397125193,503317305,16843,2291515,98628,98357
1024,6144,n,2397182719,503317271,17820,2563465,267,48
1024,7168,t,2397173195,503317282,17372,2681359,115067,114831
1024,7168,n,2397168411,503317251,17461,2970426,293,49
1024,8192,t,2397114878,503317306,16435,2709313,131494,131159
1024,8192,n,2397148609,503317276,16499,3412535,339,224
1024,12288,t,2397116194,503317320,16404,4007571,197122,196652
1024,12288,n,2397193337,503317260,17781,5111968,467,279
1024,16384,t,2397083064,503317297,16393,5341987,262789,262216
1024,16384,n,2397153049,503317249,16949,6722083,581,257
1024,32768,t,2397154575,503317254,16401,10660125,525507,524369
1024,32768,n,2397617320,503317253,43741,13520714,1113,128
1024,65536,t,2398006536,503317308,59066,21372126,1050827,1048968
1024,65536,n,2399019095,503317274,122011,26737587,2172,129
1024,131072,t,2398263173,503317360,72035,42729546,2101611,2098760
1024,131072,n,2398417038,503317258,85107,53478753,4250,295
1024,262144,t,2398771272,503317334,91271,85004680,4203211,4200378
1024,262144,n,2399679029,503317212,148654,106672519,8339,2465
1024,524288,t,2399692650,503317482,77143,169308608,8405701,8405275
1024,524288,n,2399664911,503317282,132182,213067540,16567,6733
1024,1048576,t,2401401000,503317309,151000,337132632,16812862,16810788
1024,1048576,n,2398940264,503317267,45074,425430719,32948,22231
1024,1572864,t,2402309161,503317309,144760,504018053,25219478,25217885
1024,1572864,n,2399145216,503317276,18414,638947727,49423,1556
2048,16,t,2397480494,503317166,36756,7852,309,292
2048,16,n,2397480632,503317138,35088,8955,46,24
2048,128,t,2397451818,503317194,34148,50758,2124,2083
2048,128,n,2397473056,503317170,35544,55593,50,31
2048,512,t,2397474465,503317143,35816,197004,8300,8232
2048,512,n,2397484671,503317199,36197,220955,65,34
2048,1024,t,2397415560,503317174,34700,392247,16508,16414
2048,1024,n,2397506667,503317326,36405,426549,87,33
2048,2048,t,2397456833,503317226,34949,785986,32948,32819
2048,2048,n,2397483720,503317174,34750,848947,120,34
2048,3072,t,2397439457,503317210,34630,1164533,49366,49182
2048,3072,n,2397500319,503317155,36222,1285856,165,39
2048,4096,t,2397471482,503317178,36640,1554570,65804,65640
2048,4096,n,2397542151,503317273,36753,1705459,188,35
2048,5120,t,2397460386,503317220,34705,1934444,82232,82090
2048,5120,n,2397497114,503317177,35241,2130272,234,58
2048,6144,t,2397512203,503317184,37324,2322254,98635,98458
2048,6144,n,2397498580,503317184,36878,2562296,264,41
2048,7168,t,2397481757,503317191,35284,2692266,115060,114782
2048,7168,n,2397535992,503317189,36287,2982533,305,44
2048,8192,t,2397556637,503317193,37650,3047698,131470,131300
2048,8192,n,2397517247,503317199,36562,3414381,324,52
2048,12288,t,2397513418,503317219,35526,4446325,197183,196982
2048,12288,n,2397516303,503317163,35618,5081021,476,37
2048,16384,t,2397548986,503317202,36008,5764529,262827,262584
2048,16384,n,2397499032,503317181,35069,6790472,602,35
2048,32768,t,2397560385,503317220,34717,11039504,525516,525374
2048,32768,n,2397561347,503317166,36400,13490138,1111,41
2048,65536,t,2398682346,503317203,106557,21376150,1050872,1049283
2048,65536,n,2398756686,503317204,109715,26841640,2144,277
2048,131072,t,2399092067,503317206,119593,42617201,2101642,2099422
2048,131072,n,2399668337,503317217,164774,53482682,4235,523
2048,262144,t,2399139198,503317229,105889,84885290,4203285,4202118
2048,262144,n,2399659317,503317204,150458,107331540,8366,934
2048,524288,t,2399644172,503317269,99422,168953350,8406539,8405923
2048,524288,n,2399834562,503317225,138524,212985232,16566,6942
2048,1048576,t,2400812602,503317208,117672,336895494,16812938,16811512
2048,1048576,n,2399684606,503317208,83917,426103739,33010,4594
2048,1572864,t,2401688496,503317684,50762,504504374,25217483,25216650
2048,1572864,n,2399476022,503317180,36486,639113821,49427,5082
3072,16,t,2397775426,503317178,54362,7818,308,292
3072,16,n,2397874679,503317233,56602,8381,53,27
3072,128,t,2398001594,503317184,63312,50906,2104,2076
3072,128,n,2397823779,503317235,55554,55017,56,36
3072,512,t,2398027718,503317293,61158,197396,8303,8235
3072,512,n,2398276457,503318865,75017,218809,67,31
3072,1024,t,2397851599,503317268,56066,391693,16505,16413
3072,1024,n,2397861382,503317249,55524,430034,95,35
3072,2048,t,2398484693,503317249,87107,789630,32927,32812
3072,2048,n,2397891143,503318699,56296,859169,124,55
3072,3072,t,2397849957,503317229,56459,1182168,49324,49183
3072,3072,n,2397863174,503317264,55732,1277365,171,50
3072,4096,t,2398028537,503317269,60956,1584438,65772,65591
3072,4096,n,2533743534,503319263,8738069,1715806,199,59
3072,5120,t,2397867141,503317242,56007,1955032,82218,82005
3072,5120,n,2397837100,503317229,54788,2139587,228,50
3072,6144,t,2397852506,503317278,55123,2309328,98634,98402
3072,6144,n,2397845039,503318712,54941,2567857,275,59
3072,7168,t,2397943570,503317245,58709,2692643,115074,114948
3072,7168,n,2397859654,503317223,55213,2988706,298,43
3072,8192,t,2398080238,503317236,58397,3018491,131501,131349
3072,8192,n,2397911698,503317237,56553,3421642,337,36
3072,12288,t,2397926802,503317285,55908,4381807,197176,196999
3072,12288,n,2397884823,503317221,54625,5094007,468,33
3072,16384,t,2397877291,503317272,53688,5691287,262843,262673
3072,16384,n,2397877984,503318858,54708,6791150,599,80
3072,32768,t,2397859232,503317250,54560,10747724,525471,524750
3072,32768,n,2398303850,503317300,72742,13499549,1191,460
3072,65536,t,2398150573,503318991,56348,21553299,1050849,1050709
3072,65536,n,2399569522,503317270,159993,26808157,2149,456
3072,131072,t,2400200631,503317266,182823,42568387,2101738,2100271
3072,131072,n,2399928797,503317263,181502,53434432,4250,727
3072,262144,t,2544191771,503317828,9310674,86448783,4203126,4202867
3072,262144,n,2400260277,503317259,189981,106677701,8338,1563
3072,524288,t,2400546767,503317271,148039,168899649,8406631,8406196
3072,524288,n,2576778290,503317292,11318632,214410549,16636,7643
3072,1048576,t,2403894738,503318851,241104,336670082,16812546,16812053
3072,1048576,n,2400898121,503318973,146575,425585675,32976,23506
3072,1572864,t,2455828189,503317752,3093298,512228463,25217521,25216583
3072,1572864,n,2399890497,503317258,55931,638683817,49390,13127
4096,16,t,2537727658,503402311,8926713,7541,311,295
4096,16,n,2753088419,503403607,23317317,8821,60,35
4096,128,t,2399064508,503400437,78426,51412,2120,2087
4096,128,n,2667974886,503402978,17287309,56526,48,31
4096,512,t,2532032519,503401514,8584426,204279,8311,8232
4096,512,n,2648404600,503402716,16424113,214724,61,32
4096,1024,t,2659421254,503401480,16787638,408018,16528,16446
4096,1024,n,2624372225,503402504,14971119,434485,110,54
4096,2048,t,2399034173,503400398,81686,795746,32929,32836
4096,2048,n,2508655092,503400884,7104451,854981,120,34
4096,3072,t,2399270122,503398974,91981,1206767,49366,49267
4096,3072,n,2646844976,503402916,15925141,1292432,162,74
4096,4096,t,2691219972,503402957,18907240,1608994,65808,65653
4096,4096,n,2399209137,503400373,88832,1713276,218,147
4096,5120,t,2399939419,503397795,130763,1960077,82235,82079
4096,5120,n,2647370214,503402872,15434829,2163364,222,90
4096,6144,t,2650667919,503401294,16922597,2345625,98670,98432
4096,6144,n,2669262507,503404256,17327485,2601260,267,101
4096,7168,t,2537142200,503400455,8945172,2665378,115058,114997
4096,7168,n,2399206179,503400319,83746,2998315,279,56
4096,8192,t,2400019266,503400287,128062,3052859,131499,131426
4096,8192,n,2794500613,503402403,25763299,3449970,324,99
4096,12288,t,2648206938,503401465,16428969,4501898,197193,197153
4096,12288,n,2532016490,503399879,8589790,5098896,466,43
4096,16384,t,2400430610,503399738,149208,5766571,262906,262864
4096,16384,n,2649714034,503402665,15961907,6876983,600,441
4096,32768,t,2399882459,503400382,115588,10993714,525518,525378
4096,32768,n,2762524743,503401959,23791549,13635215,1115,213
4096,65536,t,2532978628,503401661,8586250,21935511,1050912,1050809
4096,65536,n,2669386324,503401541,17369286,27092884,2171,578
4096,131072,t,2403963510,503399130,339810,42625593,2101991,2100920
4096,131072,n,2674931230,503401390,18043891,53961126,4256,1316
4096,262144,t,2646604889,503401395,16145808,87187325,4202993,4202790
4096,262144,n,2627276152,503400906,15094909,107527324,8379,3925
4096,524288,t,2656724696,503403199,16853317,170968236,8405700,8405326
4096,524288,n,2402275011,503397571,238980,212899446,16573,8786
4096,1048576,t,2647806813,503403170,15915624,342635009,16811748,16811385
4096,1048576,n,2402323889,503397518,188943,425336637,32965,23838
4096,1572864,t,2668027203,503403965,16785369,516139323,25218651,25217474
4096,1572864,n,2657946629,503399632,16097769,644306801,49487,25013
5120,16,t,2610408240,504308335,13585908,9146,327,300
5120,16,n,2851002849,504308373,28539659,8952,71,36
5120,128,t,2560639740,504308319,9733138,52265,2113,2084
5120,128,n,2840627032,504308484,28232065,56369,53,40
5120,512,t,2820251910,504308332,27138442,210186,8322,8239
5120,512,n,3170554255,504308861,49400630,219085,85,36
5120,1024,t,2876121715,504308503,27831116,418705,16557,16448
5120,1024,n,2853931855,504308648,28930706,442512,91,47
5120,2048,t,2621596772,504308236,14197494,843354,32935,32844
5120,2048,n,3202280251,504308938,50910929,874838,128,114
5120,3072,t,2958815484,504308492,36090582,1253878,49376,49270
5120,3072,n,3149847987,504308668,48187952,1315533,154,102
5120,4096,t,2840122261,504308559,27910632,1638418,65786,65691
5120,4096,n,2959583875,504308708,36038141,1771039,196,103
5120,5120,t,3346898782,504309017,56629047,2073460,82241,82114
5120,5120,n,2863091908,504308570,29713998,2184859,249,74
5120,6144,t,2871080128,504308643,30025017,2399667,98671,98555
5120,6144,n,2862012117,504308648,29349229,2626243,259,141
5120,7168,t,3325419621,504309063,59910020,2813867,115080,115025
5120,7168,n,3285647575,504308725,53843030,3100281,314,125
5120,8192,t,2833761801,504308426,27696106,3166252,131494,131413
5120,8192,n,2906014121,504308486,32707937,3506631,374,294
5120,12288,t,3265038554,504309045,55032858,4629365,197176,197070
5120,12288,n,3370268576,504308838,61962119,5268647,475,250
5120,16384,t,3237352226,504308780,53559805,6157958,262877,262804
5120,16384,n,2940806626,504308404,34638128,6943981,605,140
5120,32768,t,2740011892,504308511,21575796,11819722,525529,525462
5120,32768,n,3262924998,504308763,55326995,13830064,1108,398
5120,65536,t,2869470189,504308492,29831626,23517351,1050887,1050779
5120,65536,n,2652826432,504308181,16100178,27067212,2198,841
5120,131072,t,2892184029,504308534,29232130,46321379,2101602,2101495
5120,131072,n,2897767017,504308450,31088714,54434807,4241,2322
5120,262144,t,3027263313,504308804,39818539,93452999,4203058,4202802
5120,262144,n,2973358829,504308759,36211754,109032067,8366,4205
5120,524288,t,3045428052,504309052,39849835,185340629,8406298,8405909
5120,524288,n,2736904032,504308319,20716714,215680567,16600,11235
5120,1048576,t,3013433527,504309248,36743722,373726218,16811498,16810832
5120,1048576,n,3099254703,504308660,43613372,436320270,33361,19001
5120,1572864,t,3304514588,504309619,53871831,556976735,25218096,25217075
5120,1572864,n,2749249037,504308357,21313394,646837826,49624,34137
6144,16,t,3691091492,504308378,78331504,8372,315,301
6144,16,n,2621561545,504307370,12527423,9243,54,39
6144,128,t,3658750972,504308473,78372090,57321,2120,2095
6144,128,n,3717939150,504308374,81977408,56154,71,43
6144,512,t,4007130217,504308879,103834003,221102,8312,8240
6144,512,n,3827005891,504308448,91435653,226350,69,40
6144,1024,t,3652585815,504308313,77104156,422928,16518,16464
6144,1024,n,3567483142,504308127,72562091,444403,76,41
6144,2048,t,4183408737,504308814,112472732,841753,32953,32869
6144,2048,n,3536517048,504308034,73047707,890022,140,64
6144,3072,t,3740624212,504308201,82485424,1263966,49349,49318
6144,3072,n,3382318752,504307875,59483815,1355604,170,102
6144,4096,t,3089709404,504307804,41873663,1651429,65825,65786
6144,4096,n,3306354194,504308018,53936240,1788869,205,110
6144,5120,t,3382361302,504308105,59549645,2043553,82275,82207
6144,5120,n,3357383900,504308059,54821708,2231221,245,78
6144,6144,t,3320948511,504307906,59162626,2420670,98694,98627
6144,6144,n,3236176886,504307923,53317251,2691764,304,212
6144,7168,t,3493264677,504308034,66750730,2785260,115094,115085
6144,7168,n,3554424117,504308270,73162589,3093760,368,137
6144,8192,t,3681154376,504308418,79585728,3163241,131509,131501
6144,8192,n,3614424441,504308453,75634394,3575531,368,136
6144,12288,t,3707724713,504308425,77992046,4666013,197189,197135
6144,12288,n,3578792515,504308123,74996693,5302754,464,139
6144,16384,t,3682755219,504308378,81655373,6193739,262867,262835
6144,16384,n,3314963852,504307985,58815698,7010103,663,140
6144,32768,t,3373122621,504308113,62506558,12072732,525522,525440
6144,32768,n,3504973267,504308195,70064337,14065474,1165,472
6144,65536,t,3699794251,504308441,82728999,23125247,1051712,1051604
6144,65536,n,3415038287,504308285,63598303,27749970,2167,1334
6144,131072,t,3544383927,504308201,72964136,45142793,2104993,2104897
6144,131072,n,3491495711,504308224,70025300,55542935,4257,3027
6144,262144,t,4093207666,504310015,102640386,88569808,4206975,4206864
6144,262144,n,3488191296,504308171,68040540,110707175,8417,5471
6144,524288,t,3400729578,504308167,60386200,177890067,8416927,8416798
6144,524288,n,3820564684,504308488,90146284,221486926,16623,12787
6144,1048576,t,3885657502,504308825,93801810,359606516,16836471,16836116
6144,1048576,n,3648669904,504308347,75330178,441706050,33134,28808
6144,1572864,t,3909025013,504309012,91558989,548859328,25244107,25243374
6144,1572864,n,3871691270,504308592,91904887,665453203,49530,41881
7168,16,t,5060585201,504243263,171165322,8135,313,298
7168,16,n,2998845518,504241392,36810097,9253,49,40
7168,128,t,5047382854,504243290,167199968,56615,2120,2091
7168,128,n,2999590687,504242682,36444154,58004,57,42
7168,512,t,5198281486,504243404,180478753,207910,8306,8242
7168,512,n,5160279671,504243470,175452092,223064,73,56
7168,1024,t,3054736987,504241663,39531104,418975,16520,16447
7168,1024,n,3040507068,504242182,39255008,445715,99,75
7168,2048,t,3026558953,504242183,38830599,842819,32989,32857
7168,2048,n,3137179671,504241768,46288551,893623,134,80
7168,3072,t,3081064136,504241569,43384372,1243123,49399,49264
7168,3072,n,5156500148,504243744,175933316,1346565,197,106
7168,4096,t,4725600479,504243205,143338457,1645223,65824,65785
7168,4096,n,4797632464,504243038,155455053,1827067,219,168
7168,5120,t,3085484403,504241491,43251731,2035089,82214,82182
7168,5120,n,5256348180,504243435,179269727,2292954,259,215
7168,6144,t,3047051941,504241568,40108992,2432832,98682,98662
7168,6144,n,3107486072,504242135,41798657,2786065,323,269
7168,7168,t,3048402821,504241475,38087515,2806874,115080,115057
7168,7168,n,3065034466,504241418,41483844,3190795,331,100
7168,8192,t,5484963647,504243654,195327841,3188759,131548,131507
7168,8192,n,3138067221,504241610,46572356,3638596,360,122
7168,12288,t,3060227772,504241842,40479182,4680897,197161,197130
7168,12288,n,5276079956,504243827,181174804,5440462,545,186
7168,16384,t,5120764929,504243765,172471378,6088120,262824,262790
7168,16384,n,3067057060,504241738,41775302,7214160,657,225
7168,32768,t,3093967413,504242427,42207584,11994772,525537,525484
7168,32768,n,4643612248,504242863,144276111,14349017,1129,1002
7168,65536,t,3108222824,504241764,44324497,23833160,1050867,1050813
7168,65536,n,3068303106,504241500,41667690,28472285,2176,1548
7168,131072,t,4858355901,504243176,152209543,47445067,2101570,2101453
7168,131072,n,3052823593,504241469,40552858,56897738,4285,3456
7168,262144,t,3131707304,504241928,45254859,94535380,4202962,4202770
7168,262144,n,3170329621,504241804,48413741,112068086,8451,6509
7168,524288,t,5202964374,504243694,179410004,187486168,8414874,8414575
7168,524288,n,5220668042,504244012,182251562,224772286,16804,13999
7168,1048576,t,3426623367,504242725,62295033,377378571,16811608,16810912
7168,1048576,n,5135348682,504243498,176237664,448537834,33366,27933
7168,1572864,t,3547215613,504242747,69589664,565936253,25217361,25216365
7168,1572864,n,3104315833,504241597,42289268,659025521,50567,46932
8192,16,t,6342216288,504310220,254615020,8343,318,296
8192,16,n,3551928895,504307490,73703315,10233,57,43
8192,128,t,6682326075,504310584,275784878,58941,2161,2091
8192,128,n,6189434511,504309884,242809222,58625,57,50
8192,512,t,3434592513,504309631,64274257,201456,8333,8249
8192,512,n,3480283223,504307616,68882327,219210,65,53
8192,1024,t,6360710142,504310122,255391206,408956,16503,16458
8192,1024,n,3494665521,504308970,69333826,444697,88,67
8192,2048,t,3444682381,504308046,65227234,807405,32960,32872
8192,2048,n,6402962604,504310264,257163791,892865,114,98
8192,3072,t,3459860143,504308079,66100822,1193694,49387,49303
8192,3072,n,3493212386,504309082,67486480,1335127,175,121
8192,4096,t,3498212967,504308012,68781770,1626472,65781,65735
8192,4096,n,6327231793,504310074,251784082,1788402,207,158
8192,5120,t,6176147572,504309929,246315767,1982547,82229,82210
8192,5120,n,3532558454,504308488,71415937,2301614,250,227
8192,6144,t,6922925626,504310825,296155499,2375065,98657,98606
8192,6144,n,3516610263,504308703,70447814,2772444,300,283
8192,7168,t,6487091717,504310227,266153196,2764449,115105,115073
8192,7168,n,6221057859,504310038,246694221,3267628,346,330
8192,8192,t,3621290358,504308987,78350300,3107987,131544,131480
8192,8192,n,6283922606,504310001,247496562,3704255,388,324
8192,12288,t,6489802655,504310243,263420351,4623760,197172,197165
8192,12288,n,3482416327,504307606,67145317,5476750,534,491
8192,16384,t,6874871634,504310765,290077544,6059090,262858,262832
8192,16384,n,3369630922,504307727,61596752,7234048,671,446
8192,32768,t,6331098560,504310104,252679259,11969903,525525,525478
8192,32768,n,3410433868,504307211,64481724,14440706,1181,902
8192,65536,t,3532434701,504308014,71123075,23852944,1050879,1050838
8192,65536,n,3457657602,504307572,67583088,28853260,2220,1912
8192,131072,t,3503282550,504307886,69005999,47369784,2101612,2101517
8192,131072,n,3547280056,504307545,73557203,57144666,4340,3688
8192,262144,t,6480911514,504310088,262234974,94577469,4203017,4202857
8192,262144,n,6610036349,504309964,271139687,113078259,8495,7686
8192,524288,t,3511067443,504314297,69191261,183189984,8421685,8421540
8192,524288,n,3507426116,504309400,67666322,222836458,16926,15651
8192,1048576,t,3707198770,504308706,79834415,377611318,16811667,16810956
8192,1048576,n,3545672098,504307838,70665623,442584441,34139,31882
8192,1572864,t,6738664087,504311425,276631071,565067357,25217298,25216293
8192,1572864,n,6694641926,504310586,272721171,671825887,50491,49335
12288,16,t,5377517670,504316045,197549361,7725,312,304
12288,16,n,5380239561,504313674,198448626,9043,46,40
12288,128,t,5368182997,504313345,198211313,49878,2112,2083
12288,128,n,5387326228,504314876,198038747,58648,50,41
12288,512,t,5377391852,504312069,197888086,227059,8289,8229
12288,512,n,5379267176,504315161,198218208,229076,64,57
12288,1024,t,5386270634,504314869,198925605,422062,16506,16449
12288,1024,n,5375434104,504317128,197777464,455311,88,38
12288,2048,t,5378184612,504313855,198650647,894024,32940,32809
12288,2048,n,5381213902,504314547,198374898,958931,118,63
12288,3072,t,5374971104,504314618,197455111,1269734,49367,49290
12288,3072,n,5379945618,504319952,197074185,1425646,154,107
12288,4096,t,5375898819,504314277,198480581,1711312,65799,65684
12288,4096,n,5358838904,504311115,198336173,1806569,184,32
12288,5120,t,5396262675,504313816,198605146,1971495,82227,82146
12288,5120,n,5365847507,504314501,197729348,2277220,228,44
12288,6144,t,5386425972,504317227,198200232,2318597,98640,98617
12288,6144,n,5390083288,504313841,198554774,2787911,312,229
12288,7168,t,5368495640,504318412,197728442,2988206,115077,114980
12288,7168,n,5350196394,504312816,196998232,3311343,322,206
12288,8192,t,5374727658,504315179,198363744,3519373,131500,131276
12288,8192,n,5373682589,504313605,199550747,3629315,339,54
12288,12288,t,5380220726,504316651,198547583,5151001,197172,196981
12288,12288,n,5357622465,504313689,197443013,5420047,451,40
12288,16384,t,5365994735,504316272,197839683,6283562,264347,263771
12288,16384,n,5369548268,504322801,197114177,7215002,605,164
12288,32768,t,5374116974,504318984,197907480,12600585,525552,525289
12288,32768,n,5364571225,504314427,197575073,14380768,1118,130
12288,65536,t,5353840392,504320229,198059855,24572022,1058445,1058203
12288,65536,n,5364293901,504314063,197645723,28576785,2192,806
12288,131072,t,5366394153,504329427,197453187,48469899,2114212,2113084
12288,131072,n,5362322512,504315001,197611294,56868855,4350,3213
12288,262144,t,5384541238,504340741,198201765,95513415,4223448,4222030
12288,262144,n,5362749442,504315449,197627832,112077667,8651,7548
12288,524288,t,5403619972,504354607,199126449,189034848,8439529,8438195
12288,524288,n,5378792828,504313275,197701805,221950343,17900,16904
12288,1048576,t,5433051684,504394655,200097867,375503242,16875024,16874095
12288,1048576,n,5386356318,504312208,197464675,441064679,35656,34729
12288,1572864,t,5457268712,504432379,200727050,562614911,25313840,25312475
12288,1572864,n,5433002960,504314335,198168078,662426697,51483,51338
16384,16,t,6581195521,504325780,280375270,7774,303,294
16384,16,n,6573669526,504320946,280125175,9488,59,37
16384,128,t,6569329489,504318151,279933705,54273,2131,2085
16384,128,n,6573589752,504327858,280302064,60957,68,35
16384,512,t,6569315477,504324184,279932645,222269,8332,8230
16384,512,n,6574832623,504317759,280520936,226462,77,41
16384,1024,t,6576830145,504326184,280366494,442029,16511,16418
16384,1024,n,6574429193,504324532,280289668,460320,112,53
16384,2048,t,6569138617,504318781,280117016,910737,32939,32806
16384,2048,n,6596532867,504332210,280142301,907300,130,30
16384,3072,t,6588902434,504331948,280211734,1346904,49380,49195
16384,3072,n,6579383393,504323203,280235004,1350425,156,49
16384,4096,t,6581173268,504322300,280199377,1808244,65785,65571
16384,4096,n,6585766158,504326463,280832873,1791779,192,65
16384,5120,t,6566231901,504321175,280150912,2240343,82217,81973
16384,5120,n,6573671573,504322842,280060461,2254966,220,39
16384,6144,t,6588065097,504324805,280173336,2674395,98654,98402
16384,6144,n,6587129274,504321730,280216620,2707277,271,46
16384,7168,t,6573775632,504321749,280261701,3087365,115057,114796
16384,7168,n,6572064169,504335609,279953175,3188749,296,57
16384,8192,t,6575574352,504320162,280046548,3140373,132414,132076
16384,8192,n,6579615112,504338541,280042326,3636209,336,52
16384,12288,t,6555406199,504327216,280470257,4734837,200340,199851
16384,12288,n,6599201645,504327737,280835367,5427829,487,48
16384,16384,t,6583814808,504319491,280432972,6656910,262846,262646
16384,16384,n,6582063376,504325575,280183637,7263667,582,35
16384,32768,t,6579124187,504319830,280506530,12586178,525511,525262
16384,32768,n,6577765802,504332023,280240907,14425102,1133,92
16384,65536,t,6588634025,504319687,280989551,24379845,1050921,1050718
16384,65536,n,6583369680,504327869,280278021,28685242,2194,703
16384,131072,t,6589460588,504340787,280411098,48766190,2116845,2115516
16384,131072,n,6581165851,504327597,280289051,57181428,4367,2742
16384,262144,t,6616401993,504322987,282180748,94349409,4203028,4202838
16384,262144,n,6602328448,504329795,280267781,112628072,8574,7016
16384,524288,t,6608898143,504393526,281084345,190895290,8457947,8456801
16384,524288,n,6595878488,504323669,280270978,223255897,17090,16029
16384,1048576,t,6647320424,504451729,281928576,380062429,16914434,16913238
16384,1048576,n,6619018180,504319298,280876681,443765204,34096,34000
16384,1572864,t,6679078236,504507846,283115960,569252516,25361300,25359919
16384,1572864,n,6635030822,504320401,280415222,663246653,51078,50971
32768,16,t,8475185954,504343279,406671317,7997,326,301
32768,16,n,8475122435,504355802,406463034,9501,60,38
32768,128,t,8475284020,504362487,406506086,49079,2108,2080
32768,128,n,8474520346,504350768,406412550,62241,48,34
32768,512,t,8470962865,504347146,406361721,208887,8324,8217
32768,512,n,8469874160,504357030,406676636,225995,69,34
32768,1024,t,8472050538,504349813,406447119,430566,16515,16427
32768,1024,n,8474092093,504354147,406381320,454108,87,33
32768,2048,t,8467924222,504360636,406474580,881838,32936,32807
32768,2048,n,8471193974,504360407,406412187,904243,118,43
32768,3072,t,8497006902,504340814,406969840,1352359,49361,49208
32768,3072,n,8463472559,504350041,406455363,1344395,155,35
32768,4096,t,8471915503,504351103,406599470,1797670,65804,65598
32768,4096,n,8466635929,504348264,406469691,1782743,209,55
32768,5120,t,8471136628,504343107,406623632,2200738,82214,81995
32768,5120,n,8467040393,504347168,406397073,2267211,242,37
32768,6144,t,8470634907,504345771,406654257,2674025,98633,98393
32768,6144,n,8469749202,504350284,406329041,2721052,262,49
32768,7168,t,8467222456,504356439,406562301,3137452,115065,114792
32768,7168,n,8469267068,504358785,406410141,3169554,298,63
32768,8192,t,8472704258,504353193,406680406,3512939,131491,131220
32768,8192,n,8473230149,504357590,406414329,3632486,329,44
32768,12288,t,8473503353,504359221,406736791,5166122,197169,196901
32768,12288,n,8471492771,504365912,406526080,5435290,458,34
32768,16384,t,8468183896,504348501,406434636,6650567,262841,262642
32768,16384,n,8468820199,504354306,406486090,7252145,592,41
32768,32768,t,8479859777,504350698,406697079,12656640,525540,525254
32768,32768,n,8479108128,504354630,406690209,14397541,1117,169
32768,65536,t,8479718828,504350523,406848749,24436556,1050862,1050575
32768,65536,n,8470721775,504353402,406417769,28765962,2240,769
32768,131072,t,8478130975,504373178,406633664,48845940,2119611,2118215
32768,131072,n,8480852620,504350433,406570365,57178316,4477,3008
32768,262144,t,8485253456,504391585,406785651,96578734,4238948,4237447
32768,262144,n,8489074061,504364489,406642058,112593957,8623,7238
32768,524288,t,8506406097,504438430,407130478,191944916,8488122,8486703
32768,524288,n,8494395821,504345425,406549540,223751822,17607,16620
32768,1048576,t,8536649110,504519707,407804804,382337572,16975221,16974055
32768,1048576,n,8518020691,504350938,406418485,445251181,34054,33075
32768,1572864,t,8597284404,504614854,409720038,572910173,25466521,25465051
32768,1572864,n,8538948784,504341962,406810232,666254951,50094,50005
65536,16,t,9438221720,504380774,470840932,7829,305,298
65536,16,n,9437235442,504376332,470637791,9183,49,30
65536,128,t,9438477224,504363110,470530218,49044,2107,2081
65536,128,n,9439095196,504381131,470691341,58371,53,36
65536,512,t,9441435934,504383285,470663788,208226,8323,8227
65536,512,n,9444676828,504374272,470814868,229609,74,39
65536,1024,t,9436213740,504379808,470632874,443744,16500,16419
65536,1024,n,9437949566,504371084,470693162,450253,78,38
65536,2048,t,9438035050,504370618,470739341,913928,32926,32795
65536,2048,n,9445325418,504378926,470768932,908725,128,38
65536,3072,t,9434979770,504383985,470639422,1373384,49378,49187
65536,3072,n,9432987749,504368827,470623008,1366476,160,38
65536,4096,t,9442659679,504386997,470611030,1835323,65770,65577
65536,4096,n,9435243419,504367661,470649233,1796180,185,41
65536,5120,t,9433372557,504379637,470731593,2345579,82224,81968
65536,5120,n,9436318183,504369185,470682448,2267730,239,49
65536,6144,t,9435812452,504369098,470668588,2764743,98653,98377
65536,6144,n,9433189436,504381931,470689480,2716162,253,42
65536,7168,t,9434644038,504363946,470675888,3162399,115055,114806
65536,7168,n,9436003355,504367880,470651916,3161491,300,47
65536,8192,t,9442672585,504376577,470647779,3603911,131470,131150
65536,8192,n,9443681717,504384008,470575994,3636344,322,50
65536,12288,t,9426303936,504380328,470601397,5226767,197181,196883
65536,12288,n,9437999021,504373823,470809501,5384423,498,65
65536,16384,t,9439785958,504377453,470622836,6714982,262860,262674
65536,16384,n,9434170095,504378382,470654469,7279057,615,38
65536,32768,t,9439224805,504372586,470747886,12649105,525536,525258
65536,32768,n,9424716537,504380930,470624028,14498673,1142,373
65536,65536,t,9426134987,504375085,470764384,24329767,1051152,1050881
65536,65536,n,9445094674,504370943,470896522,28777884,2187,645
65536,131072,t,9451809648,504383006,471025152,48693956,2114620,2113370
65536,131072,n,9447531029,504375815,470640118,57022033,4420,2544
65536,262144,t,9451998376,504398145,471153904,96274223,4223759,4222504
65536,262144,n,9436541923,504374567,470639168,112456245,8957,7691
65536,524288,t,9456515505,504435216,471254341,190904844,8467752,8466111
65536,524288,n,9461730647,504376439,471028593,223512597,17517,16524
65536,1048576,t,9496631915,504496366,471947664,380072805,16927834,16926268
65536,1048576,n,9478940849,504364879,470725413,444207035,35698,34501
65536,1572864,t,9535836701,504406239,472567408,565795789,25250037,25249005
65536,1572864,n,9513581281,504369553,470982076,665925526,49869,49807
131072,16,t,9923713264,504387876,500285831,7865,313,299
131072,16,n,9911926041,504378257,500067643,9219,64,38
131072,128,t,10024119295,504326785,504203118,56008,2113,2080
131072,128,n,9925423016,504388599,500296838,58037,57,50
131072,512,t,9928263704,504386506,500148194,219935,8297,8222
131072,512,n,9913574682,504386812,500094875,232376,72,38
131072,1024,t,9913104788,504386880,500100496,459723,16510,16418
131072,1024,n,9929360346,504390644,500134812,457058,85,36
131072,2048,t,10018754664,504328147,504134714,933887,32930,32800
131072,2048,n,9934334619,504384840,500197897,896972,107,99
131072,3072,t,9928570070,504385588,500120026,1169592,49353,49217
131072,3072,n,10010071367,504327282,504179800,1353969,147,27
131072,4096,t,10012180520,504325467,504280782,1509698,65798,65739
131072,4096,n,9958660354,504363843,501757080,1793572,197,180
131072,5120,t,10002591678,504327197,504263710,2404638,82238,82003
131072,5120,n,9952482948,504365564,501212834,2235165,252,225
131072,6144,t,10008383990,504327608,504212330,2827808,98643,98368
131072,6144,n,10010026462,504326011,504280623,2727010,309,297
131072,7168,t,9935688603,504378360,500772959,2671546,115099,115083
131072,7168,n,10008929488,504327006,504193717,3183776,296,57
131072,8192,t,10002968870,504326104,504281905,3025450,131517,131504
131072,8192,n,10023133083,504325927,504281831,3600247,396,376
131072,12288,t,10016468427,504327076,504282447,4520969,197183,197170
131072,12288,n,10009262530,504326119,504281675,5559929,558,553
131072,16384,t,9934266098,504378016,500147340,6011353,262863,262843
131072,16384,n,10006629901,504330311,504024335,7274702,602,45
131072,32768,t,10010899409,504326516,504281559,11832352,525497,525479
131072,32768,n,10016454092,504326306,504282353,14327302,1217,1194
131072,65536,t,10024124975,504326525,504281290,23954047,1051080,1050931
131072,65536,n,9921307660,504381107,500071077,28642684,2222,700
131072,131072,t,9934668682,504393180,500122146,49011830,2117032,2115704
131072,131072,n,10009813142,504326775,504261953,57055253,4421,2902
131072,262144,t,10013131397,504349912,504303645,96342314,4227507,4226409
131072,262144,n,10017095419,504329479,504192416,112631150,8897,7339
131072,524288,t,10027451403,504342218,504296450,189734431,8421284,8419535
131072,524288,n,10028393176,504326396,504243585,223817364,17197,16363
131072,1048576,t,9975823285,504449734,500436542,379299287,16867446,16866025
131072,1048576,n,9970011925,504386672,500118484,443968407,33609,33227
131072,1572864,t,10084469358,504363663,504320674,566357597,25253884,25252298
131072,1572864,n,10085946916,504326301,504282927,671327823,50844,50744
262144,16,t,10016917651,504325793,504311385,9959,314,301
262144,16,n,10016515804,504326282,504311869,9390,52,45
262144,128,t,10016494646,504326047,504311665,46400,2103,2089
262144,128,n,10017398346,504325520,504311155,58887,63,50
262144,512,t,10007428851,504325569,504311147,182307,8307,8252
262144,512,n,10025804172,504325683,504311337,226820,71,57
262144,1024,t,10028851265,504325682,504311285,368337,16523,16447
262144,1024,n,10016885026,504325240,504310881,440447,96,75
262144,2048,t,10011230911,504325547,504311135,750570,32931,32880
262144,2048,n,10025014061,504325470,504311132,893593,113,103
262144,3072,t,10026636019,504325710,504311454,1134773,49374,49314
262144,3072,n,10004704370,504325253,504311017,1334289,159,132
262144,4096,t,10017913975,504380664,504367402,1525426,65759,65725
262144,4096,n,10006477046,504329965,504314606,1838112,192,37
262144,5120,t,10021143875,504326062,504311739,1897454,82234,82210
262144,5120,n,10020519100,504325846,504311700,2234458,237,215
262144,6144,t,10012062963,504325845,504311444,2282968,98676,98657
262144,6144,n,10004889906,504325458,504311218,2692126,283,265
262144,7168,t,10006393676,504325144,504310846,2676238,115096,115073
262144,7168,n,10028120954,504325370,504311251,3162329,334,323
262144,8192,t,10026736092,504325899,504311663,3052816,131506,131490
262144,8192,n,10026603532,504325619,504311338,3663302,365,358
262144,12288,t,10025460572,504325795,504311422,4557632,197222,197193
262144,12288,n,10015373318,504325532,504311263,5402392,531,530
262144,16384,t,10006833508,504325852,504311487,5963143,262852,262843
262144,16384,n,10014581339,504325780,504311538,7353571,690,688
262144,32768,t,10006348685,504325418,504311113,11854712,525541,525512
262144,32768,n,10028501277,504327377,504312899,14577626,1236,1189
262144,65536,t,10029079703,504325648,504313298,23639658,1050863,1050826
262144,65536,n,10015766506,504326607,504309199,28774026,2198,895
262144,131072,t,10013593719,504361404,504345964,49646045,2133912,2133375
262144,131072,n,10018168179,504332202,504314782,57321618,4474,2508
262144,262144,t,10037908018,504334301,504319120,95576020,4208723,4208308
262144,262144,n,10029227921,504327492,504310378,112865587,8925,7121
262144,524288,t,10039664240,504368993,504353546,190148442,8445930,8445301
262144,524288,n,10030609320,504327190,504309988,223704166,17656,16903
262144,1048576,t,10051715117,504385532,504370429,378854638,16870655,16869184
262144,1048576,n,10060716761,504332079,504315816,446017444,34413,32073
262144,1572864,t,10080436586,504342211,504327850,566351240,25233914,25232080
262144,1572864,n,10085641657,504326118,504311592,670744632,50891,50746
524288,16,t,9992022539,504325434,504311136,8281,320,309
524288,16,n,9997283094,504354425,504342813,9153,53,41
524288,128,t,10003312143,504346901,504332484,58795,2131,2089
524288,128,n,9991161023,504325913,504311632,59734,61,51
524288,512,t,9991716069,504353071,504340678,180266,8328,8241
524288,512,n,9993390976,504331183,504315222,230253,67,34
524288,1024,t,10007782357,504325522,504311329,372293,16554,16456
524288,1024,n,9993804119,504325705,504311495,448280,93,75
524288,2048,t,9996048830,504325717,504311389,747982,32947,32879
524288,2048,n,9986295644,504325330,504311141,903657,110,101
524288,3072,t,9993833443,504325343,504311007,1137443,49392,49308
524288,3072,n,9984510404,504381384,504371876,1327777,145,135
524288,4096,t,9992756669,504330042,504313668,1678342,66737,66516
524288,4096,n,9994455383,504325363,504311239,1779603,180,160
524288,5120,t,10002439809,504325507,504311214,1908916,82286,82231
524288,5120,n,9993483313,504325302,504311268,2235181,224,209
524288,6144,t,9986681966,504326100,504311884,2293670,98649,98630
524288,6144,n,9997754527,504325358,504311012,2737454,293,274
524288,7168,t,9992211886,504325995,504311685,2699232,115077,115068
524288,7168,n,9997808516,504325099,504311039,3116664,325,312
524288,8192,t,10009194309,504326412,504312118,3032908,131522,131513
524288,8192,n,9986112890,504325403,504311175,3621287,418,395
524288,12288,t,9992166010,504325672,504311408,4527569,197169,197152
524288,12288,n,9991970292,504325257,504310914,5545475,578,571
524288,16384,t,9986464693,504372531,504361968,6001499,262840,262806
524288,16384,n,9998437987,504333300,504319347,7396513,577,36
524288,32768,t,9998324958,504381930,504372442,11870848,525518,525486
524288,32768,n,9996475660,504334481,504318325,14715756,1122,88
524288,65536,t,9987850525,504410001,504399971,25959497,1071368,1069617
524288,65536,n,9996706555,504333030,504316414,28922295,2291,1209
524288,131072,t,10011574169,504352329,504337262,49150545,2119083,2117715
524288,131072,n,9999777426,504340034,504324146,57380181,4444,3219
524288,262144,t,10018281327,504363491,504348356,96496062,4235469,4234962
524288,262144,n,10005492288,504389803,504378938,113037589,9005,8310
524288,524288,t,10010033504,504371631,504355601,190582266,8452137,8451590
524288,524288,n,10022223779,504332501,504316067,224022496,17814,17079
524288,1048576,t,10029340437,504449445,504438611,378744383,16879403,16878697
524288,1048576,n,10039974583,504325947,504311583,447221736,33862,33769
524288,1572864,t,10069642641,504337586,504323195,566370422,25231357,25229812
524288,1572864,n,10062166743,504325733,504311381,671682820,50912,50808
1048576,16,t,9980094150,504326024,504311757,7751,316,299
1048576,16,n,9956096001,504393553,504384016,10544,64,53
1048576,128,t,9976122859,504386996,504376684,56896,2140,2095
1048576,128,n,9964311324,504388069,504377707,61524,55,38
1048576,512,t,9962620314,504392418,504381905,210866,8281,8230
1048576,512,n,9964812119,504390214,504378923,233014,92,52
1048576,1024,t,9955075599,504392129,504380420,438691,17280,17185
1048576,1024,n,9964398637,504389012,504378565,472966,93,38
1048576,2048,t,9964923345,504392744,504382920,1005748,32933,32804
1048576,2048,n,9963480326,504382850,504372110,922399,114,38
1048576,3072,t,9973001199,504388319,504378343,1528266,49356,49190
1048576,3072,n,9955683458,504395508,504386662,1388046,171,47
1048576,4096,t,9964787016,504392119,504381181,1710908,67393,67186
1048576,4096,n,9963741436,504378761,504367739,1867630,202,49
1048576,5120,t,9964180329,504391007,504381348,2441059,82237,81966
1048576,5120,n,9964188714,504387418,504377974,2312048,233,60
1048576,6144,t,9966441221,504393494,504383222,2917899,98637,98375
1048576,6144,n,9966144864,504384941,504375345,2770153,272,60
1048576,7168,t,9966533205,504392020,504381844,2893710,115451,115149
1048576,7168,n,9970555062,504334923,504321373,3246446,291,40
1048576,8192,t,9973823866,504383522,504374511,3027319,131513,131503
1048576,8192,n,9963231345,504342551,504327926,3676334,323,41
1048576,12288,t,9965283576,504395004,504384581,5042124,201545,201061
1048576,12288,n,9964317497,504387984,504376727,5555582,483,48
1048576,16384,t,9956491969,504396336,504386199,6596163,265504,264909
1048576,16384,n,9970475142,504356754,504344792,7409863,582,51
1048576,32768,t,9969553246,504401859,504391930,13084346,534689,533547
1048576,32768,n,9975694543,504389738,504379664,14646474,1132,78
1048576,65536,t,9966878534,504390060,504380803,24501860,1050864,1050690
1048576,65536,n,9966271367,504389809,504378195,28975975,2188,667
1048576,131072,t,9961421779,504406981,504396618,49334047,2118229,2117579
1048576,131072,n,9968324750,504390547,504378626,57441780,4436,2489
1048576,262144,t,9975498653,504423226,504412908,96407387,4236063,4235617
1048576,262144,n,9976319818,504389382,504378652,112808765,9003,8511
1048576,524288,t,9987604582,504417173,504407942,189990753,8430401,8429709
1048576,524288,n,9985940426,504389843,504378187,224216171,17869,17262
1048576,1048576,t,10008538793,504453904,504444312,378353049,16879637,16878908
1048576,1048576,n,10016564397,504391660,504381272,446438747,35628,33575
1048576,1572864,t,10030833497,504409485,504399507,565886985,25255799,25255108
1048576,1572864,n,10048302167,504385697,504376376,675211526,50800,50682
1572864,16,t,9960516130,504390479,504381475,7613,305,297
1572864,16,n,9974109214,504390606,504380536,11427,61,47
1572864,128,t,9968314248,504386227,504376242,51341,2127,2093
1572864,128,n,9961155001,504382932,504372156,58603,58,40
1572864,512,t,9966675920,504390833,504380712,214928,8341,8244
1572864,512,n,9960080405,504392434,504382943,233432,68,42
1572864,1024,t,9963465207,504391362,504381102,435184,16935,16849
1572864,1024,n,9964613621,504393300,504383162,462410,102,45
1572864,2048,t,9961257151,504390597,504379578,866353,33126,32995
1572864,2048,n,9960560987,504394913,504383847,926104,126,45
1572864,3072,t,9959994023,504392402,504382272,1210162,49762,49614
1572864,3072,n,9960157606,504397213,504387724,1378899,156,44
1572864,4096,t,9968009627,504391857,504381683,1660117,66594,66391
1572864,4096,n,9960223890,504388117,504378481,1891626,198,37
1572864,5120,t,9960087424,504390165,504380134,2042599,83332,83070
1572864,5120,n,9973544818,504395107,504385855,2277643,263,75
1572864,6144,t,9964460104,504397074,504386498,2492159,99794,99528
1572864,6144,n,9950632109,504384245,504374489,2809412,250,33
1572864,7168,t,9959344036,504394106,504383931,2959217,116916,116606
1572864,7168,n,9966404269,504334782,504321001,3169414,323,114
1572864,8192,t,9965266001,504394266,504384311,3305973,135026,134669
1572864,8192,n,9959281285,504385214,504374703,3688746,332,50
1572864,12288,t,9960562013,504391660,504382011,4910268,198887,198408
1572864,12288,n,9960100109,504388295,504378553,5495226,488,68
1572864,16384,t,9965465116,504398971,504388808,6563304,266370,265750
1572864,16384,n,9965883811,504383988,504375103,7507388,592,37
1572864,32768,t,9961790429,504401263,504391722,13149080,531424,530300
1572864,32768,n,9952786770,504388906,504379134,14755098,1120,59
1572864,65536,t,9978533344,504400776,504391629,25582073,1061242,1059367
1572864,65536,n,9964604317,504390156,504379621,29248068,2194,510
1572864,131072,t,9958533279,504419021,504409723,49805711,2126585,2125963
1572864,131072,n,9975894593,504390406,504378965,57796182,4378,2101
1572864,262144,t,9973372858,504438516,504428975,97035519,4247239,4246606
1572864,262144,n,9986082683,504389730,504378575,113420413,8846,5659
1572864,524288,t,9985600075,504447693,504438193,190932857,8459923,8459272
1572864,524288,n,9984854260,504391289,504380433,224830089,17867,17039
1572864,1048576,t,10013369885,504454412,504445094,378597241,16891043,16890448
1572864,1048576,n,10011207521,504390418,504380654,446681363,35633,33521
1572864,1572864,t,10011473528,504460081,504450765,559751877,25289151,25288442
1572864,1572864,n,10022862624,504382714,504373336,673372393,50826,50486
