16,16,t,645642495,333,257,7350,312,291
16,16,n,640277785,371,262,8647,54,34
16,128,t,647443090,333,256,49516,2140,2083
16,128,n,647216390,339,258,55089,58,34
16,512,t,653685010,325,257,198069,8310,8226
16,512,n,646879127,338,258,213087,67,34
16,1024,t,713468688,325,258,390971,16517,16418
16,1024,n,669703253,481,257,422510,97,37
16,2048,t,763479206,414,308,768166,32925,32810
16,2048,n,640056110,320,259,855349,105,44
16,3072,t,643447437,328,256,1020127,49352,49199
16,3072,n,662973709,534,446,1272550,153,81
16,4096,t,640453240,660,593,1365210,65878,65645
16,4096,n,645650299,806,747,1707406,174,108
16,5120,t,620753211,912,832,1695135,82339,82119
16,5120,n,674921801,530,429,2128310,224,125
16,6144,t,647602850,812,696,2020031,98733,98448
16,6144,n,762051085,547,471,2574717,277,142
16,7168,t,668919348,836,724,2351466,115149,114836
16,7168,n,645382220,431,357,2967628,300,152
16,8192,t,766555720,1171,1059,2684375,131675,131313
16,8192,n,644968237,674,592,3413481,321,62
16,12288,t,763692721,1015,934,4013289,197293,196834
16,12288,n,647338196,1280,1197,5050737,473,107
16,16384,t,766212075,1147,1064,5362109,263032,262418
16,16384,n,645098908,676,593,6762069,589,32
16,32768,t,766695747,2238,2158,10673027,526095,524986
16,32768,n,638217939,632,524,13531093,1138,148
16,65536,t,760439150,4641,4567,21345189,1051526,1049474
16,65536,n,643327801,1197,1107,26771799,2154,509
16,131072,t,767640309,5075,4978,42685408,2102935,2099393
16,131072,n,643507649,506,422,53524951,4238,317
16,262144,t,761367146,8763,8654,83961265,4205640,4201902
16,262144,n,762260390,856,782,106670249,8369,1159
16,524288,t,754235377,16430,16321,169411267,8410954,8407825
16,524288,n,645808184,672,581,213160177,16612,6855
16,1048576,t,750909513,30919,30782,337003927,16821640,16818640
16,1048576,n,643674510,838,762,425493639,33143,22254
16,1572864,t,747149194,45919,45817,504743655,25232954,25231256
16,1572864,n,646117650,375,286,639193991,49410,341
128,16,t,1091006532,6384,2048,7527,306,292
128,16,n,1091056017,15145,2050,8626,45,32
128,128,t,1462554067,140837389,2049,51331,2116,2083
128,128,n,1090923420,8933,2050,54809,54,33
128,512,t,1091165169,2702,2055,198346,8348,8226
128,512,n,1091145098,18469,2351,212989,76,46
128,1024,t,1091052285,3837,2050,371923,16516,16416
128,1024,n,1090983075,6469,2050,422781,104,53
128,2048,t,1091025093,2708,2052,768632,32931,32809
128,2048,n,1091048206,15427,2052,852606,128,73
128,3072,t,1091078879,3949,2056,1022349,49355,49186
128,3072,n,1091405478,8581,6436,1279089,146,112
128,4096,t,1091301537,3660,2081,1358963,65797,65575
128,4096,n,1091268815,7140,2527,1703915,185,127
128,5120,t,1091090701,9470,3689,1682766,82202,81957
128,5120,n,1090950161,3919,2818,2132564,220,148
128,6144,t,1091111734,20553,2056,2022983,98638,98353
128,6144,n,1091153548,17677,5027,2589686,282,158
128,7168,t,1091122059,22106,2631,2359895,115040,114741
128,7168,n,1091149108,5463,3932,2972635,308,84
128,8192,t,1091260130,3725,2129,2675134,131459,131129
128,8192,n,1091107251,4088,2495,3410836,323,56
128,12288,t,1091092028,4211,2179,4007753,197137,196663
128,12288,n,1091231117,20925,4597,5095855,468,197
128,16384,t,1504161148,157034277,2089,5351764,262804,262207
128,16384,n,1091109368,7683,5600,6766103,596,109
128,32768,t,1091130404,7409,2146,10672563,525471,524345
128,32768,n,1091032312,19628,5376,13546374,1112,154
128,65536,t,1091167356,3296,2762,21338575,1050834,1048814
128,65536,n,1091208139,25381,4570,26799148,2146,241
128,131072,t,1091245430,6004,4376,42653966,2101533,2098037
128,131072,n,1091155227,11338,6826,53507516,4232,1529
128,262144,t,1505374956,157283681,6093,85061941,4203204,4199635
128,262144,n,1091182405,10409,5556,106649208,8366,708
128,524288,t,1091867401,18967,3902,168917054,8406501,8403178
128,524288,n,1091269611,11974,8260,212989237,16554,6836
128,1048576,t,1091278816,9256,3974,336925618,16812841,16809777
128,1048576,n,1090988950,11109,3805,425506276,32967,21403
128,1572864,t,1091672985,8350,6830,504196110,25219725,25218081
128,1572864,n,1547047257,173267522,2048,639038330,49406,393
512,16,t,2397005340,503317633,8194,7682,307,293
512,16,n,2396454006,503117911,8384,8642,48,36
512,128,t,2396969752,503317563,8193,51402,2125,2078
512,128,n,2397007039,503317554,8758,55942,69,30
512,512,t,2397011842,503317422,8640,199764,8299,8227
512,512,n,2317350869,471887480,8195,212919,74,34
512,1024,t,2396993747,503317612,8394,397211,16506,16417
512,1024,n,2397019948,503317560,8194,425008,85,33
512,2048,t,2397021121,503317620,8194,770733,32917,32796
512,2048,n,2396981626,503317543,8193,851760,120,39
512,3072,t,2396948392,503316902,8339,1142276,49374,49201
512,3072,n,2396990337,503316812,8607,1269619,155,99
512,4096,t,2317585392,471877145,8199,1477904,65775,65565
512,4096,n,2397011956,503317544,8338,1699385,183,111
512,5120,t,2396964065,503316878,8198,1679687,82193,81964
512,5120,n,2396989248,503317567,8522,2169929,255,106
512,6144,t,2396984687,503317565,8193,2016540,98625,98352
512,6144,n,2396989313,503317565,8348,2565094,262,153
512,7168,t,2326817216,475735891,8204,2358724,115064,114729
512,7168,n,2397465645,503316966,34025,3008979,290,164
512,8192,t,2396999417,503317495,8193,2680545,131446,131103
512,8192,n,2317450348,471887720,8321,3420185,341,189
512,12288,t,2396970674,503316824,8196,3992211,197137,196650
512,12288,n,2396999144,503317581,8202,5091149,449,145
512,16384,t,2396438892,503117063,8195,5329137,262803,262193
512,16384,n,2318958231,472386321,8244,6753353,602,77
512,32768,t,2397032039,503317590,8196,10666236,525508,524400
512,32768,n,2397567059,503314481,35243,13512013,1121,130
512,65536,t,2337571009,479658633,19700,21367026,1050844,1048860
512,65536,n,2397549639,503315827,34697,26740559,2172,198
512,131072,t,2397619289,503316859,29960,42690376,2101575,2098361
512,131072,n,2397717980,503314430,39091,53480916,4220,312
512,262144,t,2398101699,503313665,47258,85025659,4203160,4199944
512,262144,n,2397995936,503313055,50981,106572865,8363,2142
512,524288,t,2398691112,503314058,53610,169006373,8406532,8403971
512,524288,n,2398355615,503313976,49848,213108372,16571,7964
512,1048576,t,2399708357,503311921,56247,337118190,16812976,16810372
512,1048576,n,2398756587,503315079,36352,425724577,32991,19872
512,1572864,t,2321339545,471883624,58702,503613259,25219673,25217860
512,1572864,n,2398930448,503317570,8196,639047168,49396,771
1024,16,t,2397132357,503317299,16658,8457,312,287
1024,16,n,2397172517,503317255,16892,9520,46,28
1024,128,t,2397156747,503317315,16647,52216,2114,2084
1024,128,n,2397166623,503317277,17307,56663,62,43
1024,512,t,2397252540,503317326,16848,207319,8344,8246
1024,512,n,2397185974,503317294,17707,215542,66,34
1024,1024,t,2397155098,503317322,16787,364910,16505,16422
1024,1024,n,2397219540,503317352,16872,423116,73,28
1024,2048,t,2397102426,503317279,16469,714016,32930,32807
1024,2048,n,2397216226,503317290,17873,850840,126,52
1024,3072,t,2397099571,503317293,16451,1130313,49360,49190
1024,3072,n,2397197159,503317281,16762,1270746,147,63
1024,4096,t,2397072661,503317302,16425,1346913,65780,65580
1024,4096,n,2397159102,503317346,16976,1703843,191,83
1024,5120,t,2397111024,503317300,16402,1682343,82203,81958
1024,5120,n,2397169912,503317247,16441,2139707,253,129
1024,6144,t,2397072180,503317322,16453,2025712,98623,98344
1024,6144,n,2397154729,503317328,16872,2560527,260,109
1024,7168,t,2397065067,503317297,16407,2347676,115053,114735
1024,7168,n,2397165478,503317298,16612,2988187,299,179
1024,8192,t,2397119593,503317265,16402,2686687,131485,131122
1024,8192,n,2397160780,503317299,16863,3410347,328,198
1024,12288,t,2397116306,503317311,16466,4006989,197130,196665
1024,12288,n,2397211583,503317282,17319,5098704,474,51
1024,16384,t,2397128345,503317315,16402,5332283,262797,262213
1024,16384,n,2397209286,503317295,16603,6796902,592,73
1024,32768,t,2397116468,503317305,16417,10675803,525488,524440
1024,32768,n,2398658485,503317170,108566,13495365,1121,61
1024,65536,t,2398053912,503317273,60007,21372776,1050819,1048829
1024,65536,n,2399219625,503317283,132325,26739527,2161,673
1024,131072,t,2398235365,503317291,64363,42892647,2101756,2101470
1024,131072,n,2398957146,503317296,117989,53462588,4274,725
1024,262144,t,2399641422,503317362,137820,85059390,4203218,4200499
1024,262144,n,2399589734,503317327,140273,106598803,8343,2348
1024,524288,t,2399277660,503317297,90661,168989478,8406489,8403582
1024,524288,n,2399961703,503317358,144953,212963574,16553,6514
1024,1048576,t,2400596167,503317119,107298,336498922,16813148,16810777
1024,1048576,n,2400725745,503317288,154000,425597425,32966,20877
1024,1572864,t,2402343633,503317315,151431,503986458,25219627,25217651
1024,1572864,n,2399113442,503317242,17302,638952171,49389,1595
2048,16,t,2397448912,503317159,34730,7735,306,294
2048,16,n,2397453893,503317190,34466,8809,49,35
2048,128,t,2397475562,503317158,36992,51180,2131,2080
2048,128,n,2397412249,503317165,33695,55346,51,36
2048,512,t,2397470581,503317210,35237,199973,8293,8225
2048,512,n,2397458276,503317195,34715,213950,72,36
2048,1024,t,2397442707,503317176,34375,396276,16510,16421
2048,1024,n,2397473860,503317160,34548,424640,78,34
2048,2048,t,2397374316,503317193,33755,779932,32925,32816
2048,2048,n,2397477854,503317196,34193,853343,105,62
2048,3072,t,2397356863,503317202,33099,1160964,49340,49212
2048,3072,n,2397436168,503317175,34257,1267229,161,73
2048,4096,t,2397449046,503317214,33425,1559105,65778,65611
2048,4096,n,2397481549,503317168,33979,1709874,197,107
2048,5120,t,2397398809,503317188,33423,1701739,82213,81967
2048,5120,n,2397495219,503317204,34879,2144096,247,130
2048,6144,t,2397340326,503317164,33202,2026342,98639,98366
2048,6144,n,2397439837,503317176,34036,2575196,269,177
2048,7168,t,2397341479,503317175,33472,2367509,115055,114792
2048,7168,n,2397463582,503317203,34600,2997227,284,154
2048,8192,t,2397370226,503317220,33567,2698056,131478,131132
2048,8192,n,2397480074,503317183,34475,3408679,326,229
2048,12288,t,2397367442,503317184,33328,4018068,197120,196676
2048,12288,n,2397499164,503317157,35059,5099762,492,272
2048,16384,t,2397374604,503317169,33503,5356079,262812,262271
2048,16384,n,2397495608,503317204,35120,6787502,595,114
2048,32768,t,2397481484,503317210,34319,10714628,525469,524475
2048,32768,n,2397557709,503317195,36394,13504426,1124,197
2048,65536,t,2400052704,503317163,191098,21381148,1050824,1049183
2048,65536,n,2399153475,503317168,136003,26857722,2143,440
2048,131072,t,2399142363,503317236,122801,42663827,2101599,2099315
2048,131072,n,2399521239,503317222,152931,53432933,4242,509
2048,262144,t,2399286122,503317249,117467,84915939,4203276,4200914
2048,262144,n,2399744675,503317189,158989,106728579,8343,2569
2048,524288,t,2400002064,503317239,115314,169160345,8406371,8406031
2048,524288,n,2400387401,503317193,177492,212951379,16551,6787
2048,1048576,t,2400956590,503317211,130322,336489477,16813196,16812017
2048,1048576,n,2399693879,503317169,85840,425691582,32961,21176
2048,1572864,t,2401610726,503317238,105832,503732624,25219790,25218525
2048,1572864,n,2399479091,503317206,37447,638922636,49389,6804
3072,16,t,2397803425,503318482,54020,7902,313,295
3072,16,n,2397797211,503317266,54285,8184,49,37
3072,128,t,2397866145,503317295,54378,51581,2134,2081
3072,128,n,2397813367,503317233,53619,56660,61,37
3072,512,t,2397789160,503317250,53289,199881,8309,8230
3072,512,n,2397835551,503317250,54332,213401,78,34
3072,1024,t,2397870412,503318698,56003,401153,16507,16420
3072,1024,n,2397802204,503317246,54307,421249,93,35
3072,2048,t,2397793911,503317233,54523,793591,32961,32833
3072,2048,n,2397759052,503317268,53310,851951,117,36
3072,3072,t,2397836643,503317278,53335,1195812,49345,49192
3072,3072,n,2397857975,503317234,55764,1272640,165,42
3072,4096,t,2397771160,503317339,53264,1565091,65791,65640
3072,4096,n,2397786852,503317228,53039,1697841,183,50
3072,5120,t,2397728533,503317268,52531,1949915,82244,82089
3072,5120,n,2397807838,503317261,54456,2139764,229,137
3072,6144,t,2397780986,503317231,53758,2308205,98651,98533
3072,6144,n,2397820144,503317283,54029,2569128,250,185
3072,7168,t,2397765128,503317299,52523,2656832,115079,114990
3072,7168,n,2397816014,503317241,54397,2991255,304,166
3072,8192,t,2397751825,503317291,52186,2982589,131503,131334
3072,8192,n,2397816687,503317233,54602,3406762,331,186
3072,12288,t,2397800195,503317310,52777,4400918,197176,197069
3072,12288,n,2397817273,503317250,54572,5093788,466,233
3072,16384,t,2397822425,503317253,52316,5678640,262830,262688
3072,16384,n,2397852869,503317526,54555,6782781,587,73
3072,32768,t,2397874500,503317248,54564,10732594,525499,524694
3072,32768,n,2397919472,503317245,56076,13470211,1105,216
3072,65536,t,2399256913,503317311,135939,21361145,1050882,1049727
3072,65536,n,2399661833,503317274,165346,26824362,2155,366
3072,131072,t,2400081917,503317312,179935,42564343,2101705,2100245
3072,131072,n,2399877929,503317257,175644,53459833,4244,661
3072,262144,t,2400883429,503317337,209904,84829550,4203348,4202170
3072,262144,n,2400570861,503317254,213258,106686928,8360,3132
3072,524288,t,2400314367,503318711,136116,168905701,8406628,8405182
3072,524288,n,2400846082,503317249,197743,213052448,16567,8405
3072,1048576,t,2402077664,503317330,186716,336833217,16813389,16812859
3072,1048576,n,2400576385,503317226,132500,425651076,32999,21503
3072,1572864,t,2402695624,503317668,115535,503618867,25218218,25217494
3072,1572864,n,2399904740,503317206,56496,638939307,49392,13459
4096,16,t,2400362116,503398952,159596,8047,314,299
4096,16,n,2399046591,503399274,81644,8591,44,35
4096,128,t,2400749549,503399144,181100,53062,2110,2078
4096,128,n,2399051734,503400298,81662,57269,51,31
4096,512,t,2400545200,503399155,160718,206480,8300,8227
4096,512,n,2536623910,503400388,8920507,213516,64,45
4096,1024,t,2399441976,503399008,98536,405219,16535,16441
4096,1024,n,2399091102,503399882,81682,424644,90,60
4096,2048,t,2398954028,503399035,75252,812609,32928,32809
4096,2048,n,2398968222,503397784,77807,851065,113,39
4096,3072,t,2400176287,503398894,140952,1212739,49361,49258
4096,3072,n,2399060340,503399285,79748,1267677,145,50
4096,4096,t,2399053841,503399999,81513,1573377,65786,65634
4096,4096,n,2398984950,503399276,77227,1698363,176,54
4096,5120,t,2399003926,503398822,78221,1925140,82238,82166
4096,5120,n,2399069201,503399363,78472,2125957,235,35
4096,6144,t,2399005488,503399035,79794,2288081,98667,98525
4096,6144,n,2400108639,503399100,134125,2576640,261,42
4096,7168,t,2399173427,503398480,85887,2639524,115080,114996
4096,7168,n,2398985665,503400275,76372,2983147,297,50
4096,8192,t,2398992968,503399034,76620,2978592,131507,131388
4096,8192,n,2399108457,503398980,77898,3407744,334,177
4096,12288,t,2399182579,503398991,85342,4326900,197177,196995
4096,12288,n,2399051443,503397649,81327,5111932,469,40
4096,16384,t,2400618128,503400426,157934,5697788,262831,262738
4096,16384,n,2399024188,503397759,78650,6796705,600,53
4096,32768,t,2400000686,503399332,118738,10988326,525553,525431
4096,32768,n,2399830274,503397630,131299,13441976,1108,413
4096,65536,t,2401865954,503399267,218288,21808404,1050850,1050755
4096,65536,n,2400787927,503399042,189385,26849873,2154,597
4096,131072,t,2403199356,503399175,302217,42707008,2102046,2101348
4096,131072,n,2532151094,503398811,8560687,53626254,4246,1329
4096,262144,t,2550559783,503400210,9550845,85680065,4204404,4203455
4096,262144,n,2403396386,503398070,324896,106412624,8401,3305
4096,524288,t,2402922395,503399071,230785,168723477,8406772,8405947
4096,524288,n,2401767773,503397464,207108,212974126,16599,8910
4096,1048576,t,2482064005,503400139,4573726,347229656,16811144,16810528
4096,1048576,n,2401729758,503398742,154044,425545076,32984,8860
4096,1572864,t,2417587829,503400594,662054,506351223,25225385,25224656
4096,1572864,n,2400953460,503397841,80566,637609654,49387,24503
5120,16,t,2409255062,504308159,200050,9168,305,297
5120,16,n,2638767043,504308294,14755392,9289,63,41
5120,128,t,2522354325,504308256,7374477,53040,2118,2093
5120,128,n,2626881901,504308369,14006330,57358,67,38
5120,512,t,2598533856,504308143,12195740,210419,8343,8230
5120,512,n,2522338698,504308078,7386112,215329,66,40
5120,1024,t,2952774056,504308702,35110537,419443,16530,16449
5120,1024,n,2841142238,504308544,27638569,438228,89,40
5120,2048,t,2540473167,504308182,8502508,825888,32961,32874
5120,2048,n,2724533308,504308480,20598206,889286,131,50
5120,3072,t,2812457631,504308371,25802616,1206266,49364,49243
5120,3072,n,2831084267,504308379,27065321,1337073,165,64
5120,4096,t,2625771871,504308243,13938514,1601159,65801,65704
5120,4096,n,2852972795,504308342,25988699,1766124,189,125
5120,5120,t,2905734931,504308477,28182760,2064928,82278,82194
5120,5120,n,2806996583,504308320,25788000,2173838,248,144
5120,6144,t,2514604597,504308143,6872024,2351122,98650,98609
5120,6144,n,2864199871,504308594,29382820,2624797,287,137
5120,7168,t,2531918367,504308140,7885653,2736435,115125,115020
5120,7168,n,2619506084,504308217,13555336,3031334,294,122
5120,8192,t,2916906616,504308489,33316576,3108617,131470,131422
5120,8192,n,3058889072,504308592,41454743,3558002,380,169
5120,12288,t,2739216562,504308305,21567601,4584821,197187,197131
5120,12288,n,2952232924,504308505,32480521,5205989,489,334
5120,16384,t,2650473989,504308291,15809989,6278010,262884,262796
5120,16384,n,2634073756,504308148,14452058,6891974,596,314
5120,32768,t,2798364595,504308567,25583244,11897253,525552,525406
5120,32768,n,2681347762,504308357,13481485,13548727,1122,154
5120,65536,t,2409528034,504307961,188439,21246575,1050935,1050864
5120,65536,n,2516277144,504308126,7000079,26908722,2214,810
5120,131072,t,2943887668,504308712,34542362,44091059,2103479,2103412
5120,131072,n,2720863640,504308454,20224358,54089481,4243,2045
5120,262144,t,2639202593,504308226,14579924,86773650,4205807,4205646
5120,262144,n,2534253537,504308127,7958883,107059540,8465,4685
5120,524288,t,2530386255,504308263,7567684,171257695,8410888,8410714
5120,524288,n,2631820625,504308220,14076704,214696787,16748,11507
5120,1048576,t,2557307255,504308206,9197686,341386783,16821298,16820583
5120,1048576,n,2626665962,504308343,13618565,429319675,33006,26593
5120,1572864,t,2417944015,504308265,342115,504003054,25220643,25220047
5120,1572864,n,3027319837,504308573,32115544,651770422,49446,38255
6144,16,t,3402269056,504308425,63411290,8213,316,289
6144,16,n,3221337054,504308053,45917026,9910,68,41
6144,128,t,3145130149,504307854,43539132,54199,2120,2091
6144,128,n,3138725558,504307708,46641951,57603,47,33
6144,512,t,3776926827,504308572,86487707,211425,8311,8242
6144,512,n,3131752212,504307845,46319758,221102,84,51
6144,1024,t,2750764332,504307486,21738349,419908,16529,16469
6144,1024,n,3789766971,504308307,86379601,444473,77,69
6144,2048,t,3397084480,504308096,64061425,824241,32915,32819
6144,2048,n,3901147086,504308713,90810043,892820,132,107
6144,3072,t,3061880713,504307799,42160842,1255837,49395,49339
6144,3072,n,3439094153,504308163,63000975,1371629,173,104
6144,4096,t,3569098293,504308355,72398487,1642623,65841,65807
6144,4096,n,3044498566,504307752,41230052,1781159,212,170
6144,5120,t,3194020960,504307909,50539393,2007728,82263,82188
6144,5120,n,3497132179,504308188,67723308,2241804,256,213
6144,6144,t,3269215586,504311878,51241075,2392584,98691,98645
6144,6144,n,3878686382,504308680,89210413,2697449,287,139
6144,7168,t,3139612886,504307702,47318529,2773952,115080,115036
6144,7168,n,3524747658,504308045,69417396,3069118,328,257
6144,8192,t,3554286081,504308089,74118744,3162747,131520,131507
6144,8192,n,3727587719,504311371,82330712,3652684,378,257
6144,12288,t,3355223632,504308029,59835056,4618487,197174,197135
6144,12288,n,3878422245,504308404,95376471,5342014,451,231
6144,16384,t,3531755497,504311193,72932814,6219431,262848,262820
6144,16384,n,3028767226,504307673,39710319,7024327,608,299
6144,32768,t,3407485022,504308109,63814896,12026084,525537,525490
6144,32768,n,3056686499,504307627,41810167,13955525,1139,520
6144,65536,t,3447419302,504308165,66322246,22944309,1052338,1052267
6144,65536,n,3517277292,504308075,72609179,27792112,2320,1584
6144,131072,t,3521868035,504308331,63697301,47386194,2101859,2101755
6144,131072,n,3340635466,504308070,55149197,55249547,4357,2929
6144,262144,t,3399614060,504311899,63178495,89591588,4209387,4209223
6144,262144,n,2542824053,504307326,7881936,108020450,8626,6151
6144,524288,t,3833168790,504308801,85601882,184418206,8413300,8413008
6144,524288,n,2609681404,504307360,12486645,215708640,16866,13032
6144,1048576,t,3341780242,504308570,55765954,354111132,16835678,16835199
6144,1048576,n,3496314677,504308186,69551542,439732406,33071,28898
6144,1572864,t,3681472920,504308829,79129254,553447670,25236455,25235669
6144,1572864,n,2624771929,504307391,12000818,649565120,50817,39568
7168,16,t,4667460430,504242893,148184061,9369,317,301
7168,16,n,2864756727,504241624,26789659,8620,63,41
7168,128,t,4841207657,504243164,156323230,52331,2113,2087
7168,128,n,2968802522,504242374,35119112,56917,59,36
7168,512,t,5429099572,504243679,195643651,227540,8304,8243
7168,512,n,4675999724,504245602,146802679,221060,65,53
7168,1024,t,5051553565,504243317,170449742,433155,16511,16455
7168,1024,n,4781837536,504246396,151562057,441062,79,57
7168,2048,t,2917200096,504241330,32030324,826428,32935,32885
7168,2048,n,2975488827,504243207,34389899,927617,121,101
7168,3072,t,4821231152,504243364,151423131,1208981,49421,49341
7168,3072,n,4981858886,504246457,165580680,1341010,178,146
7168,4096,t,5031071435,504243251,171280661,1598967,65825,65785
7168,4096,n,5117345301,504243777,173766344,1836371,241,221
7168,5120,t,4793703263,504245647,153126708,2025279,82277,82252
7168,5120,n,4981456301,504243211,165483035,2231405,250,229
7168,6144,t,4654105900,504243280,143561855,2376460,98665,98582
7168,6144,n,2924065370,504242566,30983823,2780223,322,284
7168,7168,t,4820571381,504246005,151161534,2775797,115093,115057
7168,7168,n,2932240940,504241909,32292277,3179449,349,333
7168,8192,t,4830181784,504243557,158002333,3183022,131529,131497
7168,8192,n,3017843874,504243123,37880421,3627071,461,439
7168,12288,t,2848638869,504241870,27538211,4631361,197197,197164
7168,12288,n,5133589041,504246721,172597704,5599937,513,417
7168,16384,t,4548480414,504243163,139551471,6040107,262835,262796
7168,16384,n,4711553062,504246175,144031577,7175370,665,621
7168,32768,t,5190133249,504246391,178470582,12047691,525508,525432
7168,32768,n,4842966376,504243047,152549748,14356019,1191,1015
7168,65536,t,4879253570,504243185,159979458,23469110,1052483,1052401
7168,65536,n,4360253462,504242944,126280504,28079680,2201,1927
7168,131072,t,2947598001,504243209,32152041,46379900,2105831,2105737
7168,131072,n,4655698965,504245594,144629994,56767487,4420,3491
7168,262144,t,4833648403,504246390,154747469,92072685,4211896,4211812
7168,262144,n,4685452846,504243016,143227301,112597664,8910,7726
7168,524288,t,4912589024,504246967,162605143,182121940,8419860,8419654
7168,524288,n,3084924158,504243793,38750460,225251280,19246,16738
7168,1048576,t,3037676156,504251429,38026745,352115222,16829627,16829186
7168,1048576,n,4514373141,504245900,132690285,446656107,34276,31802
7168,1572864,t,4608913697,504246416,139552536,551119233,25267852,25267257
7168,1572864,n,2872185182,504242639,26714089,653761489,50529,47249
8192,16,t,6741341399,504313197,280308411,9754,305,302
8192,16,n,3450894343,504310217,65288127,9300,47,34
8192,128,t,3382038782,504309598,61492856,62390,2120,2090
8192,128,n,3447789379,504310083,65171703,63665,55,37
8192,512,t,3424553318,504308994,65157986,226616,8308,8231
8192,512,n,6556508480,504313310,266697528,228591,51,46
8192,1024,t,3394076883,504308232,63052529,394342,16517,16458
8192,1024,n,3480852993,504308584,67890178,497354,74,44
8192,2048,t,6536240244,504313355,267537725,906175,32950,32852
8192,2048,n,3511752865,504311616,69087135,890430,117,102
8192,3072,t,3517571598,504309038,71933391,1436024,49370,49206
8192,3072,n,3359794971,504308927,60275508,1415687,157,104
8192,4096,t,3484951121,504309493,68120760,1798258,65816,65712
8192,4096,n,6811761213,504313530,283924361,1801274,238,202
8192,5120,t,6658091009,504314050,278146922,1989197,82264,82211
8192,5120,n,3356753209,504309065,60974269,2295782,265,245
8192,6144,t,3380151515,504309984,62369241,2710715,98631,98422
8192,6144,n,3529534064,504308685,72029222,2700347,279,56
8192,7168,t,6410789028,504313372,258719834,2829713,115379,115257
8192,7168,n,3493226836,504309373,68047086,3276452,346,337
8192,8192,t,6679066470,504314252,275654060,3322688,131510,131447
8192,8192,n,6383933426,504312664,256128763,3705224,405,397
8192,12288,t,3406007927,504308403,63914300,4570011,197246,197228
8192,12288,n,6307674867,504313330,251344483,5503153,546,525
8192,16384,t,6730629619,504314609,278824813,6079939,262839,262812
8192,16384,n,6972258246,504313644,296472977,7258953,689,565
8192,32768,t,3456019005,504308672,66114629,11959446,526672,526445
8192,32768,n,3572407724,504309527,75067336,14623671,1276,1057
8192,65536,t,6741161085,504314513,282287840,23810975,1052684,1052643
8192,65536,n,3487193426,504309609,69795704,28544559,2311,1365
8192,131072,t,3516672452,504311222,70005596,47489117,2101600,2101491
8192,131072,n,6547375099,504313437,271230846,57090458,4348,3882
8192,262144,t,3486242400,504313455,67955023,93183990,4212378,4212173
8192,262144,n,3445942150,504312792,64733358,112682121,8868,7767
8192,524288,t,3450410876,504320166,65308419,181590364,8420349,8420135
8192,524288,n,3411628923,504308360,62832387,220659241,17528,15526
8192,1048576,t,3473881696,504328777,67000189,360232644,16839885,16839576
8192,1048576,n,3458817511,504309090,65278561,441543372,35484,33308
8192,1572864,t,6519745334,504346116,264363884,540229134,25260387,25259440
8192,1572864,n,3460701184,504309528,65508566,658585008,50941,49862
12288,16,t,5351757722,504311670,197389117,7808,318,309
12288,16,n,5344856894,504313467,197344608,9433,64,40
12288,128,t,5351517482,504314429,197461753,53960,2131,2085
12288,128,n,5355440312,504315185,196865137,58131,49,33
12288,512,t,5377803480,504317857,198166804,206678,8345,8222
12288,512,n,5360440012,504311943,197002672,223593,64,35
12288,1024,t,5359939970,504319389,197392922,430782,16533,16428
12288,1024,n,5359592007,504318165,197752168,453483,85,39
12288,2048,t,5354677016,504313452,197026829,893866,32949,32802
12288,2048,n,5360900044,504317408,197264714,890586,123,44
12288,3072,t,5361050826,504315944,197546491,1349443,49346,49187
12288,3072,n,5351531864,504315239,197374095,1348473,154,37
12288,4096,t,5345984406,504314839,196650543,1814832,65831,65582
12288,4096,n,5378839431,504313228,198342662,1796928,187,43
12288,5120,t,5362839095,504315285,197900146,2254085,82228,81995
12288,5120,n,5353898904,504312133,197735487,2259068,240,44
12288,6144,t,5362858144,504315614,197828924,2686043,98639,98399
12288,6144,n,5369848782,504314393,197758258,2737844,266,52
12288,7168,t,5370663664,504314713,198262910,3126866,115060,114812
12288,7168,n,5380369869,504321419,197495954,3143542,316,35
12288,8192,t,5368348196,504316177,198414963,3563076,131480,131228
12288,8192,n,5360135817,504318253,197532089,3623998,334,44
12288,12288,t,5364278820,504317719,197789239,5069957,197180,197049
12288,12288,n,5353017331,504312031,196726574,5394094,445,32
12288,16384,t,5368517299,504316854,196986954,6670978,262861,262614
12288,16384,n,5385998038,504315495,198562752,7192939,587,63
12288,32768,t,5363037676,504318880,197716074,12587537,525510,525253
12288,32768,n,5365727725,504313107,198537968,14355538,1105,99
12288,65536,t,5384758647,504326451,198975799,24460542,1058175,1057963
12288,65536,n,5366432084,504313668,198049893,28558064,2203,948
12288,131072,t,5397896372,504314693,199797920,48201180,2103827,2103470
12288,131072,n,5347069740,504311469,197631773,56854671,4468,3095
12288,262144,t,5383887237,504338731,198763940,95219493,4222479,4221269
12288,262144,n,5391650288,504313438,198592781,112160470,8807,7964
12288,524288,t,5413304102,504366044,199443190,189328878,8443490,8442396
12288,524288,n,5392809828,504312583,198889152,222311810,17259,16020
12288,1048576,t,5426285469,504408200,200325103,375923366,16882491,16881395
12288,1048576,n,5368285363,504311881,196924012,442843406,34474,34329
12288,1572864,t,5500356541,504455244,203140738,564062678,25324368,25323895
12288,1572864,n,5436816501,504315722,199258565,663463286,51508,51353
16384,16,t,6578181594,504321960,280375149,8811,311,296
16384,16,n,6567106301,504320901,280170884,9048,62,38
16384,128,t,6570242623,504324203,280047095,52675,2120,2078
16384,128,n,6575690945,504321881,280560229,58766,60,37
16384,512,t,6576512406,504326235,280532980,212100,8301,8225
16384,512,n,6573817283,504322126,280587401,229777,68,32
16384,1024,t,6570268571,504330353,280248153,438307,16522,16412
16384,1024,n,6587640521,504325569,280212198,459494,90,31
16384,2048,t,6580914618,504323725,280196703,883401,32927,32805
16384,2048,n,6574179001,504322761,280261522,902208,117,35
16384,3072,t,6579127543,504323863,280242881,1334167,49358,49195
16384,3072,n,6568050633,504323737,280137732,1349006,146,39
16384,4096,t,6572183915,504322610,280361033,1818751,65799,65590
16384,4096,n,6582464495,504327607,280458473,1798070,203,71
16384,5120,t,6576609115,504330171,280414822,2281705,82219,81983
16384,5120,n,6597591763,504323992,280744863,2249157,235,46
16384,6144,t,6571016650,504323221,280320794,2665576,98671,98433
16384,6144,n,6584126382,504326923,280341623,2708718,277,93
16384,7168,t,6580144556,504327710,280476388,3106819,115099,114813
16384,7168,n,6551954750,504315877,280078895,3185842,295,64
16384,8192,t,6594138185,504323538,281410938,3511313,131477,131285
16384,8192,n,6592693879,504327039,280506654,3609227,332,62
16384,12288,t,6590884268,504327067,280347811,5133098,197183,196948
16384,12288,n,6570169770,504321762,280072377,5390976,472,75
16384,16384,t,6569401241,504322319,280280546,6644007,262870,262667
16384,16384,n,6572802284,504320989,280104135,7230746,607,136
16384,32768,t,6582081333,504327286,280656247,12580310,525550,525273
16384,32768,n,6574097297,504326642,280129074,14416229,1128,117
16384,65536,t,6574068730,504332099,280474950,24495000,1058133,1057892
16384,65536,n,6584719757,504332030,280316691,28618513,2234,708
16384,131072,t,6580582726,504338069,280495229,48819225,2116962,2115675
16384,131072,n,6582481633,504320136,280202404,56993771,4321,2676
16384,262144,t,6604133080,504362858,281061862,96492394,4231946,4230618
16384,262144,n,6589958867,504322481,280519281,112376221,8630,7154
16384,524288,t,6603459321,504389577,281048632,190981299,8458251,8456974
16384,524288,n,6594963932,504329469,280171916,223020723,18069,17004
16384,1048576,t,6635723272,504463630,281870937,380305333,16921892,16920713
16384,1048576,n,6610003778,504317140,280636453,444560244,34102,33037
16384,1572864,t,6675075710,504526524,282962182,567733433,25376863,25376394
16384,1572864,n,6637554559,504324021,280230928,664065908,51032,50871
32768,16,t,8481275305,504352760,406456296,7682,310,300
32768,16,n,8470521869,504350028,406548967,9998,69,42
32768,128,t,8468346580,504349230,406457925,50755,2123,2083
32768,128,n,8458821774,504350638,406432640,57197,42,25
32768,512,t,8472228606,504356100,406461405,209044,8705,8640
32768,512,n,8470368812,504352701,406605181,228315,71,42
32768,1024,t,8468189269,504358269,406377349,408061,16815,16733
32768,1024,n,8474511343,504356791,406686559,457527,86,34
32768,2048,t,8467230572,504351717,406371807,770974,32930,32806
32768,2048,n,8481839693,504348385,406346533,915566,121,53
32768,3072,t,8466341376,504357873,406289099,1145749,49376,49193
32768,3072,n,8473890309,504350891,406586295,1348645,141,72
32768,4096,t,8467696969,504358659,406366847,1807938,65811,65588
32768,4096,n,8465999115,504350426,406572108,1797116,198,110
32768,5120,t,8464799058,504352482,406461428,2271801,82217,81978
32768,5120,n,8472346323,504355551,406387183,2274850,258,57
32768,6144,t,8468876027,504360572,406421741,2307475,98649,98381
32768,6144,n,8487227291,504356909,406430297,2713516,263,57
32768,7168,t,8467221138,504356155,406416880,2733583,118089,117811
32768,7168,n,8468564174,504358111,406422079,3160758,312,194
32768,8192,t,8490419391,504352763,406654386,3153430,134213,133836
32768,8192,n,8470971404,504355860,406455264,3613686,338,62
32768,12288,t,8472994661,504341786,406472094,5157823,197168,196912
32768,12288,n,8492269658,504366196,406482598,5390486,484,49
32768,16384,t,8469101146,504352983,406409440,6202617,264295,263761
32768,16384,n,8477225764,504362815,406406142,7175962,617,285
32768,32768,t,8463966604,504353354,406563509,12635734,525495,525215
32768,32768,n,8481783648,504347937,406465127,14486904,1141,85
32768,65536,t,8494424587,504350527,407720676,24494275,1050880,1050665
32768,65536,n,8477840114,504352961,406497792,28669067,2223,761
32768,131072,t,8490559388,504374795,406723203,48904417,2119721,2118268
32768,131072,n,8490738890,504354362,406503934,57158994,4521,3345
32768,262144,t,8484210670,504390951,406728367,96358842,4240242,4238795
32768,262144,n,8483442209,504351649,406463181,112842917,8983,7656
32768,524288,t,8515169463,504440574,407137999,192004544,8486119,8484750
32768,524288,n,8496075728,504353677,407157516,223686627,17475,16506
32768,1048576,t,8532690251,504524228,407820362,382005108,16970738,16969520
32768,1048576,n,8512374055,504356694,406607837,445468773,33737,32990
32768,1572864,t,8567140842,504639037,408578900,572999281,25475938,25474590
32768,1572864,n,8527151897,504364836,406696147,665900558,50074,49985
65536,16,t,9433507224,504379041,470765142,7745,296,289
65536,16,n,9432643585,504373193,470690105,9184,58,36
65536,128,t,9431716476,504371106,470557716,58368,2113,2077
65536,128,n,9438057392,504370825,470570877,59052,59,32
65536,512,t,9436909839,504368352,470608596,215470,8304,8224
65536,512,n,9436826878,504370936,470592200,229518,75,36
65536,1024,t,9431509621,504371299,470646859,443679,16533,16420
65536,1024,n,9430799474,504377323,470554992,459034,88,38
65536,2048,t,9433617135,504366032,470584922,799688,33314,33191
65536,2048,n,9431230829,504373949,470916306,907253,124,49
65536,3072,t,9449553874,504370073,471039795,1382257,49360,49190
65536,3072,n,9437562751,504375645,470588667,1346467,160,35
65536,4096,t,9437141606,504374963,470921014,1866302,65780,65575
65536,4096,n,9442568066,504380188,470822188,1814220,191,46
65536,5120,t,9424054925,504372865,470740398,2316085,82213,81974
65536,5120,n,9436103776,504370594,470808433,2273939,237,75
65536,6144,t,9430487225,504370762,470719745,2349761,99071,98794
65536,6144,n,9427999782,504382615,470768318,2743862,252,83
65536,7168,t,9430676385,504384149,470638007,3232205,115069,114787
65536,7168,n,9440643044,504374307,470776852,3175972,289,49
65536,8192,t,9435083573,504366833,470653060,3621750,131482,131257
65536,8192,n,9429742151,504370574,470775323,3631899,318,46
65536,12288,t,9426927397,504379947,470567046,5168652,197184,196870
65536,12288,n,9431515973,504376270,470642739,5405465,458,36
65536,16384,t,9442229800,504388882,470860669,6675683,262851,262563
65536,16384,n,9446870305,504380485,470858689,7232895,608,43
65536,32768,t,9432136839,504374489,470560190,12608128,525511,525245
65536,32768,n,9435907319,504374136,470752642,14462621,1123,342
65536,65536,t,9429061619,504385292,470761929,24906755,1061300,1059657
65536,65536,n,9445242109,504382103,470647311,28702005,2211,772
65536,131072,t,9439755490,504398916,470749006,49123680,2127524,2125834
65536,131072,n,9439080766,504376067,470670032,57175452,4444,2841
65536,262144,t,9443019533,504427004,471054960,96559991,4256148,4254764
65536,262144,n,9451510967,504374372,470675061,112594497,8989,7240
65536,524288,t,9476581808,504413039,471351500,190740483,8437080,8435399
65536,524288,n,9456734858,504384311,470735248,223901880,17836,16752
65536,1048576,t,9505745112,504443334,472028849,379218022,16871995,16870281
65536,1048576,n,9482111690,504378952,470744036,444456490,33530,32738
65536,1572864,t,9536756089,504384167,472581753,566908774,25235693,25234125
65536,1572864,n,9501633711,504378446,470788402,665981380,50037,49986
131072,16,t,9935530049,504392607,500341486,8755,301,292
131072,16,n,9931966301,504379517,500110003,8798,56,33
131072,128,t,9927076665,504384249,500116700,56630,2115,2084
131072,128,n,10019287215,504331358,503992360,61187,52,35
131072,512,t,9936843888,504389176,500195046,188824,8292,8248
131072,512,n,9931219929,504386141,500208556,233706,76,39
131072,1024,t,9935102623,504385637,500130213,455511,16533,16426
131072,1024,n,9936536835,504376289,500115568,453781,89,62
131072,2048,t,9933941148,504388990,500103155,939051,32928,32809
131072,2048,n,9925080070,504385889,500138867,910533,109,26
131072,3072,t,9924049303,504393739,500114182,1185460,49344,49196
131072,3072,n,9924485359,504390851,500140440,1354252,163,82
131072,4096,t,9923196408,504397475,500123840,1942120,65794,65593
131072,4096,n,9933049262,504396255,500136895,1810968,186,42
131072,5120,t,9919142672,504390552,500119658,2357112,82233,81972
131072,5120,n,9937265006,504371305,500141547,2275861,229,125
131072,6144,t,10010722805,504338355,503379933,2819247,98644,98400
131072,6144,n,9940348173,504400666,500285245,2698131,294,276
131072,7168,t,9934223258,504379674,500151615,3288030,115056,114767
131072,7168,n,9924239481,504379820,500125939,3187687,312,38
131072,8192,t,9923942971,504393999,500101715,3164397,133427,133187
131072,8192,n,9923155085,504384073,500160069,3651124,346,53
131072,12288,t,9925097041,504390564,500126898,5300652,197160,196920
131072,12288,n,9926073382,504386487,500103367,5434658,463,63
131072,16384,t,10019860200,504331156,503974080,6771914,262832,262568
131072,16384,n,9927684242,504395819,500159735,7317997,687,678
131072,32768,t,9937213141,504396436,500237381,12556311,531805,530838
131072,32768,n,9928648684,504387315,500130125,14436506,1160,281
131072,65536,t,10004646808,504347883,503743391,24977067,1060593,1059211
131072,65536,n,9937673484,504389379,500158829,28756225,2182,575
131072,131072,t,9937516175,504416917,500162508,49203806,2127460,2126288
131072,131072,n,9928213674,504384096,500156316,56982835,4423,2495
131072,262144,t,9937981617,504429872,500299978,96546455,4241087,4239637
131072,262144,n,9937259155,504392650,500171924,112681714,8995,7914
131072,524288,t,9957257924,504441985,500240128,191204601,8469016,8467667
131072,524288,n,9946845165,504390899,500157240,223855227,17796,16661
131072,1048576,t,9999808655,504412543,501652647,378283266,16854493,16853071
131072,1048576,n,9978442419,504390803,500192961,444658205,34973,34350
131072,1572864,t,9998367962,504453075,500585070,566781362,25286199,25284323
131072,1572864,n,9987463315,504384486,500354795,669759630,50677,50535
262144,16,t,10018128432,504326153,504311809,8204,312,292
262144,16,n,10027408918,504325972,504311721,9142,49,40
262144,128,t,10002433755,504359241,504345392,47144,2115,2089
262144,128,n,10003084449,504387678,504371947,59508,60,34
262144,512,t,10027200232,504333751,504316503,205575,8313,8225
262144,512,n,10021821463,504326985,504312564,226756,64,54
262144,1024,t,10010100477,504325790,504311442,370430,16530,16453
262144,1024,n,10013805917,504367240,504354019,451857,91,73
262144,2048,t,10007708571,504334218,504317756,1002304,32939,32820
262144,2048,n,10016104624,504325143,504313199,898700,138,87
262144,3072,t,10025288442,504325647,504311246,1121033,49371,49300
262144,3072,n,10021877495,504325308,504311016,1328144,156,137
262144,4096,t,10013003098,504325671,504311341,1509104,65787,65740
262144,4096,n,9996417852,504390364,504378038,1775779,190,176
262144,5120,t,10007537517,504392378,504377600,2030305,83157,82921
262144,5120,n,10008591991,504394600,504381309,2300865,224,91
262144,6144,t,10016335257,504387884,504372950,2465821,100686,100460
262144,6144,n,9996439047,504403588,504389245,2741216,260,42
262144,7168,t,10015183452,504390415,504374954,2821355,116942,116735
262144,7168,n,9993138198,504385435,504370362,3213459,305,209
262144,8192,t,10006087381,504394210,504381404,3797181,131469,131193
262144,8192,n,10005288360,504391721,504377495,3665676,338,247
262144,12288,t,10017307706,504390771,504375956,4836112,199907,199641
262144,12288,n,10014860320,504341228,504324124,5459543,478,84
262144,16384,t,10006811398,504391153,504378247,5960680,262848,262829
262144,16384,n,10014930539,504404486,504389667,7329916,595,35
262144,32768,t,10007478339,504397522,504382866,12770100,533815,533389
262144,32768,n,10018742670,504342362,504326030,14559009,1141,463
262144,65536,t,10016265093,504347579,504332124,25037866,1058239,1056452
262144,65536,n,10010041450,504386722,504372055,28823906,2174,651
262144,131072,t,10012221346,504409297,504394938,49021592,2121559,2120988
262144,131072,n,10002471959,504386947,504371488,57419240,4447,2673
262144,262144,t,10024703367,504424751,504411092,96411208,4240893,4240308
262144,262144,n,10020610354,504391981,504376292,112798413,8946,7576
262144,524288,t,10037592296,504467950,504454445,191113470,8481009,8480429
262144,524288,n,10030929224,504389440,504375342,223997919,17971,17074
262144,1048576,t,10060215906,504453263,504439921,378935861,16873563,16872760
262144,1048576,n,10054497001,504382895,504364577,445227813,35663,34890
262144,1572864,t,10076125346,504350959,504337303,565513781,25230748,25229259
262144,1572864,n,10082031577,504325664,504313576,668463017,50880,50768
524288,16,t,9994647707,504378006,504368234,8802,308,299
524288,16,n,9984804752,504392460,504381149,13268,72,51
524288,128,t,9972769454,504389936,504377734,58980,2108,2084
524288,128,n,9994649669,504386687,504374629,60690,59,29
524288,512,t,9982105648,504387312,504373105,233021,8316,8236
524288,512,n,9992008799,504385025,504373788,233834,69,42
524288,1024,t,9992081137,504391188,504380139,498414,16507,16416
524288,1024,n,9972444036,504392168,504380709,466092,99,47
524288,2048,t,9979631179,504391144,504379734,1042148,32925,32806
524288,2048,n,9973079696,504392248,504381154,926587,121,36
524288,3072,t,9972227366,504391333,504378977,1249374,50209,50027
524288,3072,n,9996249277,504394663,504384320,1383308,168,44
524288,4096,t,9994243371,504387735,504374767,1621882,65880,65654
524288,4096,n,9973036032,504397956,504387481,1840480,184,34
524288,5120,t,9992708221,504386812,504374492,2053588,83643,83390
524288,5120,n,9974153138,504395824,504383815,2266131,247,49
524288,6144,t,9997271165,504385050,504373521,2445344,98786,98524
524288,6144,n,9987639140,504394633,504384851,2791524,266,40
524288,7168,t,9993933060,504394004,504382288,2829505,116517,116357
524288,7168,n,9985724335,504384745,504374860,3228584,303,42
524288,8192,t,9972631613,504389810,504378977,3228121,131762,131381
524288,8192,n,9986626331,504385783,504375859,3687934,333,38
524288,12288,t,9994172152,504386425,504376538,5443319,197176,196953
524288,12288,n,9991739575,504400482,504390252,5554940,450,38
524288,16384,t,9991636557,504331923,504316486,6493150,265329,264718
524288,16384,n,9995711754,504392359,504383181,7354730,701,691
524288,32768,t,9975646992,504373724,504361014,12696456,529305,528871
524288,32768,n,9980447044,504387143,504377909,14269154,1222,1188
524288,65536,t,9985414165,504392285,504382223,24684023,1050859,1050582
524288,65536,n,10005467437,504350794,504335034,28907966,2201,939
524288,131072,t,10005594718,504373672,504361297,49172930,2119822,2117852
524288,131072,n,9996009488,504338430,504322212,57402983,4412,2622
524288,262144,t,10008076344,504389893,504374851,96921680,4259151,4258641
524288,262144,n,10015148740,504370694,504356620,113157067,8886,7181
524288,524288,t,10004245866,504369373,504353854,190480832,8446315,8445663
524288,524288,n,10018494764,504381143,504368129,224467711,17937,17369
524288,1048576,t,10033668485,504342676,504328584,377495818,16825482,16824399
524288,1048576,n,10023155770,504392036,504381591,446615004,35696,34054
524288,1572864,t,10050478838,504340184,504326545,564494418,25217081,25216069
524288,1572864,n,10075609425,504325889,504311499,672225216,50828,50649
1048576,16,t,9968742941,504369691,504359263,7606,314,295
1048576,16,n,9964198618,504392461,504381963,10305,60,39
1048576,128,t,9977907785,504338009,504323471,60488,2112,2085
1048576,128,n,9964503361,504325533,504311334,60152,46,41
1048576,512,t,9975317636,504325757,504311604,178774,8300,8255
1048576,512,n,9957940024,504377124,504367119,222123,55,50
1048576,1024,t,9968942010,504355748,504343112,485156,16520,16425
1048576,1024,n,9975884644,504330289,504316428,446233,91,72
1048576,2048,t,9975641687,504335108,504320093,857484,34016,33900
1048576,2048,n,9978315458,504388017,504378875,890903,124,109
1048576,3072,t,9963705778,504391224,504380863,1256086,49971,49814
1048576,3072,n,9954391472,504395876,504384918,1381487,167,39
1048576,4096,t,9966389253,504392742,504383033,1987272,65790,65589
1048576,4096,n,9966982267,504397209,504387752,1834451,196,40
1048576,5120,t,9962933050,504395566,504384752,2109671,84311,84050
1048576,5120,n,9970009044,504397792,504387967,2330933,219,36
1048576,6144,t,9967160467,504390243,504379853,2521589,99849,99556
1048576,6144,n,9962663399,504388009,504378419,2794898,260,36
1048576,7168,t,9965972035,504391269,504381273,3314219,115084,114765
1048576,7168,n,9966150006,504383174,504373828,3257967,296,52
1048576,8192,t,9973067911,504388356,504378007,3726719,131461,131177
1048576,8192,n,9962491626,504349242,504335376,3686053,326,42
1048576,12288,t,9986784566,504325526,504311359,4542022,197215,197187
1048576,12288,n,9964531116,504396556,504387868,5388117,551,543
1048576,16384,t,9964867786,504391693,504382290,6827855,262866,262575
1048576,16384,n,9954520878,504381661,504372201,7405172,576,36
1048576,32768,t,9956693502,504392399,504382989,12765963,525508,525210
1048576,32768,n,9967147857,504388506,504378789,14726965,1115,108
1048576,65536,t,9966359955,504402788,504393027,25496545,1062464,1060672
1048576,65536,n,9976544927,504343266,504328391,29054768,2279,1287
1048576,131072,t,9981120563,504365747,504352728,49150811,2117577,2115542
1048576,131072,n,9985313558,504390016,504378609,57468346,4417,2488
1048576,262144,t,9979933060,504415581,504404542,96588811,4246459,4245949
1048576,262144,n,9985617954,504390829,504379514,112717962,8930,7572
1048576,524288,t,9998695199,504465232,504455184,191057122,8482320,8481788
1048576,524288,n,9997659563,504387504,504376506,223689134,17859,17339
1048576,1048576,t,10012944487,504466498,504457198,378670391,16891369,16890146
1048576,1048576,n,10014018740,504376522,504365195,446755306,35276,33642
1048576,1572864,t,10041679033,504385672,504374840,563313296,25235189,25234222
1048576,1572864,n,10040321119,504386246,504376832,672553846,50571,50325
1572864,16,t,9962353625,504381368,504372263,7445,309,301
1572864,16,n,9974187486,504386915,504376785,9187,58,41
1572864,128,t,9962065061,504392306,504381874,53306,2108,2086
1572864,128,n,9966036665,504391142,504380958,62407,68,47
1572864,512,t,9974245653,504386466,504375674,217021,8300,8243
1572864,512,n,9962519742,504390598,504380687,256980,69,38
1572864,1024,t,9974425134,504387583,504377736,408282,16521,16426
1572864,1024,n,9974716126,504390337,504379653,463876,84,42
1572864,2048,t,9950869376,504392502,504382283,901194,33408,33288
1572864,2048,n,9951464238,504394423,504384392,919674,136,51
1572864,3072,t,9960319499,504390156,504378643,1253354,49762,49603
1572864,3072,n,9969653000,504369585,504359551,1383494,168,53
1572864,4096,t,9967102857,504392314,504382241,1687901,67848,67638
1572864,4096,n,9961161586,504388659,504379746,1857420,204,57
1572864,5120,t,9958020091,504394704,504384802,2146273,83307,83052
1572864,5120,n,9969342677,504381101,504372141,2312501,240,39
1572864,6144,t,9951069064,504392928,504382582,2454577,99140,98841
1572864,6144,n,9950642278,504386838,504377651,2749141,273,64
1572864,7168,t,9965530311,504391242,504381651,2884458,116381,116054
1572864,7168,n,9961064150,504389874,504380312,3243097,309,35
1572864,8192,t,9967036505,504392306,504382845,3632152,131543,131208
1572864,8192,n,9969643411,504393605,504382975,3686107,335,55
1572864,12288,t,9963889432,504391492,504382278,5242089,197184,196936
1572864,12288,n,9965185372,504398860,504389342,5500062,471,54
1572864,16384,t,9966769350,504394945,504384781,6559839,265429,264855
1572864,16384,n,9952024370,504384396,504375693,7410458,604,43
1572864,32768,t,9963670061,504397480,504387810,12907842,531368,530236
1572864,32768,n,9960639369,504389797,504380834,14708096,1111,72
1572864,65536,t,9972223167,504399692,504390266,25625467,1068083,1066184
1572864,65536,n,9964844516,504389481,504379144,29129659,2165,95
1572864,131072,t,9965892626,504409267,504400600,49394201,2117799,2116101
1572864,131072,n,9969807379,504391740,504380997,57740470,4374,2294
1572864,262144,t,9972761204,504442263,504433402,97402992,4254799,4253603
1572864,262144,n,9986641097,504390618,504379878,113445724,8912,7778
1572864,524288,t,9982497367,504459725,504450930,191425791,8473840,8472744
1572864,524288,n,9989916400,504391185,504380413,224754499,17912,17259
1572864,1048576,t,9995811362,504475184,504466008,378224164,16897039,16896371
1572864,1048576,n,10007871574,504390838,504380793,447133842,35657,34468
1572864,1572864,t,10019559715,504414940,504405957,559916163,25226231,25225185
1572864,1572864,n,10033751307,504386205,504376720,674319832,50855,50602
