16,16,t,644482133,388,256,7905,310,296
16,16,n,768425909,381,257,8601,74,37
16,128,t,644668080,343,257,49599,2113,2083
16,128,n,723210447,347,256,56618,68,40
16,512,t,639325035,371,256,197013,8298,8223
16,512,n,642718180,369,257,210974,66,35
16,1024,t,647123598,326,260,390524,16521,16422
16,1024,n,642416379,327,256,423436,86,34
16,2048,t,647873078,476,370,772508,32954,32801
16,2048,n,647128506,319,258,859443,109,29
16,3072,t,642241644,325,259,1142423,49353,49182
16,3072,n,649046321,365,259,1282294,149,35
16,4096,t,646611355,383,327,1506446,65783,65568
16,4096,n,649433330,335,257,1697800,186,34
16,5120,t,769265935,579,461,1904052,82215,81968
16,5120,n,647755460,345,262,2139484,238,39
16,6144,t,648159741,517,408,2277888,98634,98363
16,6144,n,645459708,312,256,2592642,269,25
16,7168,t,641546999,610,523,2600088,115047,114785
16,7168,n,643939970,335,257,2957769,299,35
16,8192,t,688047197,622,541,2974991,131469,131184
16,8192,n,645631782,400,259,3410787,320,60
16,12288,t,648029407,482,422,4092702,197157,196717
16,12288,n,647188754,478,395,5098350,476,207
16,16384,t,764729414,1539,1471,5352939,263069,262445
16,16384,n,642342431,584,517,6748156,615,121
16,32768,t,760557607,2066,1970,10681532,525920,524818
16,32768,n,641566754,590,497,13537779,1115,381
16,65536,t,768990666,5621,5583,21345804,1051654,1049558
16,65536,n,763820409,723,605,26755328,2172,281
16,131072,t,647006797,4649,4568,42683235,2102777,2099413
16,131072,n,646243706,589,509,53452205,4249,1773
16,262144,t,760626635,9427,9322,85128051,4205622,4201883
16,262144,n,765621821,578,500,106633703,8393,1165
16,524288,t,757172416,16557,16456,169324761,8410945,8407566
16,524288,n,640339351,636,534,213089010,16671,6750
16,1048576,t,672739791,12819,12725,336486078,16816669,16813858
16,1048576,n,638067265,333,257,426030894,33001,1139
16,1572864,t,758331092,43127,43028,504540772,25232035,25230231
16,1572864,n,638914706,341,292,638988440,49394,285
128,16,t,1461847233,140828941,2048,7925,305,290
128,16,n,1091081946,4088,2049,10124,54,34
128,128,t,1091091181,4583,2139,52400,2126,2080
128,128,n,1091216310,20419,2048,56070,54,32
128,512,t,1091185331,3047,2048,198245,8304,8231
128,512,n,1091211767,21595,2049,213943,61,30
128,1024,t,1091333274,5870,2049,393558,16516,16412
128,1024,n,1091158731,2608,2048,427453,97,38
128,2048,t,1091132982,3781,2048,769614,32927,32804
128,2048,n,1090997248,15020,2220,854620,121,33
128,3072,t,1091039365,3426,2050,1139836,49339,49190
128,3072,n,1091023537,16935,2048,1276755,154,34
128,4096,t,1090953118,5951,2049,1507286,65809,65574
128,4096,n,1091176039,3667,2051,1701566,190,41
128,5120,t,1091065062,2930,2056,1905163,82222,81967
128,5120,n,1091209780,6300,2049,2131158,227,33
128,6144,t,1090949010,7326,2157,2284613,98634,98348
128,6144,n,1091215097,14127,2049,2569104,266,35
128,7168,t,1090960444,20991,2071,2662652,115055,114754
128,7168,n,1091119549,6569,2048,2970086,304,31
128,8192,t,1091083625,3468,2063,3032044,131476,131202
128,8192,n,1461104438,140813402,2050,3400442,323,36
128,12288,t,1091208796,19957,2135,4011327,197116,196659
128,12288,n,1091291447,15999,5052,5082104,464,176
128,16384,t,1090979460,2533,2049,5324451,262793,262246
128,16384,n,1091132228,5406,4165,6752741,596,61
128,32768,t,1091094270,6376,2398,10671791,525478,524375
128,32768,n,1099405732,2277319,3575,13535300,1114,165
128,65536,t,1091127886,17771,2860,21347539,1050851,1048746
128,65536,n,1090976017,4531,3439,26758702,2181,259
128,131072,t,1091034728,7932,4385,42658702,2101572,2098243
128,131072,n,1091077836,11633,4754,53489660,4237,292
128,262144,t,1091259046,8231,6136,85056580,4203230,4199596
128,262144,n,1091177474,6072,3765,106605205,8357,3031
128,524288,t,1091476300,7791,6331,169148885,8406531,8403465
128,524288,n,1091002710,7237,4655,213035698,16564,7899
128,1048576,t,1091487983,7402,5901,336606029,16813146,16810722
128,1048576,n,1091142217,5648,4894,425683520,32979,20661
128,1572864,t,1091575286,10296,5816,504179676,25219797,25218295
128,1572864,n,1091154494,6097,2048,639024662,49411,392
512,16,t,2397019268,503316861,8194,8740,299,289
512,16,n,2397008265,503316791,8837,8586,56,35
512,128,t,2395144457,502646381,9054,51776,2115,2070
512,128,n,2397029460,503316120,8505,54678,74,35
512,512,t,2396978183,503317609,8223,199937,8303,8228
512,512,n,2397000365,503317556,8990,211412,68,33
512,1024,t,2397005984,503317546,8192,395458,16503,16416
512,1024,n,2396955615,503317523,8192,428686,78,39
512,2048,t,2396407209,503118137,8326,760621,32921,32804
512,2048,n,2397008684,503316913,8518,850103,120,35
512,3072,t,2397014584,503317561,8606,1147321,49348,49190
512,3072,n,2317066167,471685277,8605,1273288,154,27
512,4096,t,2317647874,471888766,8476,1539227,65785,65575
512,4096,n,2397029492,503317579,9086,1699881,193,38
512,5120,t,2396975685,503317616,8396,1920372,82206,81969
512,5120,n,2397021818,503317637,8431,2172655,241,39
512,6144,t,2396982795,503316807,8460,2286289,98637,98403
512,6144,n,2397026976,503317613,8687,2546893,291,58
512,7168,t,2396980062,503313633,8443,2665418,115060,114766
512,7168,n,2396428931,503115702,8310,2989486,286,35
512,8192,t,2397060971,503317648,8309,2984074,131483,131203
512,8192,n,2397007386,503317615,8276,3408374,335,124
512,12288,t,2396468398,503117303,8250,4124390,197123,196660
512,12288,n,2397034157,503316926,8560,5077020,458,45
512,16384,t,2397015761,503317611,8193,5327660,262796,262196
512,16384,n,2397019564,503317556,8510,6742467,580,186
512,32768,t,2397024544,503316794,8338,10640989,525508,524409
512,32768,n,2396936370,503113288,32753,13518375,1133,602
512,65536,t,2397326455,503317182,20333,21332528,1050849,1048823
512,65536,n,2397511468,503315930,32072,26777103,2165,154
512,131072,t,2397579431,503317376,29781,42719788,2101602,2098365
512,131072,n,2397751551,503315096,41730,53496816,4226,178
512,262144,t,2398076822,503315240,44747,85038988,4203232,4200238
512,262144,n,2397908419,503312657,42636,106597671,8363,1825
512,524288,t,2398471952,503316672,41938,168933343,8406567,8404320
512,524288,n,2398272936,503315017,45046,213064689,16549,6970
512,1048576,t,2399694897,503312797,54152,336774375,16813046,16810253
512,1048576,n,2398578694,503314518,24421,425960505,32982,5068
512,1572864,t,2339995845,479664216,11050,504066267,25219653,25218929
512,1572864,n,2398930506,503316912,9276,639115394,49392,424
1024,16,t,2397215126,503317263,17908,7816,313,296
1024,16,n,2397180832,503317292,17746,9938,60,37
1024,128,t,2397178567,503317275,17323,51693,2127,2087
1024,128,n,2397165942,503317312,17842,54688,54,31
1024,512,t,2397129431,503317261,17806,196840,8307,8226
1024,512,n,2397171744,503317318,17034,214885,76,36
1024,1024,t,2397180932,503317291,17678,392633,16530,16418
1024,1024,n,2397203797,503317315,18549,433282,88,34
1024,2048,t,2397152905,503317317,17157,773836,32932,32799
1024,2048,n,2397175120,503317285,18015,855897,112,37
1024,3072,t,2397152564,503317281,17121,1158220,49344,49186
1024,3072,n,2397213999,503317377,18170,1278674,153,36
1024,4096,t,2397127472,503317297,17371,1540097,65778,65581
1024,4096,n,2397190468,503317314,17444,1693763,194,37
1024,5120,t,2397145665,503317348,16997,1919066,82213,81980
1024,5120,n,2397145921,503317320,17038,2140982,245,37
1024,6144,t,2397142841,503317307,16424,2271444,98620,98416
1024,6144,n,2397149825,503317306,18053,2552033,267,166
1024,7168,t,2397178405,503317299,17006,2637727,115067,114833
1024,7168,n,2397169435,503317280,17464,2982417,291,162
1024,8192,t,2397100190,503317342,16684,2686124,131499,131142
1024,8192,n,2397203579,503317254,17134,3402534,321,203
1024,12288,t,2397094451,503317302,16414,3992139,197137,196653
1024,12288,n,2397190590,503317295,17406,5104778,440,247
1024,16384,t,2397142348,503317286,16437,5352332,262787,262192
1024,16384,n,2397172873,503317284,17601,6763787,593,229
1024,32768,t,2397212729,503317282,18856,10695097,525470,524449
1024,32768,n,2397211537,503317273,17599,13512677,1122,171
1024,65536,t,2397835611,503317323,52243,21432438,1050868,1049275
1024,65536,n,2398127039,503317140,73995,26767358,2155,242
1024,131072,t,2398709718,503317311,93287,42744579,2101649,2099437
1024,131072,n,2398321655,503317321,77637,53486554,4234,1180
1024,262144,t,2398470261,503317335,70053,84996769,4203223,4200108
1024,262144,n,2399583419,503317295,141701,106648738,8336,1438
1024,524288,t,2399013822,503317363,73512,169199622,8406506,8404108
1024,524288,n,2399377076,503317288,116556,213105167,16540,6491
1024,1048576,t,2399923759,503317331,64921,336423628,16813120,16811564
1024,1048576,n,2398916220,503317317,43217,425538730,32982,22719
1024,1572864,t,2401496056,503317675,78858,503802136,25220307,25218853
1024,1572864,n,2399147335,503317321,18110,639016280,49391,1339
2048,16,t,2397426107,503317169,35223,7846,310,294
2048,16,n,2397525967,503317168,36683,8594,47,36
2048,128,t,2397502180,503317190,36387,50669,2125,2081
2048,128,n,2397494992,503317169,36403,54933,57,34
2048,512,t,2397477178,503317189,35280,199211,8293,8229
2048,512,n,2397518283,503317171,36257,212979,80,29
2048,1024,t,2397466036,503317212,35419,382727,16509,16417
2048,1024,n,2397509570,503317185,36309,429074,88,40
2048,2048,t,2397485366,503317224,35908,787323,32942,32795
2048,2048,n,2397505344,503317160,35872,845941,133,30
2048,3072,t,2397426105,503317194,35024,1169906,49358,49187
2048,3072,n,2397501383,503317189,35787,1300896,164,47
2048,4096,t,2397424776,503317217,34838,1568000,65802,65641
2048,4096,n,2397479060,503317174,35657,1723748,202,54
2048,5120,t,2397528626,503317173,35297,1938293,82237,82025
2048,5120,n,2397484263,503317187,35886,2129238,217,72
2048,6144,t,2397442478,503317187,34499,2316656,98634,98427
2048,6144,n,2397505718,503317180,35715,2552544,262,31
2048,7168,t,2397421166,503317203,34445,2685619,115062,114851
2048,7168,n,2397472762,503317157,34750,2981199,300,160
2048,8192,t,2397364260,503317176,33147,2702339,131507,131136
2048,8192,n,2397487165,503317185,35550,3402881,348,169
2048,12288,t,2397390509,503317159,33277,4026938,197114,196681
2048,12288,n,2397516644,503317182,34852,5083939,474,82
2048,16384,t,2397381732,503317171,33908,5369669,262787,262236
2048,16384,n,2397495934,503317179,35165,6801253,593,65
2048,32768,t,2397404807,503317173,33209,10698404,525495,524472
2048,32768,n,2398202774,503317200,77114,13510358,1113,153
2048,65536,t,2398146285,503317229,70897,21362735,1050876,1049358
2048,65536,n,2398870661,503317224,121811,26871471,2162,229
2048,131072,t,2399080419,503317257,121687,42667569,2101729,2100079
2048,131072,n,2400219146,503317190,199130,53458120,4268,551
2048,262144,t,2399005368,503317294,86228,85286454,4203197,4202948
2048,262144,n,2400977744,503317176,241226,106678342,8348,2706
2048,524288,t,2399788942,503317222,110002,168754361,8406607,8404667
2048,524288,n,2400268035,503317198,168864,212993674,16552,7205
2048,1048576,t,2400944727,503317219,125043,336509633,16813062,16811334
2048,1048576,n,2399747810,503317317,86099,425724687,32981,13598
2048,1572864,t,2401054983,503317252,64014,503234280,25219708,25219139
2048,1572864,n,2399503626,503317208,37111,638886388,49383,5101
3072,16,t,2397759991,503317324,53545,8241,329,290
3072,16,n,2397820346,503317252,53698,9324,55,36
3072,128,t,2397919894,503318810,60642,51589,2118,2086
3072,128,n,2397858905,503318804,53806,56381,57,38
3072,512,t,2397797135,503317270,53885,203116,8302,8237
3072,512,n,2397786586,503317208,53005,213036,64,31
3072,1024,t,2397823001,503317228,54945,404311,16516,16422
3072,1024,n,2397788240,503317281,53202,430303,104,36
3072,2048,t,2397804320,503317254,54886,777098,32936,32805
3072,2048,n,2397820532,503317217,53204,855924,106,21
3072,3072,t,2397777535,503317232,53489,1171465,49350,49191
3072,3072,n,2397839789,503317231,54792,1280272,166,45
3072,4096,t,2397777986,503317237,53216,1569542,65807,65647
3072,4096,n,2397860011,503317235,54180,1708383,193,40
3072,5120,t,2397804317,503317209,53452,1954489,82224,82061
3072,5120,n,2397814198,503317251,52261,2134839,237,46
3072,6144,t,2397795705,503317283,53046,2281010,98686,98510
3072,6144,n,2397817458,503317272,54514,2564065,257,136
3072,7168,t,2397787775,503317359,53743,2685788,115066,114983
3072,7168,n,2397819976,503317235,53962,2991943,297,202
3072,8192,t,2397743851,503317236,52838,2698633,131463,131148
3072,8192,n,2397830933,503317232,53313,3398283,322,243
3072,12288,t,2397872977,503317215,54170,4050723,197155,196746
3072,12288,n,2397800660,503317257,53770,5074069,486,63
3072,16384,t,2397837434,503318724,53513,5361684,262804,262334
3072,16384,n,2397887604,503317252,54773,6803431,602,195
3072,32768,t,2397858251,503317242,53373,10695499,525466,524542
3072,32768,n,2397874429,503317206,54913,13465108,1112,214
3072,65536,t,2399255327,503317237,138042,21375327,1050896,1049865
3072,65536,n,2399724309,503317251,174846,26867163,2162,458
3072,131072,t,2574635761,503317278,11355660,43187836,2102771,2101272
3072,131072,n,2399933322,503317629,178498,53453757,4239,785
3072,262144,t,2400901027,503317267,208915,84946920,4203341,4202465
3072,262144,n,2400529130,503317186,206387,106644121,8337,2310
3072,524288,t,2400659161,503318818,160223,168595869,8406744,8405693
3072,524288,n,2401186638,503318808,221187,213034419,16586,7579
3072,1048576,t,2402138778,503318878,185674,336169580,16813177,16811931
3072,1048576,n,2400262762,503317405,112578,426153338,32986,22668
3072,1572864,t,2402145466,503317285,120059,504510482,25219570,25218930
3072,1572864,n,2399883242,503317272,57207,638720066,49415,17545
4096,16,t,2404724422,503400234,227845,8893,327,293
4096,16,n,2398926048,503399039,76585,9077,60,40
4096,128,t,2399370206,503400557,97704,56038,2129,2086
4096,128,n,2399145294,503399143,88947,54804,52,22
4096,512,t,2398873362,503399721,75502,202194,8314,8233
4096,512,n,2398955735,503397906,81054,216818,72,48
4096,1024,t,2399445332,503399233,96443,402136,16504,16431
4096,1024,n,2398876752,503398007,74284,428215,92,40
4096,2048,t,2529552215,503399526,8428109,818902,32941,32829
4096,2048,n,2399216914,503399226,87559,858422,103,20
4096,3072,t,2398983653,503399058,79228,1200809,49354,49271
4096,3072,n,2538607305,503398912,8954168,1280085,145,32
4096,4096,t,2401968600,503399051,250738,1603832,65795,65680
4096,4096,n,2529602412,503398801,8460111,1711996,197,71
4096,5120,t,2399525507,503400378,102173,1983591,82233,82098
4096,5120,n,2399351650,503397675,93020,2131320,233,95
4096,6144,t,2399277464,503399050,86969,2286629,98669,98558
4096,6144,n,2398941124,503398520,75550,2554135,259,77
4096,7168,t,2399171650,503400405,83015,2649241,115063,114949
4096,7168,n,2398897427,503397674,75901,2980919,291,204
4096,8192,t,2399231777,503397923,88049,3008914,131496,131355
4096,8192,n,2398963316,503397689,76444,3417078,328,121
4096,12288,t,2531226123,503401619,8510317,4533197,197170,197056
4096,12288,n,2399537785,503397973,106944,5106809,452,113
4096,16384,t,2399603082,503399014,105505,5715523,262854,262611
4096,16384,n,2398912028,503397723,74910,6800061,571,36
4096,32768,t,2660013732,503402943,17279429,10925142,525838,524915
4096,32768,n,2398981322,503397642,78851,13471072,1119,532
4096,65536,t,2530090015,503401500,8510081,21588571,1051160,1050210
4096,65536,n,2401384276,503397792,223556,26807338,2162,741
4096,131072,t,2401367173,503400442,203014,42522694,2101814,2100836
4096,131072,n,2552267863,503400241,9723485,53676025,4308,1429
4096,262144,t,2557088975,503399237,10092753,85894194,4204730,4203797
4096,262144,n,2402008646,503400171,250739,106614472,8335,3260
4096,524288,t,2407614548,503399331,468941,169271589,8408781,8408069
4096,524288,n,2403122226,503399095,281081,212481792,16581,8923
4096,1048576,t,2404414839,503399823,253348,336505216,16813277,16812341
4096,1048576,n,2534354282,503399094,8488061,428584341,33112,9503
4096,1572864,t,2411883172,503400547,529458,504848138,25223318,25222618
4096,1572864,n,2401039534,503398940,79016,638193895,49399,25797
5120,16,t,2520108104,504308148,7268634,8284,315,288
5120,16,n,2871512457,504308394,22826845,9470,52,38
5120,128,t,2853296857,504308421,28835688,53312,2113,2084
5120,128,n,2769754245,504308385,23462753,59345,65,49
5120,512,t,2866984748,504308426,30370437,208930,8330,8235
5120,512,n,2741641520,504308293,21764617,219011,73,46
5120,1024,t,2660105578,504308463,16626983,411303,16528,16447
5120,1024,n,2863805745,504308610,27962082,441330,93,62
5120,2048,t,3177686055,504308674,49667237,860668,32983,32872
5120,2048,n,2722765499,504308255,20436394,870245,122,70
5120,3072,t,2876684476,504308389,30398124,1254898,49365,49248
5120,3072,n,2728785112,504308185,20971078,1297901,144,103
5120,4096,t,2972693212,504308484,37098313,1617726,65823,65735
5120,4096,n,3061767922,504308963,42566099,1749232,215,76
5120,5120,t,2639991232,504308218,14837456,2002705,82263,82141
5120,5120,n,2938702778,504308492,34711519,2192945,239,56
5120,6144,t,3076688429,504308602,43759910,2365397,98685,98620
5120,6144,n,3264335403,504308828,50919595,2663313,269,111
5120,7168,t,2947371342,504308555,34901214,2757724,115080,114970
5120,7168,n,2870345471,504308434,30014550,3041682,287,70
5120,8192,t,2610648726,504308220,13545052,3093335,131516,131427
5120,8192,n,2744205145,504308308,21836981,3473893,341,64
5120,12288,t,3061454927,504308626,42697498,4554168,197206,197125
5120,12288,n,2718218440,504308464,19917662,5167967,445,93
5120,16384,t,3117875980,504308838,43062114,6031550,262840,262780
5120,16384,n,2832206006,504308403,27646603,6913656,601,262
5120,32768,t,3132090537,504308652,47896482,11699505,525538,525398
5120,32768,n,2517926814,504308117,7093015,13520439,1131,197
5120,65536,t,2931993985,504308464,33828686,22024097,1051627,1051048
5120,65536,n,2854203602,504308410,29377335,27302503,2171,1040
5120,131072,t,3340750779,504309062,60839061,44567347,2103956,2103358
5120,131072,n,3085729527,504308708,43970605,54587926,4287,2731
5120,262144,t,3039532387,504308687,40983323,87606188,4206513,4206083
5120,262144,n,2523229939,504308282,7393361,108126974,10833,7756
5120,524288,t,2416678129,504308112,528770,169096954,8407737,8407283
5120,524288,n,2864443105,504308635,27690867,216466374,16910,11092
5120,1048576,t,2847776095,504308610,27752837,345858974,16825857,16825346
5120,1048576,n,2770372166,504308512,23087446,431661707,33469,25495
5120,1572864,t,2644418042,504308497,14788209,512674035,25229010,25228281
5120,1572864,n,2762502229,504308306,22145924,647574132,49431,36366
6144,16,t,3604059846,504311310,73726899,8288,312,295
6144,16,n,3529580040,504311110,65979722,9134,64,50
6144,128,t,3818395413,504311506,89879477,52132,2107,2081
6144,128,n,3338157343,504308027,60668385,55314,52,36
6144,512,t,3865259449,504308498,90623777,208712,8300,8231
6144,512,n,3953809218,504312462,97869377,222605,69,45
6144,1024,t,3091860331,504307887,43736428,435098,16504,16443
6144,1024,n,3904089595,504311598,96642132,450854,109,82
6144,2048,t,3437573536,504311175,66237301,747927,32923,32858
6144,2048,n,3458546182,504308169,68213577,906439,123,102
6144,3072,t,3301253876,504308090,57259536,1117706,49378,49286
6144,3072,n,3407955240,504308111,61681197,1345353,171,105
6144,4096,t,3391094384,504308159,63465420,1477284,66038,65906
6144,4096,n,3199165996,504307724,51520134,1774228,223,188
6144,5120,t,3481221502,504308173,67865981,1831672,82273,82152
6144,5120,n,3536135427,504308222,72958011,2222657,231,125
6144,6144,t,3327926097,504308021,55891619,2167067,98781,98603
6144,6144,n,3028975397,504307728,36689264,2707459,328,271
6144,7168,t,3591909813,504308320,76536607,2777234,115100,115075
6144,7168,n,3539387228,504308202,73213692,3091150,316,133
6144,8192,t,3561065018,504311869,74843713,3140512,131586,131504
6144,8192,n,3020557111,504307776,39596623,3526739,339,162
6144,12288,t,3333421157,504308074,60525137,4282727,197501,197313
6144,12288,n,3400307013,504308123,63560975,5288784,490,410
6144,16384,t,3470482789,504308253,69669326,5774225,263255,262885
6144,16384,n,3497715324,504308157,70728259,7067636,610,266
6144,32768,t,3639700724,504308299,79719224,11432832,526457,526214
6144,32768,n,3087563737,504310817,44165651,13891839,1148,846
6144,65536,t,3431016672,504308152,64611403,22642458,1052145,1051897
6144,65536,n,3475158771,504308137,69163683,27774345,2321,1742
6144,131072,t,3472335036,504308309,69545331,44642723,2104558,2104198
6144,131072,n,3315978064,504308017,58550194,55129801,4383,3084
6144,262144,t,3563715548,504308255,71616317,89971948,4208701,4208291
6144,262144,n,3396694973,504308102,57810944,109620039,8627,6182
6144,524288,t,3727167086,504308493,81255363,183169045,8413337,8413033
6144,524288,n,3394661869,504308099,62915454,219633473,17063,13476
6144,1048576,t,3396750078,504308188,62983864,354225495,16834404,16834015
6144,1048576,n,2741097263,504310227,18154865,438751027,34666,29232
6144,1572864,t,3453707411,504308339,62607868,531611754,25254211,25253728
6144,1572864,n,3539420859,504311348,67038980,660410696,50150,43891
7168,16,t,5058322451,504246633,167641020,7787,297,290
7168,16,n,4791148852,504246093,149134561,9216,57,50
7168,128,t,4693505023,504246636,143376690,51434,2117,2093
7168,128,n,4688707086,504246195,143150862,58880,55,45
7168,512,t,4829142883,504246811,155919914,209641,8331,8245
7168,512,n,4686225878,504245640,146352657,224624,66,58
7168,1024,t,4907389343,504246912,157950245,412146,16519,16462
7168,1024,n,4527237098,504245415,134859141,443418,90,79
7168,2048,t,5062007652,504246672,167140079,840462,32928,32884
7168,2048,n,4860998480,504243145,156330831,885484,137,78
7168,3072,t,4548428733,504242830,136883370,1143003,49427,49361
7168,3072,n,2906293079,504241583,30300905,1345431,186,172
7168,4096,t,2937149098,504242707,32104733,1563169,66427,66204
7168,4096,n,4888376208,504246905,157983435,2054209,218,136
7168,5120,t,4888856522,504243511,160178792,2015608,82256,82215
7168,5120,n,3010889612,504242699,37618050,2323283,310,275
7168,6144,t,4506763118,504245921,131766727,2545438,98935,98792
7168,6144,n,5029392633,504246041,167531865,2797434,343,312
7168,7168,t,4742988417,504246243,150121254,2644833,115322,115244
7168,7168,n,5067223094,504247109,171827790,3187108,410,388
7168,8192,t,4603122623,504246093,142019266,3003329,131699,131611
7168,8192,n,4889299089,504246606,154018710,3614088,419,395
7168,12288,t,3105822149,504242974,42013593,4468332,197643,197577
7168,12288,n,4716042948,504243006,146048936,5691215,507,380
7168,16384,t,4874339672,504245820,159345978,5954051,263399,263237
7168,16384,n,4455896543,504246335,129723511,7381416,695,607
7168,32768,t,2985295504,504243900,36689767,11759519,526451,526319
7168,32768,n,4861606465,504246970,158658556,14479497,1162,723
7168,65536,t,5194314312,504247136,179557986,23782846,1052585,1052192
7168,65536,n,5222396564,504247133,175947720,28718255,2359,1856
7168,131072,t,4870313073,504247394,156830449,46772829,2104970,2104723
7168,131072,n,2905295249,504241309,30742722,56901768,4501,3790
7168,262144,t,5078932918,504243315,166663928,93198404,4213478,4213179
7168,262144,n,2940447202,504242168,32914507,112902488,9820,8707
7168,524288,t,4758828382,504243522,146553570,184374579,8423682,8423326
7168,524288,n,4384035513,504245893,126994546,224402826,17879,15136
7168,1048576,t,5216265685,504243904,178468880,369471653,16847234,16846791
7168,1048576,n,4355350618,504242813,121172081,447443780,35146,31581
7168,1572864,t,5160601048,504243549,176635122,552897165,25270515,25270065
7168,1572864,n,4328987847,504242832,117562919,672148888,49720,46683
8192,16,t,3495519171,504309102,68694035,8363,308,287
8192,16,n,4143254732,504310759,111157927,8787,60,31
8192,128,t,5152937937,504311516,175238319,63831,2118,2091
8192,128,n,3334947833,504308169,58795797,60341,79,71
8192,512,t,3478534916,504309825,67981025,196536,8301,8240
8192,512,n,6270151281,504312810,249640193,228045,77,40
8192,1024,t,3406558236,504307893,63437639,388714,16517,16462
8192,1024,n,3519962588,504313855,68701387,454415,90,48
8192,2048,t,3343811627,504309957,59272410,805327,33142,33040
8192,2048,n,3665125129,504310379,79544450,902732,121,42
8192,3072,t,3477466617,504308875,68403835,1176303,49536,49373
8192,3072,n,3470200513,504308413,66154610,1355260,169,107
8192,4096,t,3410619105,504309079,63591322,1552373,66053,65818
8192,4096,n,3400889481,504309104,62563159,1802282,192,36
8192,5120,t,3388537178,504309156,60570509,1997500,82712,82482
8192,5120,n,3376602027,504310545,60528574,2261402,241,122
8192,6144,t,3400101836,504309684,61922135,2731498,98626,98385
8192,6144,n,3394579062,504310075,61637368,2716412,262,50
8192,7168,t,5960003083,504312890,231447345,3101294,115105,114984
8192,7168,n,6654518450,504313205,273437803,3232378,354,343
8192,8192,t,6512452242,504313582,267171674,3109279,131587,131527
8192,8192,n,5643846371,504313011,206026077,3666563,438,422
8192,12288,t,6411090355,504310252,259260648,5020914,197717,197567
8192,12288,n,6489718607,504313021,259354631,5462513,605,598
8192,16384,t,6407190307,504312415,257620949,5951927,263432,263378
8192,16384,n,6827654218,504314010,285964986,7250258,776,764
8192,32768,t,6544694779,504310417,266623121,11950697,526644,526611
8192,32768,n,6442007615,504313204,256337061,14452326,1333,940
8192,65536,t,4341324613,504309171,124057827,23863399,1052844,1052676
8192,65536,n,6069517780,504309543,233854979,29010929,2322,1996
8192,131072,t,3359591286,504313097,59904228,47613383,2107782,2107184
8192,131072,n,6045094126,504313000,236839553,57458706,4584,4188
8192,262144,t,6365988544,504310568,255904241,94324647,4212343,4212057
8192,262144,n,5472433883,504312524,197568458,113687783,8930,7883
8192,524288,t,3348846115,504318075,57945166,180852272,8420638,8420381
8192,524288,n,3477757041,504309731,65874206,221320137,17191,15621
8192,1048576,t,3411106657,504327579,61935391,359504554,16838111,16837788
8192,1048576,n,6457658113,504313791,259963327,448381159,33915,32408
8192,1572864,t,6539241725,504313703,262906905,561488833,25274027,25273491
8192,1572864,n,3358257796,504309390,58591221,660914690,51433,50263
12288,16,t,5359476317,504313149,197875067,7486,305,300
12288,16,n,5386400092,504314854,198147459,8536,61,32
12288,128,t,5371521583,504315953,197669455,52824,2111,2080
12288,128,n,5368565993,504313010,197817832,57452,75,38
12288,512,t,5384982838,504312410,199061035,214431,8309,8224
12288,512,n,5388065790,504315030,197294750,231617,61,51
12288,1024,t,5404137546,504315149,198983224,452831,16515,16424
12288,1024,n,5375975621,504315796,197627226,450960,86,60
12288,2048,t,5365613342,504312871,197544134,914240,32922,32797
12288,2048,n,5390300492,504317649,198370449,906223,124,58
12288,3072,t,5381431709,504314349,197694908,1379672,49382,49182
12288,3072,n,5358622782,504312772,197461154,1351290,150,81
12288,4096,t,5370424296,504312291,198328300,1827954,65792,65586
12288,4096,n,5372666757,504312474,197946340,1819222,198,41
12288,5120,t,5367859641,504315929,198120876,2275463,82210,81996
12288,5120,n,5361740975,504314379,198040494,2282134,244,121
12288,6144,t,5371051369,504311983,198433991,2717294,98632,98389
12288,6144,n,5375036515,504313254,197682937,2716727,274,151
12288,7168,t,5369826724,504313049,197957934,3135674,115051,114801
12288,7168,n,5375445596,504317260,197959772,3165270,305,54
12288,8192,t,5363797340,504314136,197628000,3546145,131490,131271
12288,8192,n,5372589399,504313118,197719384,3622469,328,90
12288,12288,t,5359891805,504315306,197142868,4640312,198542,198097
12288,12288,n,5388165841,504313715,198631980,5411866,475,70
12288,16384,t,5375624935,504314439,197592320,6559057,262864,262623
12288,16384,n,5386807634,504312018,198442354,7199935,600,38
12288,32768,t,5396074095,504316282,198408423,12589524,525537,525317
12288,32768,n,5375465059,504314685,197628578,14383563,1128,109
12288,65536,t,5386515587,504323173,197925636,24790592,1057908,1056676
12288,65536,n,5380435829,504312805,198093021,28621690,2213,839
12288,131072,t,5393057361,504327084,198618361,48368788,2111667,2110345
12288,131072,n,5387503472,504312202,197768081,56821386,4492,3152
12288,262144,t,5395881609,504341051,198470642,94144550,4227160,4227092
12288,262144,n,5393053065,504313736,198434611,112112686,8870,7434
12288,524288,t,5414820332,504362082,198483003,189136207,8443574,8442585
12288,524288,n,5401132665,504312083,198152894,222150861,17886,16939
12288,1048576,t,5448564550,504408368,200326432,375845747,16884027,16883148
12288,1048576,n,5419530449,504312255,198770578,442178860,34453,34268
12288,1572864,t,5484267304,504449241,201422488,563611829,25321553,25320597
12288,1572864,n,5461167430,504337016,197821920,661818445,53878,53715
16384,16,t,6578188600,504327311,279971937,7343,314,300
16384,16,n,6582416525,504320250,280188455,10853,45,33
16384,128,t,6590301182,504322443,280256956,50814,2107,2084
16384,128,n,6586386808,504323095,280510665,59225,68,34
16384,512,t,6575192362,504318304,280127711,212250,8316,8224
16384,512,n,6581536314,504318185,280230141,229754,78,45
16384,1024,t,6575986402,504322919,280047331,437053,16511,16424
16384,1024,n,6574182295,504327902,279894068,465449,93,45
16384,2048,t,6580464897,504325389,280110721,894089,32926,32807
16384,2048,n,6584631711,504322307,280070052,899236,124,53
16384,3072,t,6573759862,504321172,279937605,1188521,50180,50016
16384,3072,n,6572731778,504318291,280133852,1342241,150,34
16384,4096,t,6570544562,504317046,280031543,1597988,66580,66392
16384,4096,n,6573080681,504318073,280048180,1803755,195,54
16384,5120,t,6577726486,504320647,280212995,2238757,82211,81979
16384,5120,n,6581042835,504320825,279975967,2260999,258,175
16384,6144,t,6586965842,504323102,279948956,2363215,99155,98864
16384,6144,n,6572716548,504323909,280139023,2709085,279,141
16384,7168,t,6577530788,504322916,280032438,2736369,115384,115085
16384,7168,n,6575157272,504322255,280059849,3167294,295,42
16384,8192,t,6578040414,504320701,280175269,3158535,132403,132080
16384,8192,n,6574657787,504320147,280112671,3621072,339,185
16384,12288,t,6573557839,504327731,280008315,4711080,199061,198571
16384,12288,n,6579908245,504322074,279881257,5406042,460,127
16384,16384,t,6577554703,504322574,280294987,6615662,262853,262664
16384,16384,n,6579377166,504323261,280109188,7207327,589,148
16384,32768,t,6582632229,504327407,280357305,12520166,525554,525260
16384,32768,n,6579780860,504324217,280259568,14354196,1128,87
16384,65536,t,6578160194,504326773,280115182,24851779,1059785,1058509
16384,65536,n,6573188808,504317672,280175170,28664276,2270,1142
16384,131072,t,6588560122,504345917,280542921,48841767,2118737,2117416
16384,131072,n,6586152380,504324659,280076933,57054572,4477,3128
16384,262144,t,6589893577,504355142,280342968,96268357,4229615,4228167
16384,262144,n,6603862322,504320440,280232354,112705939,9000,7767
16384,524288,t,6627379050,504398982,280952743,191033833,8461793,8460456
16384,524288,n,6594878096,504318357,280105516,223037233,18022,16909
16384,1048576,t,6632350814,504457468,281744376,380022472,16914332,16913097
16384,1048576,n,6614089181,504321873,280498703,444904361,35951,34910
16384,1572864,t,6675777424,504543687,282903851,570011113,25379900,25378852
16384,1572864,n,6632039357,504327641,280000356,664573799,53868,53717
32768,16,t,8472816427,504357573,406538021,8173,309,302
32768,16,n,8474656282,504349409,406271961,9018,63,34
32768,128,t,8472163191,504350243,406280049,47300,2111,2085
32768,128,n,8471061959,504354864,406382126,62116,63,39
32768,512,t,8478958911,504356108,406563600,215111,8302,8231
32768,512,n,8469223987,504355249,406346307,226801,75,46
32768,1024,t,8484367223,504353582,406346351,384874,16514,16433
32768,1024,n,8475046351,504350966,406443484,455713,82,30
32768,2048,t,8470717288,504355867,406350481,886208,32954,32798
32768,2048,n,8474241918,504355105,406430946,915185,120,74
32768,3072,t,8469808348,504355318,406367895,1346694,49385,49191
32768,3072,n,8471495828,504351537,406387188,1351453,156,37
32768,4096,t,8477193196,504348080,406544215,1547312,67121,66918
32768,4096,n,8472907793,504351101,406369620,1801831,193,93
32768,5120,t,8472613626,504360574,406374987,1914061,83080,82832
32768,5120,n,8475030481,504359170,406450567,2260694,252,132
32768,6144,t,8462328924,504343474,406324312,2364406,99795,99516
32768,6144,n,8471890084,504344132,406325603,2723766,293,201
32768,7168,t,8470030195,504341146,406263619,2729016,116952,116690
32768,7168,n,8473802990,504351793,406632711,3162081,322,215
32768,8192,t,8469472649,504362013,406452615,3534124,131479,131167
32768,8192,n,8475193530,504364673,406525463,3600333,334,199
32768,12288,t,8469352500,504368089,406348000,4681409,199867,199468
32768,12288,n,8467785796,504345353,406535709,5400079,470,52
32768,16384,t,8468811855,504360801,406729564,6271309,265324,264728
32768,16384,n,8489138059,504352117,406532425,7188130,630,50
32768,32768,t,8464543595,504360508,406484880,12471350,528998,527917
32768,32768,n,8481558786,504353759,406459849,14426524,1150,482
32768,65536,t,8474292803,504388564,406473061,25062710,1066954,1065546
32768,65536,n,8476613321,504349325,406450025,28776343,2235,734
32768,131072,t,8478258533,504366109,406471703,48871862,2123031,2121585
32768,131072,n,8479135902,504356108,406384375,57278530,4470,3076
32768,262144,t,8500202941,504402506,406700881,96674463,4241929,4240489
32768,262144,n,8500313430,504362850,406445145,112831402,9016,7771
32768,524288,t,8504713480,504453454,407100267,192013883,8491499,8490310
32768,524288,n,8498397782,504359442,406676066,223300485,17979,17155
32768,1048576,t,8562286602,504532823,408323731,382661843,16980322,16979035
32768,1048576,n,8514025543,504351395,406407551,445948097,35942,35291
32768,1572864,t,8565812203,504622384,408462119,573474194,25470755,25469658
32768,1572864,n,8540073302,504359608,406652455,666643769,50158,50060
65536,16,t,9445092950,504369372,470924634,10275,306,288
65536,16,n,9444820229,504379906,470630745,8834,52,33
65536,128,t,9423770839,504376003,470605134,50383,2109,2081
65536,128,n,9433621911,504366791,470665678,60214,60,34
65536,512,t,9433626921,504370186,470591699,204696,8295,8243
65536,512,n,9434757833,504377593,470724718,227879,67,32
65536,1024,t,9437196309,504375832,470744596,439364,16509,16420
65536,1024,n,9435882056,504373600,470609135,455166,96,38
65536,2048,t,9445924428,504375693,471046162,783020,33461,33281
65536,2048,n,9441215888,504372144,470642825,902846,133,74
65536,3072,t,9430450083,504376514,470567598,1357273,49355,49191
65536,3072,n,9427132390,504381962,470734440,1350312,157,89
65536,4096,t,9433217072,504373973,470663592,1852779,65757,65572
65536,4096,n,9440992393,504377315,470611015,1810512,194,103
65536,5120,t,9441668598,504372831,470670665,1964692,82566,82314
65536,5120,n,9431999098,504378885,470611155,2272270,223,87
65536,6144,t,9446853220,504374293,470854018,2351442,98784,98538
65536,6144,n,9442133066,504363024,470803181,2731840,262,161
65536,7168,t,9436878127,504376981,470812797,2755831,118160,117812
65536,7168,n,9433644564,504369435,470659733,3174941,286,135
65536,8192,t,9444575156,504382567,470773487,3136650,132445,132109
65536,8192,n,9427247605,504364443,470611302,3623703,352,222
65536,12288,t,9441267452,504377284,470609566,4663015,198629,198150
65536,12288,n,9441061438,504381884,470719283,5410587,478,48
65536,16384,t,9432558433,504378661,470610408,6292489,267963,267417
65536,16384,n,9433152474,504374851,470650246,7226657,610,304
65536,32768,t,9444296886,504382216,470830872,12779039,530546,529812
65536,32768,n,9437671932,504380558,470784622,14388073,1157,706
65536,65536,t,9438665675,504390271,470714768,24986100,1064109,1062540
65536,65536,n,9439413747,504372379,470605389,28690265,2201,662
65536,131072,t,9451210254,504393044,470884665,48906855,2124835,2123210
65536,131072,n,9433128215,504381505,470624337,57053998,4465,3023
65536,262144,t,9445246632,504434422,471090888,96518709,4262466,4261482
65536,262144,n,9453320036,504378155,470652712,112612342,8828,7355
65536,524288,t,9461185668,504479636,471117465,191813732,8506420,8504921
65536,524288,n,9456093462,504372218,470617186,223741003,17764,16612
65536,1048576,t,9503478858,504567536,471648345,382274928,16998004,16996310
65536,1048576,n,9483323866,504372200,470867707,446310811,35852,35015
65536,1572864,t,9525715637,504627872,472246187,570619704,25461791,25460561
65536,1572864,n,9497781475,504375382,470723325,665919455,52285,52243
131072,16,t,9926243451,504390727,500107873,8146,301,294
131072,16,n,9924993249,504381777,500102998,9201,55,29
131072,128,t,9936064970,504384536,500120183,56216,2104,2079
131072,128,n,9928302044,504396828,500153700,57858,78,34
131072,512,t,9925464294,504390777,500070630,204196,8293,8232
131072,512,n,9919636627,504393927,500080498,230943,81,43
131072,1024,t,9927530371,504380959,500095674,414272,16851,16737
131072,1024,n,9925903342,504379552,500077465,454650,107,60
131072,2048,t,9935271974,504383489,500114117,788775,32939,32854
131072,2048,n,9936404952,504381305,500075411,907725,131,66
131072,3072,t,9936074632,504384593,500095173,1189132,49361,49201
131072,3072,n,9934622068,504397552,500108246,1360033,157,86
131072,4096,t,9920974240,504389294,500132430,1649930,68462,68286
131072,4096,n,9927622683,504381893,500106061,1824533,203,140
131072,5120,t,9926474233,504386847,500139936,2007133,84139,83869
131072,5120,n,9927300656,504391575,500108342,2284664,237,56
131072,6144,t,9926097395,504384124,500100757,2378162,98936,98655
131072,6144,n,9927357733,504387095,500140240,2757092,250,172
131072,7168,t,9937004222,504391500,500159107,2863630,118021,117735
131072,7168,n,9938712058,504390403,500092054,3193377,304,143
131072,8192,t,9937766518,504373831,500132894,3292051,135550,135221
131072,8192,n,9919029432,504376021,500083812,3650464,337,183
131072,12288,t,9928317962,504388534,500139476,4751854,198047,197603
131072,12288,n,9937736101,504388118,500121503,5475731,467,72
131072,16384,t,9919718098,504392251,500149531,6301152,264123,263508
131072,16384,n,9937083874,504389117,500110650,7243246,612,322
131072,32768,t,9920169134,504391339,500155099,12588854,530253,529248
131072,32768,n,9929536956,504387278,500160799,14461552,1162,242
131072,65536,t,9936499710,504404735,500135095,25025154,1060874,1059489
131072,65536,n,9920237853,504391184,500116590,28851150,2217,1063
131072,131072,t,9936963126,504408898,500098987,49116763,2120354,2119093
131072,131072,n,9930116430,504386503,500086388,57106806,4422,2408
131072,262144,t,9938694776,504444116,500185934,96937667,4265024,4263530
131072,262144,n,9939817732,504389604,500183243,112571238,8929,7230
131072,524288,t,9948973089,504452523,500214481,191072600,8463515,8462094
131072,524288,n,9948620786,504385489,500134585,223449492,17880,16854
131072,1048576,t,9981422976,504545335,500393290,381483981,16966351,16964877
131072,1048576,n,9976151063,504392647,500084071,445615162,35746,34959
131072,1572864,t,9994226102,504500151,500419457,567712185,25329911,25328361
131072,1572864,n,9984127552,504385418,500143604,666777968,52689,52641
262144,16,t,10017031522,504380447,504367651,7560,307,291
262144,16,n,10018326743,504383598,504367608,8644,51,35
262144,128,t,10013317681,504391980,504375608,53687,2120,2084
262144,128,n,10020855829,504337326,504320156,62130,67,39
262144,512,t,10019440222,504352590,504338743,186365,8299,8240
262144,512,n,10016998399,504391556,504374505,230208,61,34
262144,1024,t,10017343672,504336324,504319410,481637,16548,16420
262144,1024,n,10018343109,504381689,504369300,446429,100,76
262144,2048,t,10014084472,504341445,504324042,845474,34579,34484
262144,2048,n,9998619121,504383962,504370107,892522,117,109
262144,3072,t,10005773549,504391680,504377647,1505663,49388,49189
262144,3072,n,10007546282,504391631,504376445,1370892,164,38
262144,4096,t,10016437515,504386606,504369652,1637614,66202,66075
262144,4096,n,10016922726,504369774,504355277,1833916,200,158
262144,5120,t,10005572116,504396634,504382412,2468426,82200,81986
262144,5120,n,10014162069,504403473,504388274,2275296,246,180
262144,6144,t,9996565293,504395006,504378617,2400683,99005,98749
262144,6144,n,9997668087,504393093,504378890,2768408,279,190
262144,7168,t,10008312630,504390807,504374864,2878730,116952,116785
262144,7168,n,10007433679,504404047,504389566,3241900,324,241
262144,8192,t,10018177841,504381836,504366855,3209071,132100,131871
262144,8192,n,10007150345,504400390,504385812,3657714,338,57
262144,12288,t,10007854476,504396409,504381505,4776574,198246,197970
262144,12288,n,10008313352,504386668,504372234,5514612,479,41
262144,16384,t,10017512276,504393363,504378910,6363106,264343,264041
262144,16384,n,10010655814,504355712,504340069,7309252,579,151
262144,32768,t,10006982702,504325745,504311460,11769131,525519,525487
262144,32768,n,10004664379,504389484,504376946,14251020,1202,1164
262144,65536,t,10009970243,504350187,504334144,25144013,1061323,1060751
262144,65536,n,10009459626,504389126,504373657,28855747,2224,992
262144,131072,t,10011202555,504412065,504398253,48974781,2118583,2118006
262144,131072,n,10024393567,504391202,504375466,57353568,4492,3146
262144,262144,t,10028220791,504441743,504427098,96686056,4255135,4254628
262144,262144,n,10029595268,504390267,504375557,112781957,8982,7219
262144,524288,t,10019629091,504470776,504458445,191153608,8491099,8490514
262144,524288,n,10040362622,504393111,504378148,223693244,17954,17387
262144,1048576,t,10050268553,504490419,504477817,379352906,16897531,16896516
262144,1048576,n,10047471846,504393508,504381245,443545793,35711,35682
262144,1572864,t,10068751721,504429232,504417075,566202234,25263165,25262001
262144,1572864,n,10072875059,504386297,504373868,671187353,50900,50782
524288,16,t,9993810885,504377680,504368789,7810,320,303
524288,16,n,9972187763,504392943,504380825,9498,38,28
524288,128,t,9984085322,504392342,504380753,56519,2119,2090
524288,128,n,9972429062,504392657,504380573,59416,71,50
524288,512,t,9981640339,504389049,504378333,232695,8295,8226
524288,512,n,9994645755,504387690,504376447,230104,76,40
524288,1024,t,9991586647,504384973,504372815,420823,16706,16605
524288,1024,n,9991811564,504337155,504322047,457472,93,42
524288,2048,t,9986652132,504388415,504379129,745567,32948,32874
524288,2048,n,9990030586,504398411,504388979,926604,133,47
524288,3072,t,9992578454,504385169,504372746,1218007,49718,49547
524288,3072,n,9972656124,504393904,504382160,1333493,154,136
524288,4096,t,9993445138,504389192,504377952,1686632,67247,67038
524288,4096,n,9983296121,504378329,504367656,1815706,212,51
524288,5120,t,9983332603,504393380,504381046,2077532,83536,83378
524288,5120,n,9982643970,504388530,504378184,2324408,244,164
524288,6144,t,9984141322,504391780,504380368,2438861,98971,98815
524288,6144,n,9983505318,504385136,504374635,2773009,279,161
524288,7168,t,9993353747,504388706,504375893,2896437,117458,117324
524288,7168,n,9973061964,504383371,504371937,3207979,293,184
524288,8192,t,9984375098,504395206,504382423,3228399,132348,132061
524288,8192,n,9983513447,504387570,504377905,3732350,362,139
524288,12288,t,9994680471,504391876,504380469,4872183,200114,199667
524288,12288,n,9983913426,504396673,504386477,5577106,448,35
524288,16384,t,9975124331,504396746,504385435,6472599,264622,264026
524288,16384,n,9995885358,504391151,504380057,7286654,609,397
524288,32768,t,9984189668,504398344,504385912,12874040,532304,531891
524288,32768,n,9991571007,504392646,504381424,14800057,1133,74
524288,65536,t,9976251626,504397479,504386694,25180126,1059522,1059032
524288,65536,n,10002350078,504338471,504321922,28883299,2227,819
524288,131072,t,9990087860,504426208,504416733,49534928,2139645,2137748
524288,131072,n,9987619689,504388325,504375787,57491910,4499,3690
524288,262144,t,9985507814,504435787,504425874,96615029,4246848,4246329
524288,262144,n,10002867208,504387287,504374458,113177796,8952,7790
524288,524288,t,9997588293,504463270,504451832,191293201,8474413,8473832
524288,524288,n,10004231866,504392492,504378997,223949397,17861,17011
524288,1048576,t,10037523784,504473705,504464025,379528268,16895604,16894302
524288,1048576,n,10025658224,504391200,504380480,444657689,35699,34274
524288,1572864,t,10053992020,504373352,504362588,563407094,25230886,25230427
524288,1572864,n,10052365894,504386447,504376195,672560495,51001,50878
1048576,16,t,9962530001,504388958,504379536,8871,312,296
1048576,16,n,9963886127,504390615,504377672,9609,51,33
1048576,128,t,9964432365,504390177,504379643,56596,2115,2093
1048576,128,n,9954586694,504391428,504380735,60474,65,42
1048576,512,t,9969554310,504391163,504380898,214244,8319,8232
1048576,512,n,9977195421,504386881,504374296,236907,74,45
1048576,1024,t,9967527674,504392638,504382482,435881,17238,17154
1048576,1024,n,9969908372,504390640,504379882,463784,86,38
1048576,2048,t,9970105429,504390173,504379762,862420,32943,32817
1048576,2048,n,9955539673,504392261,504382101,921002,130,49
1048576,3072,t,9975586433,504390952,504380234,1254469,50435,50242
1048576,3072,n,9968020385,504399334,504390335,1370613,151,41
1048576,4096,t,9965760939,504393062,504382372,1684010,66577,66334
1048576,4096,n,9968502955,504398941,504389630,1835684,221,52
1048576,5120,t,9974598891,504388730,504379672,1877685,82213,82131
1048576,5120,n,9962914123,504392715,504382429,2316092,230,36
1048576,6144,t,9963410930,504393358,504382727,2508886,100026,99748
1048576,6144,n,9967121316,504383489,504373667,2766645,263,49
1048576,7168,t,9965974060,504392874,504382415,2888944,115829,115520
1048576,7168,n,9974053433,504395686,504386305,3251472,305,54
1048576,8192,t,9972592153,504388345,504378466,3241684,132225,131888
1048576,8192,n,9970893658,504393782,504383012,3678422,316,42
1048576,12288,t,9967327072,504392286,504382612,5358504,197177,196909
1048576,12288,n,9954828754,504385317,504376038,5540975,476,58
1048576,16384,t,9956133487,504398007,504388324,6626192,266257,265623
1048576,16384,n,9966579786,504383418,504373636,7414602,603,49
1048576,32768,t,9957278397,504402775,504393178,13130988,534420,533313
1048576,32768,n,9956491144,504388658,504377301,14742007,1113,67
1048576,65536,t,9975601162,504398755,504389225,24963012,1065349,1063674
1048576,65536,n,9979017254,504388908,504376991,29110490,2207,772
1048576,131072,t,9975545939,504408127,504398294,49427159,2117842,2115794
1048576,131072,n,9969803378,504390273,504378659,57383476,4452,2358
1048576,262144,t,9973972493,504421883,504411771,96207414,4232580,4232187
1048576,262144,n,9978243007,504389905,504378539,113021505,8912,8127
1048576,524288,t,10000688665,504462490,504452428,191420682,8481332,8480795
1048576,524288,n,10000479141,504390486,504378878,224596837,17928,17370
1048576,1048576,t,10008732553,504457725,504448132,378658942,16886565,16885986
1048576,1048576,n,10002095792,504390932,504380750,446723320,35566,33364
1048576,1572864,t,10040714938,504409827,504400752,565841725,25228277,25227156
1048576,1572864,n,10043914020,504383385,504373052,670847612,52388,52173
1572864,16,t,9959712580,504385928,504376533,9478,330,306
1572864,16,n,9959672518,504388550,504378455,10570,57,48
1572864,128,t,9969309300,504385255,504375049,70431,2107,2080
1572864,128,n,9969162408,504387187,504376824,61875,58,40
1572864,512,t,9959564312,504391517,504381566,237125,8669,8595
1572864,512,n,9961422943,504391345,504381760,232442,82,49
1572864,1024,t,9973303045,504385711,504376162,400524,16504,16425
1572864,1024,n,9961990672,504392877,504382935,466167,82,43
1572864,2048,t,9969355726,504389410,504379275,866598,33650,33529
1572864,2048,n,9962343469,504393666,504382852,928069,123,45
1572864,3072,t,9968475075,504388989,504378430,1229306,49363,49220
1572864,3072,n,9959058886,504387862,504376748,1393268,156,40
1572864,4096,t,9960235842,504392353,504382814,1642870,66273,66065
1572864,4096,n,9968408049,504370558,504361043,1842123,223,56
1572864,5120,t,9963383422,504392598,504382530,2033690,82214,81971
1572864,5120,n,9959617238,504387765,504378192,2310751,228,46
1572864,6144,t,9958739773,504391550,504381836,2501395,100109,99828
1572864,6144,n,9969976843,504392586,504382547,2785899,262,45
1572864,7168,t,9961395764,504391970,504382275,2877396,116682,116366
1572864,7168,n,9950844980,504387476,504378209,3232784,298,48
1572864,8192,t,9958913863,504391950,504382542,3637006,131603,131310
1572864,8192,n,9973114388,504391011,504380966,3721680,329,60
1572864,12288,t,9960684628,504392791,504383455,4916764,199535,199054
1572864,12288,n,9959577059,504383323,504374134,5555052,459,51
1572864,16384,t,9963148866,504397208,504387310,6519249,266476,265880
1572864,16384,n,9965338874,504396642,504387208,7396847,628,55
1572864,32768,t,9967975940,504398932,504388649,13102426,532265,531114
1572864,32768,n,9974357519,504389517,504379599,14696195,1141,104
1572864,65536,t,9974107636,504390578,504380604,25621113,1061358,1059519
1572864,65536,n,9968665565,504390214,504378996,29304548,2170,295
1572864,131072,t,9966848445,504423523,504414480,50015247,2137725,2136009
1572864,131072,n,9967619088,504390130,504379499,57983531,4480,2893
1572864,262144,t,9989097794,504434454,504424447,97697048,4249103,4248550
1572864,262144,n,9986136357,504389366,504378112,113327895,8956,8161
1572864,524288,t,9982982797,504436121,504425591,191194924,8449583,8449095
1572864,524288,n,9993111721,504390161,504378742,224500709,17852,17217
1572864,1048576,t,9995316970,504490974,504482107,377796694,16911636,16910923
1572864,1048576,n,10006398666,504390927,504381486,446181821,35634,33288
1572864,1572864,t,10035854638,504428444,504419598,562943420,25250373,25249030
1572864,1572864,n,10029608921,504388421,504379055,671519011,51060,50845
