3026124961 3026641699 3105903779 3274977010 3022667639 3015898979 3018500984
4835091313 4836104692 4834201327 4824742407 4816927549 4808695279 4804054423
4835906318 4836044381 4833862932 4825438825 4817241015 4810057158 4804803646
4835187846 4835347301 4833392427 4826230263 4818682158 4811962211 4806788412
4945080529 5242919842 5260430279 4860201167 4964657830 4816463328 4929898550
5703097586 5832474562 6016330446 5668048568 5446722553 5491912402 5363557593
9200635323 14610228906 6430873798 7749235597 7193554563 6679721673 6293983722
11885632810 22263197527 12081048332 17920054509 9782117770 9134115537 8619078672
23105051040 12865980337 12539160390 19879720094 11602307578 11830661584 12293727647
23221425456 22938561189 23016122981 22087037629 9267340322 14152721236 15904202951
23208835979 23171860811 23371639026 22608682435 21828034923 14508007201 13110835961
22940434103 23239055111 23330928290 22582648670 21983814952 16799924938 15926908658
22945270765 22974274083 23168630057 22404127446 21966856268 21337352201 20975157414
22854651263 22860538806 23038930211 22297328842 21863605219 21234169210 20917227474
