2931598852 3016392145 3180206494 3015448481 3014756672 3094465728 3092227928
4809304854 4807575687 4807092371 4804098764 4800035984 4797155947 4796667195
4810964103 4809322659 4808834068 4805763554 4801708508 4798649770 4798099568
4814812316 4813051757 4811986076 4809289512 4805101883 4802203512 4801765829
4832046262 4816228888 5200049603 4810638980 4806691273 5188981226 5161901567
5406848537 5503907889 5430341668 5738338674 5387360557 5366222158 5094566707
6345007646 6627990693 6738796237 7010152271 6208444541 6881818149 6309344675
8529445345 8297475453 8136502721 7924850721 8576153472 8365748557 8326017637
11546143286 11045757528 11352076719 11577821350 10348558259 11280840798 11483553847
15001245245 15108176033 13890113365 14443137106 7467763770 14128110863 13493335043
11980856537 11905624816 11882897935 11720990844 11642726840 11452928037 11449665644
14907424481 14735232257 14684957446 14511650629 14331729702 14086944646 14057574505
19387364912 19134556420 19066718446 18816330850 18495463016 18086946531 18000457456
22712366609 22301480940 22368999888 21988054844 21550093803 21020454199 20757539835
