12806 10426 9948 11135 7144 9050 6325
60977 59174 57632 52580 48890 45163 38901
163264 154193 149439 160686 144896 140432 125646
207568 217177 216406 202657 331849 192171 285026
6313156 23035826 23884643 2248448 8791719 809825 8021587
47987023 54194357 64543299 47925539 36415237 40340878 33633923
238362974 529520248 86200545 155554058 136482951 107904367 85247179
386155349 955252718 392006739 733707982 276954069 252688081 230167554
1001904422 440566021 418145187 860801899 390351718 414802285 454074205
1008076536 1007238776 1007265171 991729618 260674979 558564285 668235287
1008670707 1008654217 1008655953 1008498418 1006996374 597278977 517096664
1008676785 1008660374 1008660224 1008640088 1008095253 733589695 695608025
1008954482 1008793837 1008735808 1008691095 1008809639 1008530117 1008180571
1009154566 1009214435 1009175933 1008932960 1009050077 1008681325 1008806087
