7726 8020 8015 10901 7701 7033 8203
50570 55182 50507 53386 49170 49579 50716
136523 151039 149241 139087 132020 136924 134691
333243 341413 319127 338820 328384 336536 345970
622252 506663 22550449 400337 410465 23819960 22537273
33689499 39578714 35642076 53400611 34649585 34663342 18125782
84224365 101889633 101962360 126263025 82107190 124614532 88801882
204838748 191402948 188991012 178502021 210134784 213232974 207212139
360640688 342260146 357626006 380946582 318537271 379334568 396477046
563975106 574929239 504944285 545941673 151242432 554310896 530056002
399832239 401552274 402092773 401290421 400685466 400744691 401790656
563129441 562947406 562993303 562505830 562855207 562241601 565936733
816308243 815374182 815505541 815385636 814852787 814816374 814240745
1008124156 1008106429 1008108368 1008103180 1008105426 1008102430 1008098878
