314077359 314578661 345543335 408976062 314573241 314063636 314581633
1006640941 1006640019 1006639155 1006638981 1006636383 1006635331 1006634610
1006641371 1006640339 1006639191 1006638898 1006636463 1006635347 1006635257
1006642354 1006641572 1006639759 1006639969 1006636776 1006636973 1006635055
1006647146 1006646903 1006644767 1006643093 1006640874 1006639982 1006638679
1006821837 1006828220 1006821853 1006817425 1006813086 1006816299 1006806977
1008646811 1008732845 1008640966 1008646543 1008633801 1008632321 1008623665
1008676783 1008690795 1008693041 1008689690 1008644148 1008635526 1008630644
1008769607 1008784552 1008758141 1008725489 1008752184 1008646555 1008638085
1009002571 1008961806 1009073069 1008880191 1008931016 1008756027 1008651840
1010079294 1010049245 1010027010 1009992593 1009373335 1009387153 1008816272
1010770931 1010483771 1010506219 1010990982 1010340908 1010114815 1009080051
1011689244 1010925995 1010802255 1011973614 1012507564 1010892887 1009394813
1012570094 1011036800 1010707581 1012718702 1014962240 1013086951 1010110320
