281829796 314567882 377487202 314577812 315067626 346532106 345546429
1006633383 1006633363 1006633585 1006633369 1006633316 1006633329 1006633380
1006633906 1006633962 1006633977 1006633947 1006633903 1006633893 1006633963
1006634069 1006634142 1006634012 1006634099 1006634036 1006634044 1006634040
1006637608 1006637997 1006638154 1006639829 1006639201 1006637564 1006637800
1006803180 1006804830 1006807938 1006805507 1006802055 1006802869 1006802631
1008630713 1008632309 1008631674 1008617671 1008631035 1008629831 1008617608
1008628473 1008631749 1008628576 1008628303 1008628311 1008630029 1008629211
1008606883 1008614166 1008616946 1008607596 1008612614 1008609056 1008612603
1008637606 1008630576 1008628965 1008630493 1008627120 1008632785 1008630850
1008648463 1008645815 1008656730 1008646817 1008649514 1008653344 1008649328
1008681284 1008675006 1008679447 1008672448 1008678340 1008678220 1008677328
1008755110 1008775635 1008748198 1008741539 1008745706 1008751094 1008738540
1008792293 1008797235 1008793083 1008790197 1008784604 1008898937 1008782152
