2212965723.56 2258932821.98 2263216190.16 2214255731.9 2243690074.2 2342980825.72 2293678413.48
4791686347.8 4771336031.24 4787570417.52 4783472352.38 4781934404.56 4767174499.6 4760858704.54
4810459429.02 4808580487.76 4808023579.04 4805163365.74 4801087267.96 4798167512.94 4797643755.08
4812532673.16 4810539179.08 4810083893.06 4807051513.28 4802919411.56 4800196316.86 4799526363.02
4813265313.72 4811357991.76 4818416341.92 4807768465.72 4803543321.06 4808407677.22 4809303024.26
4910203070.84 4948241512.16 4919298991.8 4901573929.98 4900705052.34 4896453962.92 4886672444.18
5444604963.02 5515528336.44 5430049627.02 5422812965.78 5342460642.92 5511098754.1 5461438116.32
6411302540.3 6293048397.88 6021261085.94 6095589887.02 6383394284.62 6230539160.7 6264304387.82
6894213974.74 7193236851.32 6681490252.22 6882800492.04 6446517073.04 6785087714.22 6931292734.98
7648267119.58 7615667417.04 7565027281.38 7537003993.34 7205099518.3 7570543493.88 7296242554.24
11853888980.74 11753921694.36 11723287932.44 11593541914.74 11481365906.94 11321066090.8 11284905335.22
14731297764.62 14581616470.04 14523033686.7 14351470436.48 14162312089.24 13928338370.32 13862916062.46
19247928411.44 19000651882.6 18930969487.44 18674589044.28 18381807559.54 17961440383.48 17839265094.92
21725987930.74 21342398184.14 21278791831.18 20998417394.84 20683316823.14 20150347223.84 19862345149.72
