2327284267.28 2294939232.72 2382162311.52 2320541552.12 2250123493.86 2247546697.82 2308928776.7
4812438698.42 4811000596.54 4817501702.78 4798078909.5 4783058522.98 4783428306.38 4789851074.12
4830490584.64 4829786985 4828899849.66 4821556854.92 4814107707.82 4807519119.66 4802702019.08
4830830978.62 4830138807.66 4829471292.66 4821395842.08 4814751967.22 4809040335.82 4804391626.66
4840068377.8 4872722909.82 4846344180.76 4825746997.62 4821127603.72 4811472039.1 4809705126.68
5180545927.06 5148326525.26 5241836860.6 5061060789.38 5007411946.22 4949502737.5 4947920840.24
5744220793.14 6102860049.1 5664046120.94 5752804270.52 5608744641.56 5530702247.48 5457880032.2
7065899445.62 7138091878.22 6583252189 7124271163.84 6644354892.28 6186576566.2 6773150952.58
7879650753.82 7636656150.96 7327269666.4 6954743985.26 6781054876.38 6609602299.4 6933858070.56
9056857235.42 8425088903.98 8455554462.42 8358770824.7 7529966652.2 7510379670.26 7645217382.6
15087736272.7 14675268090.94 13631428928.68 13610505350.52 12074818686.92 11644928750.12 11424158070.74
17054019619.6 17434588040.54 18146780081.28 16399803365.9 15226578006.68 14298204074.14 14196920124.22
21566979456.18 21650638303.4 21657571448.26 20801319804 19904308469.06 18788398980.48 18257051845.04
22681296251.54 22708194481.52 22880931769.7 22098333961.8 21628457589.12 20918611381.44 20516681997.26
