4922.38 4878.76 4748.88 4927.62 4674.34 4815.6 4666.4
40877.5 40908.5 41003.68 42102.66 41673.58 41215.44 41029.86
108528.48 108634 105066.06 105232.34 106710.78 106943.28 105348.3
221125.42 215616.96 219188.96 211971.5 212753.7 226798.76 218831.1
250078.54 258498.5 698416.92 253774.66 250417.42 727563.3 807938.86
5612831.98 7916944.1 6400949.42 5605744.06 5923776.34 5977631.88 5431830.74
33857282.9 38576343.04 33449493.34 34044974.36 30144320.68 41016338.26 38384634.74
85408888.42 79872825.44 65355911.56 70892721.78 89319662.62 83097153.62 85754884.82
109736889.52 129344071.1 101018560.48 114585045.92 91379522.48 113546532.78 123943114.4
152197366.34 152818535.3 150195106.82 151595748.86 135516911.58 160171408 144492540.84
396876306.34 397307353.26 397527343.94 397194971.12 397438673.18 397003680.32 397138480.26
561517011.94 561402095.42 561412323.78 561302332.36 561200665.9 560986107.86 560933754.08
814381897.76 813856452.48 814070004.86 813907528.8 813794508.7 813593091.08 813484224.74
957496115.36 952040603 953436215.5 953900636.06 956753458.14 956766880.1 950105166.68
