6731.58 6745.14 6557.88 5844.22 4855.16 3894.74 3562.06
36790.52 40051.06 38623.08 34955.36 26458.1 25067.12 20115.06
76090.36 69959.1 60931.84 70489.04 57850.74 65260.38 50670.56
105044 108018.12 96888.9 95705.02 110924.34 92809.42 98130.68
567092.24 2424304.16 1053114.32 332128.2 476625.74 144374.36 343112.22
18879084.2 17068402.22 22265892.6 13345495.98 11022321.06 7956232.02 8391489.62
47479199.46 66718166.9 43304551.8 49992129.5 44370567.42 40260113.2 36826062.14
116729699.54 120535544.2 89957045.08 125790790.58 102019050.36 77181582.08 114566759.38
158832940.74 145141367.4 128195093.68 113694911.66 107738066.78 100051416.82 122236227.3
225010982.24 190198317.54 192578822.26 194863080.48 151914283.88 153926603.68 165325716.32
571598020.4 549206639.48 492021358.94 509143158.86 432529202.06 415181842.88 407856108.74
684301552.62 705673355.24 742239926.16 673169749.06 621834716.92 580254771.92 583899775.58
938944902.18 943053454.6 936840624.44 926807153.6 895951602.44 852634479.7 838936627.64
1007542203.12 1007705989.3 1007595094.66 1004602617.86 1001067637.46 992085450.6 988250191.08
