11466860.76 28849297.22 30588146.3 12031577.5 23230870.96 60901353.48 42143513.28
999789639.9 992469354.16 999073470.84 998571578.18 999539736.62 994838224.56 992555594.72
1006633836.6 1006633836.92 1006633840.58 1006633837.44 1006633831.9 1006633834.72 1006633841.3
1006633918.48 1006633912.96 1006633894.24 1006633905.66 1006633901.7 1006633901.08 1006633906.08
1006634790.96 1006635050.34 1006634977.46 1006634964.04 1006635023.92 1006635029.82 1006634820.7
1006798569.38 1006798496.3 1006798665.66 1006797872.56 1006798174.72 1006798449.38 1006798652.56
1008616784.2 1008617327.26 1008616791.76 1008616443.24 1008617282.66 1008616793.74 1008616463.62
1008616362.86 1008616980.86 1008616318.86 1008615921.88 1008616219.44 1008616501.5 1008616734.08
1008601105.04 1008601558.66 1008600519.96 1008600339.48 1008600534.5 1008600017.08 1008600959.94
1008619954.84 1008620522.84 1008620095.36 1008619702.98 1008618366.24 1008619719.46 1008619703.22
1008636703.8 1008636835.56 1008637019.62 1008635477.5 1008637320.12 1008635947.5 1008635954.3
1008658266.14 1008658800.2 1008656308.28 1008657331.36 1008655292.44 1008653997.7 1008655388.8
1008723080.88 1008727214.24 1008723798.08 1008719239.38 1008718609.52 1008715984.66 1008716299.86
1008741174.14 1008748880.94 1008745354.26 1008743840.56 1008737254.24 1008738000.74 1008743318.48
