52048639.68 40056969.84 72770100.7 49624693.64 23403338.28 23210740.74 46955101.64
999704782.68 999329825.42 1002046852.02 997619125.88 994525744.82 997595160.42 1001799221.2
1006638719.16 1006638332.64 1006637548.96 1006637387.72 1006635716.26 1006634832.88 1006634379.38
1006639766.84 1006638945.8 1006638162.18 1006637771 1006635856.84 1006635162.88 1006634499.62
1006641896.3 1006640436.66 1006639222.16 1006638922.04 1006637419.98 1006636706.54 1006635991.18
1006808575.74 1006807236.1 1006807554.04 1006805010.5 1006802141.96 1006801282.26 1006800633.22
1008623841.6 1008625305.56 1008621793.08 1008623057.18 1008620668.36 1008619017.3 1008617898.74
1008644082.38 1008646655.84 1008647174.58 1008639553.7 1008626356.92 1008622235.84 1008619208.64
1008718972.72 1008704919.94 1008712142.32 1008685093.14 1008637690.04 1008616527.12 1008610566.7
1008887181.42 1008886980.28 1008891756.16 1008816225.74 1008713172.72 1008655925.04 1008636042.3
1009634585.98 1009623830.88 1009735965.86 1009616972.18 1009243596.64 1008872143.48 1008725727.86
1010286555.5 1009996864.82 1009808287.8 1010290879.56 1009992573.7 1009230695.94 1008877901.98
1010320133.9 1009792792.44 1009798759.42 1010387006.2 1011021975.54 1010484247.04 1009317059.8
1009210735.06 1008943081.38 1008894010.88 1009355675.18 1009822931.58 1010050109.36 1009172094.08
