54.54 53.2 54.06 35.12 18.56 11.14 6.52
113.5 111.68 109.46 73.64 40.7 23.82 14.92
113.92 112.12 109.78 74 41 24 15
113.9 112.1 109.86 74.02 41 24 15
114.08 113.02 110.2 74.06 41.04 24 15
121 118.52 117.78 77.22 42.22 24.5 15.32
132.24 137.76 125.6 86.86 46.56 27.14 16.74
158.54 158.38 142.58 106.08 54.1 30.06 20.7
174.32 167.66 155.54 103.8 54.9 31.96 21.12
197.12 182.42 175.86 123.02 60.54 36.26 23.46
317.76 306.18 273.38 194.92 96.26 56.3 34.98
357.24 361.76 362.56 234.12 121.56 68.92 43.26
452.54 450.44 434.66 299.4 159.18 90.46 55.66
478.82 474.92 462.18 320.08 172.76 100 62.28
