41.56 37.24 35.6 27.38 15.48 7.6 6.28
90.66 79.3 76.62 58.74 33.88 15.9 12.8
91 80 76.98 59 34 16 13
91 80 77 59 34 16 13
91 80 77.1 59 34 16.02 13.02
92.56 81.9 78.4 59.96 34.64 16.32 13.06
101.2 90.08 85 65.52 37.56 18.3 14.38
117.14 101.24 92.6 72.22 44.44 20.58 16.36
124.74 114.02 100.68 79.8 44.72 22.34 17.88
137.5 120.18 112.46 86.04 49.7 24.92 18.82
210.32 184.18 171.9 131.08 78.6 36.8 28.92
259.6 227.24 211.28 161.4 96.92 45.12 35.36
338.32 295.34 274.94 209.26 125.46 58 45.38
382.38 332.22 309.64 235.38 141.18 64.72 50.7
