16,16,t,15312629976,12747,12732,25060,317,290
16,16,n,15277706246,7608,7415,22541,49,31
16,128,t,15222066779,6829,6768,174957,2133,2079
16,128,n,15225957096,7502,7374,176173,71,27
16,512,t,15263493841,5984,5865,685311,8311,8231
16,512,n,15277730494,8788,8460,758976,85,33
16,1024,t,15242199212,5814,5694,1380038,16518,16418
16,1024,n,15246250814,4468,4374,1397034,97,68
16,2048,t,15235038584,9717,9561,2726483,32930,32809
16,2048,n,15242748996,5571,5546,2749556,129,57
16,3072,t,15233139286,8620,8472,4521441,49386,49193
16,3072,n,15232452273,5541,5433,4145909,166,117
16,4096,t,15247479657,7809,7635,5388837,65787,65570
16,4096,n,15242464268,8278,8057,5508010,202,88
16,5120,t,15311393929,12552,12225,6782514,82219,81966
16,5120,n,15237542233,7030,6962,6866780,244,132
16,6144,t,15256113308,9748,9615,8102716,98644,98344
16,6144,n,15252856781,7994,7934,12462712,269,137
16,7168,t,15250619615,5354,5160,9470127,115053,114863
16,7168,n,15240978446,9118,9002,9606546,309,162
16,8192,t,15273709805,6772,6707,10759540,131499,131219
16,8192,n,15257326950,11595,11447,10993567,351,197
16,12288,t,15243901400,7437,7417,16109749,197165,196880
16,12288,n,15240395065,7439,7266,16456453,482,255
16,16384,t,15243052485,5857,5659,21456301,262829,262420
16,16384,n,15219427904,7392,7353,21921820,710,274
16,32768,t,15245585960,7900,7757,42964598,525547,524935
16,32768,n,15313369481,7187,7208,43826558,1143,160
16,65536,t,15271796128,9137,8985,85805519,1050939,1049478
16,65536,n,15337297150,8659,8629,87549976,2176,251
16,131072,t,15239627696,10310,10297,171560488,2101818,2100141
16,131072,n,15229472730,4866,4715,175138407,4500,1805
16,262144,t,15236451218,13669,13585,342712583,4203382,4202436
16,262144,n,15224252363,9271,9246,350442564,8362,2117
16,524288,t,15233024161,17695,17553,683854436,8407176,8406273
16,524288,n,15249504467,6955,6774,700807619,16796,7938
16,1048576,t,15235375602,32538,32581,1366236654,16814027,16812385
16,1048576,n,15259481702,9748,9633,1404019795,33678,17640
16,1572864,t,15226507991,66436,66568,2051971845,25223133,25220879
16,1572864,n,15260964163,5372,5361,2104415312,49499,48406
128,16,t,15416840229,15262,2485,23903,321,293
128,16,n,15421157423,18926,3426,24839,72,45
128,128,t,15419606329,9264,4331,174585,2132,2091
128,128,n,15655483280,156566796,3280,173540,61,29
128,512,t,15421627326,47261,3209,707043,8314,8241
128,512,n,15422672635,23344,5146,690374,72,42
128,1024,t,15421892092,26715,2641,1370353,16509,16421
128,1024,n,15302331698,26850,4649,1371124,91,43
128,2048,t,15401160439,19779,2951,2732113,32955,32807
128,2048,n,15418406872,44653,4686,2756960,134,40
128,3072,t,15387979511,139589931,2600,4050046,49356,49199
128,3072,n,15418892643,260026,7318,4219739,165,50
128,4096,t,15387242640,138063289,2760,6031209,65771,65582
128,4096,n,15419060135,31947,6615,5495378,205,50
128,5120,t,15420253816,70763,2442,6754409,82208,81966
128,5120,n,15391276160,140645756,3026,6865148,249,94
128,6144,t,15295537927,35337,3295,8094725,98656,98369
128,6144,n,15420692609,32949,3983,8245012,270,142
128,7168,t,15419814811,326825,2824,9447591,115071,114796
128,7168,n,15421770160,30297,3006,9610554,303,204
128,8192,t,15302830329,20201,2315,10828811,131505,131227
128,8192,n,15417339458,121340,6718,10968703,342,162
128,12288,t,15416646217,167253,2381,16144836,197173,196859
128,12288,n,15287051382,14399,2359,16492707,493,220
128,16384,t,15421259738,32475,2382,21516850,262847,262439
128,16384,n,15424545075,28405,5112,21909747,617,147
128,32768,t,15480539634,157165955,2204,42937440,525536,524648
128,32768,n,15421017576,79677,5283,43816179,1135,118
128,65536,t,15522996750,139157059,3965,85826273,1050950,1049523
128,65536,n,15321684061,20807,5316,87560141,2172,459
128,131072,t,15416274447,53813,4973,171651090,2101690,2100147
128,131072,n,15420921532,16626,5751,175126643,4241,231
128,262144,t,16519485865,36382,5721,342493051,4203579,4201479
128,262144,n,15421396440,90204,9629,350210384,8347,3443
128,524288,t,15411676556,2317126,5703,683765908,8407231,8406016
128,524288,n,15418805205,24981,3865,700607536,16566,7809
128,1048576,t,15423580832,16307,8233,1370310830,16814651,16812635
128,1048576,n,15421035759,26464,2712,1404294768,33030,799
128,1572864,t,15413193628,156855108,9658,2051407493,25221299,25219001
128,1572864,n,15416902657,15587,2326,2101922152,49407,46393
512,16,t,15829719583,503133727,8516,23869,312,283
512,16,n,15817271898,475667552,38782,23273,67,36
512,128,t,15839638552,503178239,33842,179280,2124,2078
512,128,n,16580872493,503260208,33985,174651,67,37
512,512,t,15854759565,503239766,30314,696975,8301,8222
512,512,n,15832288077,503300117,33367,768724,82,43
512,1024,t,15789292833,471925387,16599,1385007,16522,16419
512,1024,n,15831516538,503260274,33842,1380414,95,46
512,2048,t,15829607261,503229931,14970,2725432,32959,32798
512,2048,n,15831959041,503281057,38381,2766681,132,80
512,3072,t,15827614016,503275235,9472,4052207,49354,49187
512,3072,n,15830621079,503305915,38429,4156838,164,76
512,4096,t,15839992032,503282825,11484,5415917,65779,65569
512,4096,n,15839107894,503305849,30315,5520263,205,130
512,5120,t,15837202916,503303810,9355,6747208,82211,81952
512,5120,n,15837407411,503189409,29449,6869970,239,86
512,6144,t,15829423728,503299103,14412,8128727,98652,98364
512,6144,n,15835416987,503290649,36823,8268104,270,129
512,7168,t,15828591487,503279997,11788,9489322,115052,114770
512,7168,n,15841766165,503260122,33527,9628399,306,192
512,8192,t,15752290114,444960171,12363,10804210,131490,131191
512,8192,n,15833045045,503244951,37670,10998545,346,222
512,12288,t,15849079217,503297090,10744,16156056,197154,196830
512,12288,n,15831589687,503266806,33980,16478429,486,241
512,16384,t,15829407905,503250805,13233,21502880,262846,262390
512,16384,n,15847018767,503305030,44751,21962457,602,151
512,32768,t,15841741856,503253728,10357,42952330,525524,524749
512,32768,n,15844343197,503173530,38686,43852034,1139,151
512,65536,t,15842333922,503236028,18948,85869052,1050961,1049749
512,65536,n,15831465791,503309448,42114,87578114,2164,758
512,131072,t,15836632590,503246985,34977,171654713,2101760,2099931
512,131072,n,15831759729,503288765,30391,175168537,4244,159
512,262144,t,15832142468,503231702,50085,342447012,4203586,4201960
512,262144,n,15831132846,503194327,45372,350407627,8341,1736
512,524288,t,15841404273,503189559,49647,683749444,8407260,8405838
512,524288,n,15798591114,475698812,54744,700900942,16590,6725
512,1048576,t,15794781636,471870055,56121,1366283379,16814234,16812481
512,1048576,n,15833609688,503244612,45801,1401558066,33005,20670
512,1572864,t,15836083940,503184761,58006,2048674461,25221522,25219134
512,1572864,n,15828516823,503220507,8220,2103005414,49436,467
1024,16,t,15828064254,503280955,16981,23941,316,290
1024,16,n,15832731592,503312809,16697,22620,60,37
1024,128,t,15832564157,503314428,54960,177749,2125,2080
1024,128,n,15835131963,503289875,78134,178072,64,28
1024,512,t,15846948761,503295736,49354,691777,8310,8223
1024,512,n,15842958115,503297424,67474,699536,78,28
1024,1024,t,15838755294,503278743,46854,1378153,16512,16411
1024,1024,n,15837160033,503291630,72025,1380935,92,31
1024,2048,t,15831680613,503248070,31255,2721911,32959,32809
1024,2048,n,15833712870,503309306,75443,2799771,137,59
1024,3072,t,15845620329,503305252,29944,4072968,49353,49190
1024,3072,n,15835062544,503308231,75578,4528070,180,124
1024,4096,t,15830022756,503312782,26448,6033068,65772,65568
1024,4096,n,15833208918,503282753,70028,5603277,213,119
1024,5120,t,15842748803,503296223,24007,6776927,82203,81948
1024,5120,n,15834603554,503309298,66675,6960433,230,149
1024,6144,t,15830939367,503278860,29728,8143789,98648,98348
1024,6144,n,15841929831,503293150,82564,8425772,278,171
1024,7168,t,15830531136,503298740,33784,9520163,115072,114753
1024,7168,n,15835503073,503281673,79578,9783862,318,181
1024,8192,t,15829629281,503295442,27634,10829321,131486,131159
1024,8192,n,15840912571,503285400,84273,11186077,346,216
1024,12288,t,15832985640,503313501,26191,16205884,197189,196819
1024,12288,n,15836343065,503304155,84311,16705927,486,254
1024,16384,t,15835329747,503308358,29663,21559110,262840,262425
1024,16384,n,15834769172,503310936,79797,22652673,606,208
1024,32768,t,15840660794,503318173,34336,42970234,525538,524768
1024,32768,n,15842002134,503300016,96312,44108326,1122,117
1024,65536,t,15841210835,503296564,56878,86035482,1051022,1049653
1024,65536,n,15837530343,503314394,88344,87820668,2163,270
1024,131072,t,15836397284,503289108,87521,171778634,2101852,2100404
1024,131072,n,15854720560,503285710,112486,189672676,4243,510
1024,262144,t,15845637064,503302400,149733,340088868,4203621,4202293
1024,262144,n,15840122458,503292886,123321,351090689,8349,1634
1024,524288,t,15848087680,503254911,153978,684034345,8407262,8405999
1024,524288,n,15852240534,503273782,141742,701173442,16560,5564
1024,1048576,t,15848183813,503254476,162462,1366654374,16814320,16812539
1024,1048576,n,15837237936,503254973,58433,1401671357,32986,18589
1024,1572864,t,15854122512,503255300,172586,2049277640,25221566,25219128
1024,1572864,n,15829176664,503309901,17089,2103306972,49414,1644
2048,16,t,15832985766,503312136,39244,23264,320,290
2048,16,n,15845810758,503312749,121167,24595,60,27
2048,128,t,15853161805,503308286,178548,177901,2130,2074
2048,128,n,15862222854,503278327,192313,173429,71,25
2048,512,t,15847547638,503305085,144504,696168,8310,8225
2048,512,n,15853048005,503310943,170580,717958,86,43
2048,1024,t,15837630773,503313105,103021,1390560,16536,16404
2048,1024,n,15856088570,503311613,190438,1398597,102,45
2048,2048,t,15850405486,503312508,93731,2761494,32926,32812
2048,2048,n,15854863693,503316618,182619,2819102,140,64
2048,3072,t,15849797898,503315216,106893,4120569,49344,49192
2048,3072,n,15841457241,503317693,151197,4227656,168,97
2048,4096,t,15843819464,503317489,95211,5487265,65781,65586
2048,4096,n,15856082407,503310792,189301,5641436,208,111
2048,5120,t,15842730251,503318224,93622,6887653,82227,81945
2048,5120,n,15849721549,503310452,134055,7052574,246,124
2048,6144,t,15838030034,503306918,92637,8234394,98657,98376
2048,6144,n,15860703183,503305380,177297,8447076,291,190
2048,7168,t,19241240363,503313742,99893,9586018,115037,114744
2048,7168,n,15858838141,503304232,171613,9839269,330,212
2048,8192,t,15844431492,503312054,97564,10938576,131466,131164
2048,8192,n,15908234847,503319360,188336,11312829,374,214
2048,12288,t,15850490409,503315117,113694,16409333,197175,196782
2048,12288,n,19480210877,503316856,204543,16887207,476,224
2048,16384,t,15847546832,503303187,117362,21807048,262846,262457
2048,16384,n,15853704758,503305023,199817,22502253,639,172
2048,32768,t,15854146917,503314267,149014,43535085,525554,524877
2048,32768,n,15856078104,503316778,198432,44728134,1124,148
2048,65536,t,15853794581,503297039,184613,86652168,1051014,1049809
2048,65536,n,19687410989,503318238,228489,88797194,2184,237
2048,131072,t,15863255214,503285491,289034,172701181,2101825,2099960
2048,131072,n,15864069539,503309804,174485,175626801,4246,832
2048,262144,t,15856292046,503310098,201780,342541427,4203761,4202864
2048,262144,n,15852857042,503311181,167721,347979876,8352,659
2048,524288,t,15851559374,503303492,256247,683927157,8407224,8406105
2048,524288,n,15863348699,503311156,258553,701657391,16571,4227
2048,1048576,t,15846393833,503292915,202388,1366337830,16814434,16812564
2048,1048576,n,15846112934,503295813,225483,1402472526,33014,20365
2048,1572864,t,15864168264,503295413,335960,2048698278,25221469,25219016
2048,1572864,n,15855808222,503312462,36410,2103166714,49413,4561
3072,16,t,15905678284,503329505,120550,23082,325,294
3072,16,n,15856844973,503296734,200705,23924,57,16
3072,128,t,16090550338,503319723,1577771,175366,2130,2075
3072,128,n,16245230031,503310912,2913495,174434,64,41
3072,512,t,15855092358,503313785,222816,709864,8307,8224
3072,512,n,15855656983,503307567,230593,698370,74,21
3072,1024,t,15873224988,503316179,231967,1384578,16519,16426
3072,1024,n,16446619764,503305995,11352564,1394280,104,69
3072,2048,t,15856986703,503319393,254067,2774907,32932,32812
3072,2048,n,15869336403,503316858,216682,2821858,133,61
3072,3072,t,15863488840,503317232,192138,4616234,49358,49199
3072,3072,n,15843372791,503316582,80431,4229269,161,123
3072,4096,t,15845125523,503307949,197571,5572768,65810,65581
3072,4096,n,15862210029,503301053,270040,5649538,195,103
3072,5120,t,15868104829,503315754,233948,6917808,82227,81963
3072,5120,n,15874737232,503310968,292875,7044545,239,140
3072,6144,t,15858532581,503318396,251528,8288232,98650,98345
3072,6144,n,19838077225,503320388,306279,8506209,280,177
3072,7168,t,15864941157,503318637,240013,9662914,115073,114801
3072,7168,n,16073636037,503309019,1631641,9997278,319,201
3072,8192,t,15861834764,503315691,270223,11079230,131486,131252
3072,8192,n,15874185986,503316123,316652,11412078,354,213
3072,12288,t,15864148600,503316640,266526,16549751,197164,196773
3072,12288,n,15864937375,503303625,250721,17003545,486,202
3072,16384,t,15863862546,503321927,260444,21993423,262863,262379
3072,16384,n,15880034750,503318558,411953,22693363,611,86
3072,32768,t,19706790178,503314979,329292,44008912,525545,524755
3072,32768,n,15843861012,503310857,214888,44614460,1131,171
3072,65536,t,15870153320,503320385,331042,87139530,1051018,1049581
3072,65536,n,15868324049,503309128,340009,89097793,2190,418
3072,131072,t,15861696885,503315638,349603,172516996,2101920,2100946
3072,131072,n,15865266064,503319565,252371,195040751,4249,759
3072,262144,t,15878648142,503312436,385372,343343976,4203862,4202827
3072,262144,n,15861137895,503330320,288652,351544364,8381,1711
3072,524288,t,15866488026,503325075,290050,683831400,8407285,8406266
3072,524288,n,19693284318,503345097,273237,702009548,16590,6233
3072,1048576,t,15898636320,503322782,656946,1368669991,16814321,16812494
3072,1048576,n,15849439824,503321502,261200,1402733825,33006,20307
3072,1572864,t,15912234065,503282415,804537,2051424790,25221375,25219526
3072,1572864,n,15846140048,503322641,58933,2102919462,49430,13862
4096,16,t,16300277117,503508753,3596389,24615,322,292
4096,16,n,15914211616,503499100,512208,25158,60,33
4096,128,t,15874321207,503530585,352896,180391,2128,2086
4096,128,n,15870446652,503523490,162363,183875,69,43
4096,512,t,15952194465,503523810,588904,689461,8304,8227
4096,512,n,16593186910,503516795,6353611,696924,81,35
4096,1024,t,16181939726,503495313,2378802,1388695,16513,16438
4096,1024,n,15873423718,503524679,397002,1412182,98,49
4096,2048,t,16379058613,503516474,9523670,2785412,32940,32827
4096,2048,n,15893257918,503527067,423320,2836040,131,46
4096,3072,t,15903778847,503529505,452196,4151168,49341,49195
4096,3072,n,15898114071,503517839,462824,4254655,159,65
4096,4096,t,15871939290,503519783,305430,5549191,65818,65586
4096,4096,n,15903903758,503518991,568654,5681602,207,102
4096,5120,t,16023283238,503505341,1050368,6942800,82203,81967
4096,5120,n,15871715624,503525074,294803,7130124,250,116
4096,6144,t,16324302893,503520354,8780860,8320944,98624,98367
4096,6144,n,15861082204,503525529,90489,8320110,295,40
4096,7168,t,15889900288,503521659,451922,9641847,115068,114769
4096,7168,n,15852310192,503534342,81526,9714572,322,168
4096,8192,t,15876898653,503537874,350088,11087024,131511,131229
4096,8192,n,16109995278,503524549,1750283,11405401,342,168
4096,12288,t,15870234499,503521185,317231,16618538,197196,196846
4096,12288,n,16411971275,503527162,4738443,17042302,487,158
4096,16384,t,15886900501,503517806,469187,22116230,262861,262413
4096,16384,n,15872300654,503530292,331256,22686669,610,149
4096,32768,t,19760567983,503550786,9274423,44245119,525560,524886
4096,32768,n,15864302160,503521482,286597,44750253,1138,530
4096,65536,t,15893238588,503535547,501174,87874447,1051063,1050053
4096,65536,n,16732546730,503542754,17035045,89257796,2164,462
4096,131072,t,16330438436,503519786,7592244,173744813,2101983,2101231
4096,131072,n,16763989556,503529344,17520485,176852743,4243,1555
4096,262144,t,15914090470,503535166,688820,343800191,4203758,4202838
4096,262144,n,15892121622,503516359,447622,351518655,8393,2443
4096,524288,t,15870190763,503516964,403518,684268481,8407272,8406497
4096,524288,n,15931943571,503508636,825989,701985190,16624,6781
4096,1048576,t,16046459596,503503796,1320429,1404627728,16817802,16817668
4096,1048576,n,16311475629,503533864,8622929,1404601138,33157,23246
4096,1572864,t,15871630961,503522071,291636,2048992583,25221510,25219216
4096,1572864,n,15872526210,503524614,204308,2102495068,49436,24280
5120,16,t,16665800347,503989974,14740997,23224,317,291
5120,16,n,20445406766,503991446,8621071,24802,68,39
5120,128,t,16503383702,503987490,9730326,171795,2123,2086
5120,128,n,17496582692,503979318,13204773,180590,77,50
5120,512,t,17277394245,503990937,27610270,701009,8306,8241
5120,512,n,16549546074,503986393,12593575,711441,80,46
5120,1024,t,16119216974,503986376,2868838,1374887,16513,16432
5120,1024,n,16848576871,503980751,7551802,1413194,97,38
5120,2048,t,16768592603,503988312,11446700,2821975,32943,32823
5120,2048,n,16642711648,503977621,5849153,2840297,127,81
5120,3072,t,17343686981,503988092,28786137,4188208,49381,49196
5120,3072,n,16422708680,503982124,9492003,4273044,174,88
5120,4096,t,17089965718,503992152,18699047,5576859,65810,65580
5120,4096,n,16299729645,503990518,8233353,5810708,207,103
5120,5120,t,16678580044,503977620,6507883,7098248,82213,81988
5120,5120,n,16569525285,503990855,13718568,7115193,247,159
5120,6144,t,17399813568,503986137,28356304,8302130,98630,98347
5120,6144,n,16500414677,503971538,4805012,8569314,288,147
5120,7168,t,16084762901,503987125,1744477,9673650,115083,114845
5120,7168,n,17275502486,503985348,27468886,9999833,318,176
5120,8192,t,16639443867,503993131,14943014,11116540,131502,131206
5120,8192,n,16291645768,503988011,7716203,11354864,348,203
5120,12288,t,20991329226,503994291,21456226,16604536,197183,196833
5120,12288,n,16711929672,503988636,6289177,17063726,478,199
5120,16384,t,16641090247,503991115,14887050,22303863,262887,262496
5120,16384,n,16461471023,503989847,4577427,22679204,603,120
5120,32768,t,17326603657,503994126,28667236,44160592,525587,524928
5120,32768,n,16615309813,503987436,14656279,44984261,1292,575
5120,65536,t,16946669468,503977189,21041878,87372931,1051056,1050106
5120,65536,n,16778445626,503983123,16132218,89307359,2607,1269
5120,131072,t,17118405952,503978487,10350765,176648426,2101939,2100946
5120,131072,n,16641643418,503982628,14749294,176875359,4305,1621
5120,262144,t,16625157151,503988107,5903445,349619863,4203960,4203194
5120,262144,n,16306546209,503986740,8029444,352392469,8406,3946
5120,524288,t,16619741904,503975466,5857139,692706040,8407641,8406804
5120,524288,n,16547252128,503980593,5620213,704814169,16844,9491
5120,1048576,t,16468487554,503986589,4362032,1374311462,16813983,16812711
5120,1048576,n,16716619983,503976126,15401405,1408186008,33334,26343
5120,1572864,t,16610711536,503969232,5398739,2064510168,25221144,25219233
5120,1572864,n,16450872959,503985560,4750244,2109534681,52655,35369
6144,16,t,21615688914,504325093,16682288,23689,318,296
6144,16,n,18232935455,504312276,19698883,25954,69,35
6144,128,t,18296936023,504312045,19378740,181384,2126,2090
6144,128,n,17931503132,504317682,16904720,174033,72,38
6144,512,t,17377399065,504304082,12191433,703872,8305,8246
6144,512,n,17770311094,504316741,16427828,704792,79,39
6144,1024,t,18015226502,504306572,16798444,1394945,16513,16428
6144,1024,n,21996577132,504321602,18704403,1414937,90,58
6144,2048,t,17333858469,504316263,12072338,2760237,32932,32804
6144,2048,n,18923586884,504329662,18935982,2833031,134,64
6144,3072,t,17902924778,504314874,16276473,4115261,49388,49203
6144,3072,n,18121951645,504308592,18122602,4279631,175,92
6144,4096,t,18233372587,504312295,18432645,5530063,65769,65580
6144,4096,n,17876322411,504314429,16084340,5697448,211,96
6144,5120,t,18025275957,504316489,17447184,6923140,82207,81974
6144,5120,n,17524509446,504313539,14518972,7131036,249,108
6144,6144,t,17668706077,504308609,14520013,8343849,98658,98395
6144,6144,n,17539951721,504315158,14241627,8523869,284,200
6144,7168,t,17894983222,504311759,16584887,9699366,115092,114821
6144,7168,n,18392202286,504308285,19799303,9932389,322,213
6144,8192,t,21494121279,504323145,13972773,11071284,131502,131183
6144,8192,n,18141362898,504313759,19384734,11380780,356,153
6144,12288,t,22189149379,504327383,20125131,16680619,197195,196827
6144,12288,n,17686357205,504319797,14721485,17103124,486,176
6144,16384,t,17614191948,504316664,14059808,22249242,262860,262445
6144,16384,n,17750779544,504315224,15376279,22777600,602,156
6144,32768,t,17679921818,504308720,15235676,44359265,525571,524867
6144,32768,n,18488228609,504304228,20958907,45621126,1169,198
6144,65536,t,18346382441,504318428,19846093,88851595,1051081,1049991
6144,65536,n,18268616121,504317256,18992527,91001529,2194,480
6144,131072,t,20759239745,504307022,95943143,194888919,2102048,2101669
6144,131072,n,18106468361,504297915,17293719,180911991,4345,1568
6144,262144,t,17953545145,504316163,16606295,351350371,4203929,4203168
6144,262144,n,18277989081,504325796,19555806,358854880,8628,5656
6144,524288,t,18456060399,504322183,21195914,697761115,8407613,8406735
6144,524288,n,17882047460,504303984,16301554,711345475,17066,11891
6144,1048576,t,18275449217,504310778,18590930,1388624828,16815496,16814207
6144,1048576,n,18371725919,504313627,20425897,1417758588,34132,27289
6144,1572864,t,18234534001,504306895,19234756,2076685197,25222933,25221255
6144,1572864,n,18377836714,504301374,20547103,2118576967,50756,41493
7168,16,t,21371326089,503331374,44889448,25730,315,292
7168,16,n,21611469355,503339122,48448871,23260,65,37
7168,128,t,20588243944,503337160,40682712,196461,2123,2084
7168,128,n,20549281023,503338044,39803945,182482,73,42
7168,512,t,20455004960,503334898,39563046,702979,8303,8231
7168,512,n,20646458504,503338157,39579589,692298,75,35
7168,1024,t,21257400696,503336124,46185723,2010975,16523,16426
7168,1024,n,21107296872,503331240,44487975,1412423,91,42
7168,2048,t,21076090487,503327075,45715864,2779045,32955,32808
7168,2048,n,21040718722,503347051,45722687,2950156,125,65
7168,3072,t,20803279752,503335138,41977639,4106293,49359,49208
7168,3072,n,20548422852,503331698,39685621,4271818,180,95
7168,4096,t,21262193774,503338899,46629505,5546262,65787,65580
7168,4096,n,20768596302,503340791,41555991,5670462,202,126
7168,5120,t,21179492774,503338749,47268018,6939329,82233,81963
7168,5120,n,20992594261,503334854,42972214,7086846,249,163
7168,6144,t,21088250742,503328787,44570724,8304878,98669,98395
7168,6144,n,21137237108,503343513,46052029,8502347,286,173
7168,7168,t,20872838562,503334085,42576562,9690932,115059,114823
7168,7168,n,20551988914,503334682,39156302,9990815,324,195
7168,8192,t,20388341991,503332103,39135486,11146798,131483,131234
7168,8192,n,21003839784,503333740,41648037,11391427,358,214
7168,12288,t,20604820999,503341685,39230569,16610513,197169,196797
7168,12288,n,20676633450,503330626,42386355,17069363,478,188
7168,16384,t,20987419468,503337452,43691588,22201806,262871,262509
7168,16384,n,21497887998,503334453,47962669,25198489,624,196
7168,32768,t,21041694251,503337150,42954040,64006827,525612,524854
7168,32768,n,20567138945,503340839,41017489,45685312,1148,207
7168,65536,t,20690269629,503338574,41298495,98589938,1051152,1050153
7168,65536,n,20360049673,503341623,36902238,91228718,2220,511
7168,131072,t,20810475064,503340842,42352095,177533482,2102123,2101096
7168,131072,n,20919375343,503338456,42204899,181423522,4273,1696
7168,262144,t,21288643924,503348360,46327031,353065232,4204166,4203474
7168,262144,n,20203850963,503332826,37692322,356800772,8688,5681
7168,524288,t,20849858812,503333997,42231441,701676206,8408194,8407393
7168,524288,n,20884847645,503335416,43856895,711957575,17253,14296
7168,1048576,t,20837907499,503336951,41717755,1398669289,16815835,16814514
7168,1048576,n,20797743778,503338331,42286863,1423304279,34154,29996
7168,1572864,t,20788187597,503342140,41926325,2091144182,25222754,25221030
7168,1572864,n,20228565918,503335733,38275440,2289540546,51654,45588
8192,16,t,24198549675,504332386,71907532,25864,312,288
8192,16,n,24302338655,504333954,72234916,25352,65,36
8192,128,t,24291888612,504337238,74223815,182522,2118,2084
8192,128,n,24006743097,504330564,69722568,178455,70,37
8192,512,t,24182188112,504326334,73178642,764389,8304,8222
8192,512,n,23646323125,504339613,66208693,703765,76,39
8192,1024,t,23421083727,504346978,65300066,1399667,16520,16426
8192,1024,n,23951776287,504327658,70844185,1452912,101,51
8192,2048,t,24191922340,504328632,70487843,2776762,32938,32805
8192,2048,n,23748023798,504334077,68784902,2862045,132,92
8192,3072,t,24232571498,504328982,73089285,4170651,49342,49201
8192,3072,n,23849155376,504342437,69137164,4271226,160,89
8192,4096,t,23882542657,504336114,70654874,5561643,65802,65592
8192,4096,n,23397327297,504355297,65687813,5697906,206,128
8192,5120,t,23546589795,504320010,67059535,6949449,82255,81969
8192,5120,n,23910986291,504328225,70603533,7068189,235,126
8192,6144,t,24265684809,504342781,73807025,8320452,98671,98369
8192,6144,n,23843775645,504323615,68283148,8556778,278,164
8192,7168,t,23521914842,504330633,66971205,10752132,115049,114830
8192,7168,n,23909806200,504322483,69644472,9975100,332,213
8192,8192,t,23980490626,504335381,69581813,11119844,131523,131322
8192,8192,n,23754686356,504329161,68683236,11416863,352,193
8192,12288,t,23959630761,504340980,71122377,16694259,197186,196875
8192,12288,n,23852357231,504328046,69145439,17086257,476,175
8192,16384,t,23784317157,504322130,70376090,22227242,262880,262472
8192,16384,n,23787216281,504333162,69078942,22904131,620,136
8192,32768,t,23730297647,504329183,68562476,44517111,525585,524730
8192,32768,n,23780522247,504335117,68997283,45709549,1135,226
8192,65536,t,24092728735,504334032,72173358,89054370,1051083,1049933
8192,65536,n,27285922274,504341624,68802909,91530684,2218,531
8192,131072,t,23663697997,504328808,68178397,177489385,2101917,2100716
8192,131072,n,23728903773,504346472,68209827,181864662,4324,1808
8192,262144,t,23731773215,504333905,68384401,353787839,4203899,4203087
8192,262144,n,24116830364,504337212,70701092,361444976,8566,5385
8192,524288,t,24082919475,504339410,69993297,704415539,8407721,8406766
8192,524288,n,23480164722,504332109,66616475,718013833,17114,13901
8192,1048576,t,24083463127,504330520,73323646,1405537542,16814520,16813223
8192,1048576,n,24067845096,504330112,71564923,1432642422,34428,31151
8192,1572864,t,23861810848,504328686,70253667,2104949048,25221855,25220231
8192,1572864,n,23546348373,504340589,67977159,2138605954,51679,49532
12288,16,t,34732085652,504370246,200492508,23240,309,290
12288,16,n,34658927154,504381406,200312873,25502,69,34
12288,128,t,34676047393,504372477,199245856,175153,2124,2086
12288,128,n,34587216854,504380550,200790319,181889,70,36
12288,512,t,34758309028,504380128,200296807,699222,8301,8234
12288,512,n,34519236207,504378662,199385083,696648,88,42
12288,1024,t,34744126752,504380010,201091794,1390813,16517,16426
12288,1024,n,34699778999,504364822,199834655,1400048,101,47
12288,2048,t,34611281566,504373606,199374452,2813567,32965,32824
12288,2048,n,34490895450,504363270,198957334,2867016,134,81
12288,3072,t,34676559725,504378341,200216760,4164370,49360,49197
12288,3072,n,34603862904,504367846,200556280,4297034,182,57
12288,4096,t,35157205481,504383407,200567587,5530929,65792,65587
12288,4096,n,34731139045,504371728,200313260,5804263,218,115
12288,5120,t,34610215483,504376500,199922072,6923578,82193,81967
12288,5120,n,34761814156,504378811,200382859,7127578,256,155
12288,6144,t,34708632296,504378480,198916742,8267975,98643,98354
12288,6144,n,34631086439,504373282,200272807,8561206,259,128
12288,7168,t,34553170412,504362225,199347759,9718614,115088,114838
12288,7168,n,34580846005,504376239,199470532,10011577,319,157
12288,8192,t,34697421502,504390565,200217354,11079900,131489,131151
12288,8192,n,38604913390,504381301,200003758,11439609,362,211
12288,12288,t,34684913322,504386595,199873037,16636014,197186,196725
12288,12288,n,34495856833,504381642,200484025,17141981,484,199
12288,16384,t,34536666545,504381720,199439854,22241549,262855,262359
12288,16384,n,34697100231,504381669,200803718,22883353,620,193
12288,32768,t,34632777164,504375051,200048451,44539505,525603,524678
12288,32768,n,34633184062,504387871,199608323,45749088,1177,257
12288,65536,t,34690854422,504384597,199330789,89222926,1051162,1050054
12288,65536,n,34711242045,504376626,200211733,91539546,2226,863
12288,131072,t,34761810942,504386938,199864872,177873723,2102149,2101296
12288,131072,n,34518095493,504376909,200497614,182384506,4397,2127
12288,262144,t,44060008263,504403345,200539744,354059058,4204197,4203251
12288,262144,n,34615075537,504375563,199982465,399776177,8747,6773
12288,524288,t,34713790740,504393536,201195458,708454039,8408158,8407280
12288,524288,n,34634571544,504390172,199883776,725315495,17291,15441
12288,1048576,t,34754455693,504399235,201267876,1415527475,16817864,16817626
12288,1048576,n,34596052137,504389624,199463118,1448470341,35191,33869
12288,1572864,t,34846639748,504381186,201956530,2122061980,25224582,25223121
12288,1572864,n,34498357717,504390280,199445325,2169459815,55542,57245
16384,16,t,38193428997,504395576,281845630,26874,314,291
16384,16,n,38156027886,504405465,281762209,29147,58,30
16384,128,t,38172506533,504394117,281896603,176543,2130,2087
16384,128,n,38203715065,504382532,282927954,202349,61,37
16384,512,t,38196944928,504399374,281923409,705145,8296,8230
16384,512,n,38169238904,504392856,281738331,709171,83,39
16384,1024,t,38182318188,504393648,282180948,1396383,16517,16428
16384,1024,n,38189722257,504396114,282084822,1416747,102,42
16384,2048,t,38173415755,504397434,281892111,2784739,32937,32815
16384,2048,n,38197389288,504387118,282576009,2866235,133,40
16384,3072,t,38188400406,504398645,282202008,4205206,49390,49190
16384,3072,n,38187477157,504396708,281896662,4283345,157,52
16384,4096,t,38144135754,504394005,281417740,5587845,65793,65571
16384,4096,n,38190187585,504397229,281755272,5703981,211,93
16384,5120,t,38203678940,504405846,282642885,6962484,82218,81975
16384,5120,n,38183602138,504395636,281813712,7913968,241,149
16384,6144,t,38201541652,504400927,281807816,8351815,98637,98370
16384,6144,n,38188361591,504397016,281682792,8586226,299,140
16384,7168,t,38177718088,504403453,281583966,9736375,115080,114819
16384,7168,n,38178538369,504400300,281963590,9957050,311,138
16384,8192,t,38208928749,504401297,281532129,11143763,131482,131151
16384,8192,n,38182924968,504400009,281481157,11452439,350,182
16384,12288,t,38157274687,504393605,281481723,16624699,197187,196825
16384,12288,n,38188387391,504401031,281586043,17143291,493,103
16384,16384,t,38192022184,504399390,282018524,22202486,262828,262351
16384,16384,n,38171144030,504397495,282221703,22789997,621,125
16384,32768,t,38198300488,504405000,281481375,44611739,525587,524702
16384,32768,n,38793412406,504386980,281541254,45853927,1150,227
16384,65536,t,38205126599,504398571,281705472,89200737,1051031,1049922
16384,65536,n,38221985230,504411011,281683379,91701334,2244,449
16384,131072,t,38231636476,504397917,281913536,178121189,2102220,2101470
16384,131072,n,38212899352,504403251,281748080,182584575,4405,2409
16384,262144,t,38213237430,504403174,281810765,394461375,4204344,4203397
16384,262144,n,38186858043,504402698,281914608,543260804,9001,7641
16384,524288,t,38271957616,504396468,283202944,709454277,8408953,8408114
16384,524288,n,38854578529,504392775,282654666,726872683,17705,15851
16384,1048576,t,38257438494,504409423,282906084,1418009350,16815993,16814582
16384,1048576,n,38188232195,504405512,281713885,1450371760,35517,34382
16384,1572864,t,38268377067,504404535,283839520,2126352426,25226904,25224620
16384,1572864,n,38149036322,504389931,281641159,2172676696,52899,52919
32768,16,t,40495077321,504417301,407302489,22817,319,288
32768,16,n,40501071804,504414530,407456922,26837,63,29
32768,128,t,40463564594,504421030,407231799,181734,2129,2084
32768,128,n,40473344396,504412430,407494760,183966,62,31
32768,512,t,40473127118,504410507,407540740,701747,8306,8230
32768,512,n,40479313829,504414933,407269671,708326,78,32
32768,1024,t,40474339527,504414677,407590214,2012137,16510,16413
32768,1024,n,45419459791,504411650,407521866,1420955,91,66
32768,2048,t,40470328690,504416558,407347387,2775799,32931,32803
32768,2048,n,41323352243,504403368,407420160,2867547,152,97
32768,3072,t,40468260704,504422071,407515502,4227703,49367,49185
32768,3072,n,40490158312,504403974,407378417,4299591,175,81
32768,4096,t,40464789268,504420847,407207779,5578572,65801,65588
32768,4096,n,45069641932,504418102,407574719,5705132,202,69
32768,5120,t,40479672671,504416181,407834887,6961087,82240,81975
32768,5120,n,40469097177,504419974,407275220,7255989,253,165
32768,6144,t,40480260458,504413383,407326683,8365408,98629,98374
32768,6144,n,40450342463,504409641,407180148,8579719,296,157
32768,7168,t,40478288973,504412564,407489941,9714902,115044,114792
32768,7168,n,40469718931,504423919,407200005,9963910,321,149
32768,8192,t,40468923490,504412192,407213731,12407134,131513,131231
32768,8192,n,40469070171,504411263,407081010,11401647,361,233
32768,12288,t,40472363459,504420254,407254759,16671658,197169,196778
32768,12288,n,40468326908,504424621,407320224,17146244,497,145
32768,16384,t,40480860623,504417922,407696376,22280596,262869,262339
32768,16384,n,40467380497,504425330,407209084,22922260,621,79
32768,32768,t,40481874536,504416069,407181373,44684787,525573,524729
32768,32768,n,40477573922,504417444,407098276,45710940,1152,128
32768,65536,t,40490477198,504422826,407361299,89304665,1051107,1049917
32768,65536,n,45057612806,504420760,407303173,91537111,2197,507
32768,131072,t,40679918938,504428669,407314136,177974208,2102087,2101170
32768,131072,n,40462042207,504409874,407215790,274779083,4637,3372
32768,262144,t,40502674680,504409234,407584974,355469535,4204480,4203565
32768,262144,n,40475797884,504421975,407627263,364192925,8770,6611
32768,524288,t,40502464003,504415008,408296471,709550295,8409063,8408202
32768,524288,n,40492588633,504413408,407515598,727111101,17752,16067
32768,1048576,t,40521830212,504425174,408378446,1418417158,16816739,16815300
32768,1048576,n,40514846096,504410477,407437290,1452703571,35439,34159
32768,1572864,t,40534632348,504422443,408960684,2127512003,25224813,25222833
32768,1572864,n,45441615941,504419455,407296704,2186118017,53071,52685
65536,16,t,40744358084,504425139,471162702,23040,315,287
65536,16,n,40732426392,504415736,471324961,25307,61,30
65536,128,t,40737400429,504417043,471055710,177490,2120,2080
65536,128,n,40735491293,504421901,471010695,183252,61,28
65536,512,t,40725480475,504419727,471282472,720371,8306,8237
65536,512,n,40726919406,504419355,471154018,717210,78,36
65536,1024,t,40731846605,504430627,471277331,1386767,16516,16425
65536,1024,n,40742630505,504396229,471067992,1425124,97,60
65536,2048,t,40730542068,504409986,471219030,2789065,32965,32809
65536,2048,n,40738733416,504420892,471044294,2849513,132,44
65536,3072,t,40736524359,504417905,471058003,4172776,49351,49197
65536,3072,n,40738500936,504415498,471301085,4601653,178,67
65536,4096,t,40743337275,504418911,471164745,5603669,65782,65583
65536,4096,n,40730953177,504421124,471021089,5722925,225,104
65536,5120,t,40716669925,504424146,471207483,6981851,82206,81990
65536,5120,n,40729730799,504420032,471058132,7164971,239,146
65536,6144,t,40739207569,504425047,471123801,8418729,98660,98359
65536,6144,n,40733402378,504418131,470997324,8564128,284,177
65536,7168,t,40746020572,504427424,470950116,9804740,115092,114779
65536,7168,n,40735726668,504413705,471025279,14970576,314,234
65536,8192,t,40741576732,504421393,471011044,11185679,131471,131204
65536,8192,n,40738967444,504423160,471430380,11406655,359,216
65536,12288,t,40741955913,504401840,471261692,16819423,197156,196778
65536,12288,n,40738088864,504415831,471045195,17174022,490,56
65536,16384,t,40726805193,504423339,471010279,22404197,262852,262408
65536,16384,n,40738812957,504419733,470907056,22822573,620,178
65536,32768,t,40736809631,504417635,471327434,44797280,525546,524537
65536,32768,n,40755295028,504418973,470954845,45809477,1162,328
65536,65536,t,40743719585,504410412,471080481,89522109,1051158,1050080
65536,65536,n,41731853384,504411506,470947405,91653463,2208,491
65536,131072,t,40742626965,504396500,471222410,177918208,2102311,2101328
65536,131072,n,40744077566,504420289,471270505,183445966,4372,2347
65536,262144,t,40760718907,504423008,471273949,355384603,4204524,4203747
65536,262144,n,40748108139,504415874,470947018,364118767,8859,6762
65536,524288,t,40775958206,504423440,471473247,708447115,8408742,8407673
65536,524288,n,40769633873,504428825,471022272,725244613,17670,15797
65536,1048576,t,40792136440,504434322,472016202,1416051458,16817026,16815482
65536,1048576,n,40773075757,504425604,471093099,1450035143,35548,34175
65536,1572864,t,40799789363,504429367,472328748,2122708925,25225025,25222927
65536,1572864,n,40805654752,504420941,471276831,2174128590,53421,52379
131072,16,t,40651276470,504425233,500250246,24475,311,289
131072,16,n,40665000199,504425130,500222541,23689,51,32
131072,128,t,40661211101,504430482,500322423,179004,2126,2084
131072,128,n,40665331250,504419975,500260368,181420,71,40
131072,512,t,40656944383,504419250,500274447,725862,8294,8229
131072,512,n,40669190744,504420273,500245176,708828,80,33
131072,1024,t,40665184933,504418099,500318137,1425293,16509,16417
131072,1024,n,40662370696,504390835,500181526,1412976,104,57
131072,2048,t,40661380187,504419744,500198111,2822926,32964,32834
131072,2048,n,40668743507,504423699,500365120,2862135,144,39
131072,3072,t,40655470951,504420766,500224822,4246765,49361,49208
131072,3072,n,40664924948,504414968,500278535,4287132,179,77
131072,4096,t,40652156167,504413941,500227635,5630064,65800,65596
131072,4096,n,40656661945,504427521,500195840,5712352,197,121
131072,5120,t,40659085618,504424985,500292672,7020473,82227,81982
131072,5120,n,41736655313,504409209,500210927,7138324,244,153
131072,6144,t,40653971333,504423291,500215927,8449609,98661,98387
131072,6144,n,41729605781,504427965,500219846,8571969,279,182
131072,7168,t,40665519562,504432437,500238992,9808562,115072,114835
131072,7168,n,40653587971,504426697,500269639,10042380,327,241
131072,8192,t,40671402009,504426191,500236140,12481984,131473,131213
131072,8192,n,40671274399,504420491,500203291,11479955,345,257
131072,12288,t,40667834631,504393912,500190991,16779241,197167,196826
131072,12288,n,40671428301,504413098,500181512,17254606,498,259
131072,16384,t,41728743962,504424323,500212069,22407146,262848,262429
131072,16384,n,40671244641,504419475,500231115,22888170,614,186
131072,32768,t,40668740480,504424405,500174726,44537635,525609,524978
131072,32768,n,40661322314,504422217,500313089,45744457,1154,150
131072,65536,t,40672082279,504427252,500203086,89328958,1051089,1050132
131072,65536,n,40659740119,504423072,500287595,91478841,2190,493
131072,131072,t,40677442739,504421192,500234625,177571970,2102184,2101223
131072,131072,n,40662849427,504416668,500159054,182612033,4381,2253
131072,262144,t,40669315833,504430673,500236376,353938038,4204425,4203376
131072,262144,n,40681902743,504423958,500259286,363187665,8808,6073
131072,524288,t,40675954959,504422434,500315858,707374350,8408193,8407044
131072,524288,n,45544406194,504423427,500293434,726941205,17567,15549
131072,1048576,t,40720606775,504424419,500417857,1573686011,16816925,16815237
131072,1048576,n,40710249855,504422417,500330914,1447667695,35496,34330
131072,1572864,t,40729835673,504435325,500461370,2118991469,25225267,25224041
131072,1572864,n,40745306876,504427202,500319997,2170797478,53113,52555
262144,16,t,40639497687,504415214,504371962,25547,315,286
262144,16,n,40638085391,504417440,504377029,23722,49,32
262144,128,t,40636443985,504422212,504379226,173600,2125,2090
262144,128,n,40641768576,504420433,504374266,176794,66,37
262144,512,t,45472888454,504426245,504374895,718959,8308,8236
262144,512,n,40637442071,504416942,504371933,720791,91,53
262144,1024,t,40638640467,504417976,504369952,1414803,16512,16419
262144,1024,n,40630244008,504430792,504388218,1446808,111,42
262144,2048,t,40638454572,504418852,504374382,2836827,32934,32814
262144,2048,n,40640785476,504426940,504385560,2852625,125,62
262144,3072,t,40635322194,504419895,504376586,4245904,49360,49215
262144,3072,n,40637520861,504425608,504380042,4320437,167,64
262144,4096,t,40635317763,504421733,504375404,5672662,65775,65629
262144,4096,n,40639882038,504425149,504381607,5728276,203,112
262144,5120,t,40629461201,504417531,504371929,7108040,82252,82030
262144,5120,n,40637892497,504422846,504379565,7151767,254,188
262144,6144,t,40640879058,504420094,504377862,8422247,98667,98444
262144,6144,n,40633306958,504429463,504384126,8650378,294,199
262144,7168,t,40633210045,504430958,504386984,9830551,115057,114857
262144,7168,n,40632306180,504422559,504379421,9996717,327,214
262144,8192,t,40645710941,504425977,504384064,11216936,131514,131335
262144,8192,n,40630117853,504424718,504380658,11491326,354,274
262144,12288,t,40641045747,504423391,504379809,16867538,197204,196909
262144,12288,n,40643939165,504416923,504372249,17490393,488,275
262144,16384,t,40645588818,504429960,504387814,22519290,262892,262574
262144,16384,n,40628136164,504412665,504367306,23016246,610,153
262144,32768,t,41727420887,504426634,504376218,44707029,525608,525128
262144,32768,n,40629715783,504419124,504374198,45932864,1143,254
262144,65536,t,40642140958,504416040,504374401,89387821,1051178,1050543
262144,65536,n,40626759079,504418871,504373261,91583812,2213,598
262144,131072,t,40646452860,504430699,504388783,177270947,2102133,2101550
262144,131072,n,40639880639,504417259,504370989,182305391,4364,1954
262144,262144,t,40650575040,504420856,504378975,353273979,4204294,4203681
262144,262144,n,40647385982,504422551,504377907,363216660,8762,6042
262144,524288,t,40665695092,504418596,504373751,705642143,8409229,8408455
262144,524288,n,40668691517,504422449,504377219,723901707,17762,16209
262144,1048576,t,40695551274,504427137,504385762,1410131129,16816802,16815089
262144,1048576,n,40691195902,504421716,504375987,1446498773,35434,34223
262144,1572864,t,40717051233,504427849,504383000,2118623781,25225537,25223262
262144,1572864,n,40716232542,504409315,504364398,2153778401,53322,53324
524288,16,t,40635069925,504424039,504385446,24594,318,288
524288,16,n,40777372731,504420007,504379329,22929,59,34
524288,128,t,40632297742,504421863,504380851,184229,2127,2088
524288,128,n,40631207270,504422472,504379595,178849,61,34
524288,512,t,40646278065,504422824,504379473,715993,8308,8244
524288,512,n,40633235545,504426449,504383840,715028,85,48
524288,1024,t,40631326835,504420038,504377459,1431750,16528,16436
524288,1024,n,40633675563,504427951,504388093,1413268,103,67
524288,2048,t,40635040875,504418965,504375753,2833809,32932,32815
524288,2048,n,59973096943,504451636,504381661,2837800,133,53
524288,3072,t,45484898971,504426741,504376542,4227410,49383,49213
524288,3072,n,40622827833,504426451,504385115,4285460,163,134
524288,4096,t,40634867736,504422591,504381043,5666244,65788,65651
524288,4096,n,40635466394,504424934,504383238,5744640,219,123
524288,5120,t,40647933027,504419602,504377124,7046906,82244,82097
524288,5120,n,40630693364,504428362,504386813,7166497,251,134
524288,6144,t,40639544022,504420803,504379261,8472852,98668,98481
524288,6144,n,40642374753,504425232,504385319,8626259,305,212
524288,7168,t,40635351943,504425484,504386109,9910279,115084,114895
524288,7168,n,40634756471,504424171,504384942,11124264,319,218
524288,8192,t,40635840831,504425103,504383933,11261455,131536,131332
524288,8192,n,40637959566,504427940,504387822,11489192,362,230
524288,12288,t,40640242808,504385831,504346583,16824133,197193,196934
524288,12288,n,45495404384,504419679,504370641,17206204,498,257
524288,16384,t,40633581819,504428620,504388312,22565852,262855,262560
524288,16384,n,40636557878,504427168,504383079,22998675,621,160
524288,32768,t,40636784976,504384013,504346130,44773968,525632,525170
524288,32768,n,40628378755,504420897,504380559,45806036,1150,308
524288,65536,t,40641052190,504433302,504394802,89313015,1051183,1050545
524288,65536,n,40626317388,504423374,504380139,91538367,2194,457
524288,131072,t,40640737602,504417346,504377983,177491533,2102236,2101659
524288,131072,n,40647649094,504417360,504374893,196621451,4394,2217
524288,262144,t,40653021429,504420195,504381207,353118422,4204293,4203770
524288,262144,n,40653011495,504416474,504376291,363333360,8927,7752
524288,524288,t,40661774978,504432812,504392608,707178726,8409002,8408202
524288,524288,n,40664105339,504424250,504379964,722898687,17729,16472
524288,1048576,t,40680716090,504429091,504390449,1408216653,16816611,16815888
524288,1048576,n,40692970002,504418078,504375610,1443334096,35363,34404
524288,1572864,t,40714127649,504422297,504383701,2116543000,25224763,25222421
524288,1572864,n,40718577427,504421852,504381802,2165903206,53189,52111
1048576,16,t,27087702955,336285268,336258652,24928,303,283
1048576,16,n,27096627448,336280463,336250699,26608,66,34
1048576,128,t,27093209970,336281206,336252508,187331,2127,2087
1048576,128,n,27092608043,336271060,336242731,180648,61,40
1048576,512,t,27088975993,336281904,336253019,725516,8310,8250
1048576,512,n,27095319781,336284030,336254215,705810,80,52
1048576,1024,t,27086828210,336282146,336252411,1403233,16506,16454
1048576,1024,n,27093654178,336261291,336232935,1416088,98,55
1048576,2048,t,27092114990,336284964,336255993,2829318,32937,32865
1048576,2048,n,27088164868,336283955,336257651,2830341,145,103
1048576,3072,t,27087835777,336282079,336255362,4263740,49409,49267
1048576,3072,n,27087581573,336279677,336252369,4262021,190,92
1048576,4096,t,27090180783,336279878,336251252,5625780,65834,65657
1048576,4096,n,27094613344,336285437,336257594,5730040,225,129
1048576,5120,t,27091705016,336270391,336242416,6982220,82225,82082
1048576,5120,n,27093809662,336265763,336239477,7143604,266,138
1048576,6144,t,27091424401,336281391,336253187,8458570,98662,98470
1048576,6144,n,27096189126,336286330,336260168,8642403,272,157
1048576,7168,t,27090151592,336283249,336256568,9837817,115094,114897
1048576,7168,n,27088209211,336280625,336253792,10101632,343,274
1048576,8192,t,27092427212,336267161,336240748,11270922,131502,131308
1048576,8192,n,27084294367,336286319,336260105,11544628,369,267
1048576,12288,t,27096803272,336285696,336259004,16916735,197182,196935
1048576,12288,n,27094060101,336276419,336250120,17206779,491,286
1048576,16384,t,27088982450,336283385,336257129,22644155,262881,262575
1048576,16384,n,27084004340,336276877,336250799,22930789,617,241
1048576,32768,t,27084489343,336284127,336257588,44964394,525658,525164
1048576,32768,n,30319586898,336283394,336253064,45942714,1134,77
1048576,65536,t,27095716525,336278666,336252834,91216740,1051130,1050375
1048576,65536,n,27094999156,336280399,336253557,92049703,2185,401
1048576,131072,t,27094313819,336286894,336260470,177353345,2102111,2101338
1048576,131072,n,27087660382,336281813,336253783,183180786,4372,2548
1048576,262144,t,27100666804,336281792,336258742,353842899,4204028,4202393
1048576,262144,n,27099866713,336278701,336249237,363272994,8874,7423
1048576,524288,t,27112708138,336285736,336259540,705730851,8408421,8406497
1048576,524288,n,27111995560,336281329,336253555,723014667,18253,17815
1048576,1048576,t,27126866554,336287427,336260709,1395369047,16822177,16819977
1048576,1048576,n,27134997577,336281227,336252876,1445325860,35415,34712
1048576,1572864,t,27199164619,336290865,336262932,2142103332,25224670,25222201
1048576,1572864,n,27164457136,336283136,336254666,2164950529,53121,52281
1572864,16,t,40623293197,504427754,504387482,24671,314,293
1572864,16,n,40639974592,504423050,504384144,26898,62,34
1572864,128,t,40636726262,504422819,504383473,192665,2116,2080
1572864,128,n,40631451029,504422941,504380285,186630,64,37
1572864,512,t,40641213599,504425873,504385105,726379,8304,8227
1572864,512,n,40643063010,504426210,504384632,735627,82,53
1572864,1024,t,40630395917,504429310,504391240,1433448,16520,16419
1572864,1024,n,40630674983,504425726,504385163,1445970,98,51
1572864,2048,t,40632691168,504427156,504385574,2845281,32932,32804
1572864,2048,n,40634859160,504421952,504383288,2892924,132,99
1572864,3072,t,40630196873,504425112,504384889,4310965,49361,49192
1572864,3072,n,40633957670,504417260,504379060,4303341,174,117
1572864,4096,t,40630721994,504426465,504384612,6240965,65786,65575
1572864,4096,n,40640397527,504427757,504387367,5754462,201,139
1572864,5120,t,40628761814,504427227,504385027,7078557,82226,82067
1572864,5120,n,40634432779,504428634,504389876,7168677,242,164
1572864,6144,t,40620631065,504423857,504383980,8422939,98629,98351
1572864,6144,n,40628149606,504429592,504388813,8646017,287,205
1572864,7168,t,40633936364,504418330,504380686,10135447,115039,114730
1572864,7168,n,40636124040,504401627,504362009,10076028,307,239
1572864,8192,t,40630784885,504425038,504387485,11362677,131464,131119
1572864,8192,n,40636655883,504408120,504370206,11555408,349,252
1572864,12288,t,40638342451,504398919,504359465,17070525,197173,196667
1572864,12288,n,40636327772,504428628,504386948,17329589,476,308
1572864,16384,t,40636157372,504425423,504385347,22583785,262817,262182
1572864,16384,n,40635875355,504428627,504390549,23078874,605,193
1572864,32768,t,40637879609,504395287,504355228,45111653,525527,524351
1572864,32768,n,40634466184,504421427,504382566,45939684,1151,74
1572864,65536,t,40638561779,504398605,504363102,89674878,1051034,1048989
1572864,65536,n,40639523128,504420401,504379563,91992413,2190,397
1572864,131072,t,40635883351,504425895,504387040,177817129,2101913,2099338
1572864,131072,n,40641201418,504422628,504380758,182642760,4296,605
1572864,262144,t,40650518759,504427187,504389227,353669914,4204512,4202572
1572864,262144,n,40642386376,504408947,504374621,363205335,8688,4520
1572864,524288,t,40657143522,504426873,504387929,704141501,8407939,8405930
1572864,524288,n,59863193908,504444155,504374475,728194181,17283,12306
1572864,1048576,t,40690438044,504425736,504391051,1423331573,16816773,16813988
1572864,1048576,n,40681754814,504418652,504378721,1443502932,35347,32633
1572864,1572864,t,40752055565,504431261,504388904,2149215464,25224526,25221404
1572864,1572864,n,40710894902,504420774,504381760,2166177148,53181,53302
