16,16,t,15234016573,599,434,22866,313,287
16,16,n,15252694572,1133,973,22554,55,27
16,128,t,15252496478,1170,531,172028,2126,2080
16,128,n,15253844491,1131,870,171646,59,24
16,512,t,15243822118,1153,821,694129,8333,8254
16,512,n,15241534315,603,437,679458,71,31
16,1024,t,15247553201,1103,767,1375183,16514,16425
16,1024,n,15234850582,857,607,1387595,90,52
16,2048,t,15254178842,1697,1368,2828270,32955,32837
16,2048,n,15263900753,904,632,2751359,132,49
16,3072,t,15253030771,1723,1565,4065181,49385,49189
16,3072,n,15238780592,775,437,4119582,173,61
16,4096,t,15443681470,1492,1163,5414047,65794,65570
16,4096,n,15239321580,902,680,5486125,199,120
16,5120,t,15260296770,1482,1078,6730301,82197,81957
16,5120,n,15234824386,746,560,6854036,239,112
16,6144,t,15266451202,1359,1034,8128180,98655,98350
16,6144,n,15255961586,665,476,8245491,283,128
16,7168,t,15246997959,1554,1235,9428506,115079,114782
16,7168,n,15259248906,828,458,9620652,290,118
16,8192,t,15341140891,1395,1108,10801043,131482,131231
16,8192,n,15253368372,1538,1277,10942024,342,173
16,12288,t,15242370198,1995,1684,16148811,197161,196842
16,12288,n,15244715006,1641,1359,16471555,515,262
16,16384,t,15237154502,2118,1930,21478199,262838,262429
16,16384,n,15240150168,803,421,21906603,596,130
16,32768,t,15390255772,2967,2783,42867429,525545,524779
16,32768,n,15265501164,1049,654,43893755,1158,86
16,65536,t,15244059992,3942,3769,85831714,1050931,1049660
16,65536,n,15343074561,672,392,87545819,2171,202
16,131072,t,15232880326,5661,5253,171658020,2101694,2099919
16,131072,n,15243714803,677,457,175174988,4257,125
16,262144,t,15233257818,8946,8669,342672752,4203652,4202069
16,262144,n,15309244355,1098,733,350393286,8514,3252
16,524288,t,15218543894,16905,16676,683755550,8407173,8405901
16,524288,n,15233272919,1104,895,700736807,16712,6722
16,1048576,t,15247530112,29705,29563,1366501870,16813502,16811631
16,1048576,n,15251573988,1280,1012,1401746840,33561,20885
16,1572864,t,15221919292,45870,45632,2048992780,25220041,25217119
16,1572864,n,15274131435,542,266,2103084450,49432,384
128,16,t,15418323296,43501,2054,23640,319,287
128,16,n,15415295722,223404,4439,25264,50,28
128,128,t,15295538848,48394,2866,172550,2120,2073
128,128,n,15420450239,231973,3589,170201,66,26
128,512,t,15421381898,13691,2569,696115,8301,8223
128,512,n,15419733896,28940,2151,688293,85,33
128,1024,t,15413555579,138322770,2706,1362610,16522,16422
128,1024,n,15423084023,32778,3160,1511481,85,28
128,2048,t,15417833736,157763,2354,2719689,32923,32816
128,2048,n,15392619566,140737251,3461,2751596,125,65
128,3072,t,15420671287,11768,2111,4074589,49396,49183
128,3072,n,15417571119,10629,2971,4121203,160,79
128,4096,t,15417872465,56581,2414,5401956,65786,65570
128,4096,n,15419799995,59134,3314,5469899,210,105
128,5120,t,15417384676,221581,2093,6746747,82202,81969
128,5120,n,15423623090,6889,2256,6865206,253,158
128,6144,t,15417677106,64236,2053,8086561,98659,98381
128,6144,n,15420476192,63568,3684,8223327,268,134
128,7168,t,15416339394,216311,2109,9421740,115078,114817
128,7168,n,15419472955,20987,3022,9602361,299,200
128,8192,t,15418202720,10103,2130,10776250,131478,131171
128,8192,n,15421664234,17155,5999,10965431,348,177
128,12288,t,15398313530,141055573,2057,16179663,197170,196789
128,12288,n,15420136284,27575,2462,16474548,471,231
128,16384,t,15400161946,40652,2056,21486736,262831,262429
128,16384,n,15424077202,8865,3821,21893009,604,124
128,32768,t,15421975612,41117,2052,42905621,525525,524678
128,32768,n,15415811573,70362,2960,44042050,1123,159
128,65536,t,15418743137,53550,2131,85814402,1050910,1049088
128,65536,n,15419673973,47453,2578,87548942,2172,264
128,131072,t,15421522024,11620,2746,171573311,2101847,2100143
128,131072,n,15416633872,80813,5597,175160055,4237,282
128,262144,t,15419067892,262110,5675,342444011,4203625,4202196
128,262144,n,15419954092,35173,3909,350351984,8366,2568
128,524288,t,15418661197,157107932,4332,683728937,8407248,8406031
128,524288,n,16535458324,21556,6910,700781702,16574,6776
128,1048576,t,15293263589,46468,7777,1366343121,16814305,16812174
128,1048576,n,15419413692,21932,5845,1401858298,33030,18453
128,1572864,t,15418008391,80438,6228,2048468469,25221118,25218845
128,1572864,n,15421285443,25046,2184,2103104248,49424,341
512,16,t,15829537933,503313903,8198,33053,319,285
512,16,n,15829652237,503286229,22393,24427,59,31
512,128,t,15830669364,503307320,24235,178400,2122,2073
512,128,n,15799196754,479614590,26876,171639,68,33
512,512,t,15829912917,503300409,20615,697136,8301,8222
512,512,n,15793790877,475771635,25316,699291,88,42
512,1024,t,15829140014,503287035,15608,1377537,16508,16432
512,1024,n,15807776035,479713165,22671,1380317,92,30
512,2048,t,15832607745,503278417,16398,2734206,32961,32797
512,2048,n,15829329858,503239986,29738,2765086,132,77
512,3072,t,15828632936,503225696,10605,4061623,49353,49187
512,3072,n,15830444245,503248368,25935,4142584,164,105
512,4096,t,15828749381,503141252,9828,5413869,65802,65592
512,4096,n,15831330885,503264998,29358,5502907,220,118
512,5120,t,15828234035,503282453,10417,6761883,82208,81958
512,5120,n,15830643492,503173739,24111,6869180,240,98
512,6144,t,15828381492,503293339,9842,8100245,98653,98413
512,6144,n,15830198221,503256257,22286,8237413,277,155
512,7168,t,15834545141,503284353,11649,9446748,115059,114721
512,7168,n,15833443594,503302608,19354,9621118,295,154
512,8192,t,15833722558,503246712,9287,10757006,131493,131270
512,8192,n,15831050772,503286743,27891,10991324,341,213
512,12288,t,15828261285,503176184,10531,16133422,197174,196833
512,12288,n,16573140413,503351241,23487,16488339,480,215
512,16384,t,15812669215,483629083,10195,21518346,262822,262392
512,16384,n,15829584841,503144143,25328,21953018,611,139
512,32768,t,16502246879,475827347,17312,42858069,525540,524850
512,32768,n,15826851450,483464053,29009,43811609,1130,224
512,65536,t,15839501547,503309920,16738,85857213,1050926,1049557
512,65536,n,15830936352,503280520,28445,87596158,2199,422
512,131072,t,15829776931,503280240,29758,171521165,2101850,2100373
512,131072,n,15831581701,503299831,35180,175165772,4230,188
512,262144,t,15836292041,503198247,39253,342443055,4203658,4202538
512,262144,n,15832681301,503309796,38016,350350960,8371,495
512,524288,t,15839502267,503152368,50494,683739234,8407223,8406197
512,524288,n,15847305193,503254503,44447,700747968,16557,5592
512,1048576,t,15817478267,491434462,58652,1368594909,16814504,16812794
512,1048576,n,15832387940,503265858,49459,1401605263,33001,19259
512,1572864,t,15835494986,503227758,55204,2048992306,25221312,25218669
512,1572864,n,15844838486,503280740,8210,2102429364,49441,727
1024,16,t,15831243944,503278789,54997,25360,318,292
1024,16,n,15834291032,503296573,69015,25033,53,24
1024,128,t,15833599485,503306873,60823,181324,2130,2063
1024,128,n,15844238634,503311458,67773,176716,62,32
1024,512,t,15831784317,503292710,53947,707804,8298,8213
1024,512,n,15836258862,503291278,74583,707485,72,41
1024,1024,t,15831098853,503282516,36046,1370488,16518,16417
1024,1024,n,15835319683,503303411,78045,1399427,96,53
1024,2048,t,15845651905,503292269,34653,2759022,32964,32793
1024,2048,n,15896490082,503309779,72706,2808562,134,20
1024,3072,t,15844234110,503280113,26265,4096449,49354,49186
1024,3072,n,15834475217,503309032,77731,4197546,169,96
1024,4096,t,19452295748,503316699,24665,5430708,65784,65585
1024,4096,n,15835155623,503317928,72228,6177813,191,85
1024,5120,t,15830223696,503316711,25031,6749480,82202,81955
1024,5120,n,15835463648,503315524,73124,7011738,240,86
1024,6144,t,15830491042,503291667,30047,8134405,98656,98345
1024,6144,n,15834971560,503294881,66062,8373051,267,161
1024,7168,t,15830584334,503279478,29444,9492069,115074,114722
1024,7168,n,15834805911,503265113,74647,9737229,321,136
1024,8192,t,15829795298,503250559,27845,10830130,131493,131196
1024,8192,n,15835523804,503284868,77324,11129097,346,157
1024,12288,t,15840698813,503252755,26423,16179353,197161,196853
1024,12288,n,15845422066,503304599,79846,16654822,478,190
1024,16384,t,15846492634,503318886,31811,21624377,262839,262364
1024,16384,n,15845702021,503317726,79800,22095505,607,141
1024,32768,t,15835014594,503284736,34840,42981062,525550,524747
1024,32768,n,15836739173,503262148,85440,44099527,1119,138
1024,65536,t,19659517508,503313157,56872,86033890,1050983,1049670
1024,65536,n,15848453476,503318729,88110,87797475,2191,621
1024,131072,t,15843982117,503309667,88322,171791525,2101837,2099578
1024,131072,n,15837588148,503284702,97364,175436890,4248,259
1024,262144,t,15868062796,503301744,138402,342724950,4203680,4202576
1024,262144,n,15846500059,503303756,122445,351164786,8337,1392
1024,524288,t,15843960845,503278841,162207,684076902,8407204,8406263
1024,524288,n,15845855277,503295218,133605,701158793,16564,5492
1024,1048576,t,15845146771,503268540,170033,1366757511,16814070,16812220
1024,1048576,n,16567675330,503326576,116947,1402081609,32992,20096
1024,1572864,t,15857426445,503300707,174150,2054853500,25221524,25219146
1024,1572864,n,15829319447,503281501,16825,2102968516,49436,2026
2048,16,t,15838366618,503305941,102058,24115,323,294
2048,16,n,15844427625,503295259,109770,23757,65,26
2048,128,t,15856700006,503316654,175458,177534,2122,2072
2048,128,n,15847818022,503308867,206607,182818,68,34
2048,512,t,15857083797,503279682,192238,698539,8297,8227
2048,512,n,15869557980,503301842,242252,711809,76,39
2048,1024,t,15848179354,503319085,173775,1401472,16541,16421
2048,1024,n,15860381308,503315362,210500,1405460,92,38
2048,2048,t,15846290560,503288074,115292,2762371,32931,32802
2048,2048,n,15861393936,503310248,188833,2808093,133,87
2048,3072,t,15837424113,503305373,97430,4136140,49353,49192
2048,3072,n,15856469541,503314103,177585,4227100,159,82
2048,4096,t,15838714489,503317474,106516,5484781,65791,65594
2048,4096,n,15858529101,503259229,218985,5656501,199,102
2048,5120,t,15850785467,503291551,112934,6906117,82244,81969
2048,5120,n,15863722354,503309999,194630,7051711,232,126
2048,6144,t,15844345861,503316703,106399,8253890,98660,98438
2048,6144,n,15858720062,503310848,194990,8445913,301,183
2048,7168,t,15838378684,503304896,101721,9562781,115080,114744
2048,7168,n,15861578188,503314004,222195,9879022,313,184
2048,8192,t,15849907309,503313954,99357,10914352,131520,131200
2048,8192,n,15849702987,503312857,216037,11297126,351,235
2048,12288,t,15847433389,503319094,114861,16439369,197187,196878
2048,12288,n,15858974703,503310946,189233,16869116,478,225
2048,16384,t,15852326323,503314133,114393,21836341,262840,262341
2048,16384,n,15846175882,503297006,188029,22499161,625,138
2048,32768,t,15858219818,503308121,138669,43501022,525550,524850
2048,32768,n,15860860997,503310410,153388,44306291,1131,151
2048,65536,t,19249949828,503316394,192061,86769057,1050989,1049642
2048,65536,n,15866775659,503312180,229864,88638600,2203,239
2048,131072,t,15856926031,503316801,258100,192220654,2101925,2100889
2048,131072,n,15859254092,503312119,261834,176341762,4262,637
2048,262144,t,15870851616,503301854,402654,343989797,4203764,4202864
2048,262144,n,15854785649,503301913,220933,351627233,8355,1600
2048,524288,t,15876548272,503308252,431662,685457258,8406697,8405355
2048,524288,n,15842571156,503290112,203340,701589096,16573,3856
2048,1048576,t,15885193713,503288706,407615,1367815527,16813188,16811486
2048,1048576,n,15858450747,503311388,320705,1403222314,33002,16862
2048,1572864,t,15854797573,503278707,287761,2048940369,25221351,25218860
2048,1572864,n,15831300116,503294045,34913,2102889541,49418,6595
3072,16,t,15855336171,503318161,142976,26378,311,288
3072,16,n,15838198198,503312909,146967,24959,65,30
3072,128,t,15862364584,503318529,154261,174179,2135,2086
3072,128,n,15869530708,503310737,353170,183857,64,34
3072,512,t,15873170954,503316423,307877,700085,8295,8232
3072,512,n,15856872878,503313338,193165,722663,93,43
3072,1024,t,15887651813,503318660,328711,1402784,16522,16445
3072,1024,n,15845605497,503312411,235712,1426243,87,44
3072,2048,t,15865059686,503316292,270308,2768134,32939,32812
3072,2048,n,15877665234,503314239,386783,2838960,132,65
3072,3072,t,15858220082,503318796,242625,4139917,49350,49193
3072,3072,n,15863058192,503308512,291912,4261574,163,61
3072,4096,t,15870337728,503313175,281027,5547806,65801,65565
3072,4096,n,15856120953,503317372,284809,5664508,203,143
3072,5120,t,15862831685,503314071,266230,7115297,82226,81969
3072,5120,n,15858819271,503313236,269140,7074694,255,143
3072,6144,t,15857885224,503317302,258985,8306802,98659,98345
3072,6144,n,15940972371,503299668,648659,8513993,294,173
3072,7168,t,15922223051,503310856,439572,9624153,115045,114797
3072,7168,n,15883327064,503282515,394882,9965175,324,205
3072,8192,t,15854284731,503320257,262941,11050110,131511,131224
3072,8192,n,15862263419,503314286,274076,11419214,346,172
3072,12288,t,15930946249,503318028,484712,18401946,197185,196880
3072,12288,n,15860413845,503312943,257237,16983396,494,159
3072,16384,t,15865620487,503305443,256997,22074752,262882,262560
3072,16384,n,15862556696,503313453,260966,22683974,617,102
3072,32768,t,15879796613,503318865,319996,44117548,525628,524834
3072,32768,n,15859452794,503294974,252606,44705832,1123,208
3072,65536,t,15866946871,503304976,347985,87233971,1051026,1049884
3072,65536,n,15859809378,503310742,320539,88843203,2191,415
3072,131072,t,15922672252,503320943,292276,172303543,2101835,2100755
3072,131072,n,15863675187,503313066,414500,177167733,4269,642
3072,262144,t,16423369672,503316386,4499887,345952845,4203419,4202386
3072,262144,n,15850567281,503311701,272651,351277629,8372,1337
3072,524288,t,15850501738,503313134,313960,684093101,8407380,8406436
3072,524288,n,15854002091,503316205,295116,702037761,16579,5181
3072,1048576,t,15890463882,503307939,612504,1367887136,16814644,16812935
3072,1048576,n,15850260607,503314362,257075,1402793218,33020,19979
3072,1572864,t,15874477204,503303039,249682,2048895275,25221718,25219479
3072,1572864,n,19680043673,503321205,55852,2103000593,49442,14968
4096,16,t,15928426924,503520446,593401,23824,315,291
4096,16,n,16770936472,503508771,17590709,23284,66,38
4096,128,t,16312100969,503512030,3876699,180639,2119,2085
4096,128,n,15885673942,503513679,468437,180959,69,37
4096,512,t,16172633994,503509075,2299067,702021,8301,8229
4096,512,n,16077571596,503517329,1654457,712522,78,35
4096,1024,t,15970521750,503509924,789036,1383927,16518,16424
4096,1024,n,16530134050,503536686,4896870,1393060,98,50
4096,2048,t,15901118452,503510065,368590,2778380,32941,32817
4096,2048,n,16258008802,503521146,2760357,2850380,129,80
4096,3072,t,19840941079,503570233,915431,4147836,49350,49194
4096,3072,n,16347626207,503523884,4448347,4305307,159,123
4096,4096,t,16733573520,503535250,6913838,5558613,65814,65604
4096,4096,n,16399499378,503518483,5460286,5663213,206,88
4096,5120,t,16398515497,503532916,5036302,6874602,82247,81968
4096,5120,n,15858306666,503506400,315278,7090295,252,151
4096,6144,t,16337636558,503529691,4064596,8335560,98637,98366
4096,6144,n,15905893339,503519737,564795,8503056,284,152
4096,7168,t,15922880508,503515405,621847,9692283,115071,114808
4096,7168,n,16385488958,503517080,4724351,10033452,326,179
4096,8192,t,16308091052,503530885,3842076,11096382,131506,131244
4096,8192,n,15877191041,503505916,366850,11355410,350,171
4096,12288,t,15901392334,503514213,535987,16549081,197172,196825
4096,12288,n,16363370002,503515833,9683473,17000570,479,193
4096,16384,t,15876034900,503523707,400393,22144570,262863,262432
4096,16384,n,15975631204,503522052,878269,22690510,595,69
4096,32768,t,15908871212,503515092,570849,44257463,525595,525113
4096,32768,n,15872893817,503497986,324774,67254980,1149,382
4096,65536,t,15876503924,503527789,386916,87350972,1051035,1049969
4096,65536,n,16145433523,503512658,2712615,135391243,2190,511
4096,131072,t,15881001017,503515656,378922,172537099,2102070,2101320
4096,131072,n,16315486987,503513865,3559702,179064683,4262,823
4096,262144,t,15889917915,503537789,544327,343404783,4203776,4203118
4096,262144,n,16348483671,503511351,4158526,355075264,8374,2211
4096,524288,t,16021169085,503519993,1322257,689259043,8407459,8406431
4096,524288,n,15865227951,503517092,337841,702263038,16581,7163
4096,1048576,t,15902158990,503516994,554075,1367767416,16813449,16811992
4096,1048576,n,16261755918,503513120,6421147,1405426087,33195,23091
4096,1572864,t,16135789677,503531005,2243390,2052507994,25221785,25219295
4096,1572864,n,16241213724,503517073,2950640,2104648301,49490,18612
5120,16,t,16239126510,503991694,5243189,23285,315,287
5120,16,n,16660183509,503981576,14167702,23228,55,36
5120,128,t,17147055449,503991695,11920444,179004,2127,2092
5120,128,n,16835654486,503989269,7994362,180192,67,39
5120,512,t,16808347869,503984799,7825838,687594,8299,8224
5120,512,n,16582579619,503980734,8937174,718872,73,31
5120,1024,t,17133580720,503979703,10546686,1529581,16516,16433
5120,1024,n,16596910498,503956657,5759383,1402270,95,35
5120,2048,t,17429125217,503995009,13472155,2777316,32929,32804
5120,2048,n,16514034417,503987897,5151912,2830141,123,40
5120,3072,t,17006267065,503987955,8615224,4165272,49385,49191
5120,3072,n,17133506298,503986214,10333130,4258528,167,87
5120,4096,t,17024216663,503989557,9411951,5546501,65813,65580
5120,4096,n,16860697679,503968746,8207782,5732577,218,91
5120,5120,t,17203470460,503986470,11253818,6906309,82195,81956
5120,5120,n,16462229448,503979519,4786882,7083307,256,116
5120,6144,t,16996922698,503992180,22147979,8301766,98634,98399
5120,6144,n,16474881718,503987741,4712649,8552761,282,107
5120,7168,t,17032592355,503978419,9436529,9684545,115070,114792
5120,7168,n,16730340269,503983306,6347774,9979109,319,167
5120,8192,t,17036027344,503992283,9118261,11105873,131497,131188
5120,8192,n,17346729760,503991952,19547862,11347937,349,211
5120,12288,t,17123028496,503977428,10050449,16651001,197173,196864
5120,12288,n,17144203833,504007291,10034879,17093545,514,70
5120,16384,t,17410719810,503993154,30241182,22179025,262858,262367
5120,16384,n,17235944961,503982820,11164742,22803131,618,144
5120,32768,t,16671160111,503963542,5706434,44418947,525624,525000
5120,32768,n,17516920008,503993717,7568218,45486318,1154,177
5120,65536,t,17469273480,503978042,29187359,88021313,1051067,1050055
5120,65536,n,16506803781,503991284,5214167,92625459,2179,452
5120,131072,t,17156784547,503985435,9970746,196196992,2101969,2100806
5120,131072,n,16639150079,503977854,5847155,177779296,4266,1713
5120,262144,t,16994509568,503989588,9011313,349932678,4203843,4202889
5120,262144,n,17361742494,503995063,24543816,354258277,8700,5358
5120,524288,t,17964644692,503990420,16217470,694787110,8407386,8406134
5120,524288,n,17159806886,503993629,10397129,709117970,16892,9564
5120,1048576,t,17137364061,503980016,10197063,1380935478,16814786,16813317
5120,1048576,n,17565202038,504013439,27308946,1411893803,33386,23324
5120,1572864,t,17104626469,503975906,10006950,2065528178,25220554,25218484
5120,1572864,n,16992116417,503984649,8925435,2111704420,50227,29621
6144,16,t,18875933441,504323969,23789757,27531,322,297
6144,16,n,18354446470,504312920,20986198,24238,67,36
6144,128,t,18540325279,504315765,22538912,173706,2118,2084
6144,128,n,18548671301,504316461,21847894,186158,64,32
6144,512,t,18927151587,504316132,25478758,704991,8314,8232
6144,512,n,18255301026,504316714,19586531,694042,76,33
6144,1024,t,18990978630,504320867,26139060,1368433,16501,16424
6144,1024,n,18465661572,504319250,21371066,1413584,92,37
6144,2048,t,18603003223,504314169,22466199,2761196,32961,32811
6144,2048,n,18062903105,504314949,17780519,2813624,134,51
6144,3072,t,18259520886,504322313,19393509,4190519,49379,49190
6144,3072,n,18342140994,504318564,21421961,4249404,169,112
6144,4096,t,18366321460,504315381,20428364,5535934,65770,65583
6144,4096,n,19049296065,504314530,27542836,5682993,219,110
6144,5120,t,18851759172,504303302,25239422,6959196,82201,81973
6144,5120,n,18832680456,504314164,24560238,7144809,263,130
6144,6144,t,19291980131,504317945,28611958,8304638,98671,98368
6144,6144,n,18558037830,504312313,21762815,8548570,277,147
6144,7168,t,18742109571,504314987,23261682,9695468,115081,114818
6144,7168,n,18954639174,504321298,26181592,9992846,313,153
6144,8192,t,19154243315,504330205,27269426,11088036,131504,131275
6144,8192,n,17902906622,504304340,16858987,11386767,346,150
6144,12288,t,18673117226,504320869,23637518,16601832,197161,196839
6144,12288,n,18513267258,504320303,22646525,17133183,498,228
6144,16384,t,18700993550,504318459,22812755,22151643,262862,262512
6144,16384,n,18756216645,504317205,23897115,22834236,622,81
6144,32768,t,18612319815,504316169,22798938,44363824,525599,524971
6144,32768,n,18824514882,504319634,25314691,45593563,1164,172
6144,65536,t,18309216430,504318183,20573978,88918719,1051033,1050042
6144,65536,n,18407586188,504304297,20867042,90882113,2214,644
6144,131072,t,18392493238,504314217,20048663,177173021,2102338,2101783
6144,131072,n,18998606529,504326999,25189013,180982397,4299,1900
6144,262144,t,19224065271,504321595,22367729,351758424,4204067,4203337
6144,262144,n,18876891796,504322204,24782513,358244830,8511,4473
6144,524288,t,18434117402,504319969,20304346,693924420,8408355,8407765
6144,524288,n,18363261889,504329657,24124061,712674937,18527,13490
6144,1048576,t,18602312049,504324721,22371415,1392304494,16815439,16814012
6144,1048576,n,18500661264,504317227,21454536,1417645698,33471,26883
6144,1572864,t,18652752809,504309996,22999140,2078427430,25222880,25221087
6144,1572864,n,17887422954,504318060,17171185,2116908453,50594,37266
7168,16,t,20603696903,503336691,39193452,23704,313,286
7168,16,n,20693257013,503336336,41368249,25721,76,41
7168,128,t,20606245525,503329719,39852858,179605,2115,2082
7168,128,n,20200126360,503317301,36996909,184655,70,40
7168,512,t,20969795433,503339834,45095332,691986,8293,8224
7168,512,n,20633321987,503347450,40279900,779694,76,39
7168,1024,t,20294648707,503334121,38388100,1363293,16521,16445
7168,1024,n,20810722759,503339459,43093044,1392155,103,53
7168,2048,t,21101294913,503336918,44066381,2751875,32948,32813
7168,2048,n,21022062397,503328442,45909819,2880583,147,81
7168,3072,t,21035128299,503331271,43728842,4151672,49344,49196
7168,3072,n,20495892442,503336563,39225013,4273531,174,70
7168,4096,t,21316607448,503332697,46196569,5558822,65784,65588
7168,4096,n,20927810944,503335546,43961041,5703122,211,95
7168,5120,t,20990456512,503333136,43478204,6925790,82196,81973
7168,5120,n,20679114148,503332191,43374605,7071246,224,138
7168,6144,t,20769546597,503336372,42564145,8358928,98669,98362
7168,6144,n,20598875594,503336533,40697114,8519420,266,135
7168,7168,t,21280024337,503333485,48480175,9697197,115089,114809
7168,7168,n,20867034856,503323056,42017093,10062538,318,186
7168,8192,t,20731133586,503340997,41199907,11114246,131465,131257
7168,8192,n,20699912643,503336722,41327476,11433449,364,260
7168,12288,t,20407538555,503328940,37980180,16693767,197180,196735
7168,12288,n,20531983162,503337108,39681041,17144053,481,208
7168,16384,t,20204968364,503335700,34419953,22209559,262873,262387
7168,16384,n,21159396983,503330782,45663624,22840693,604,123
7168,32768,t,20858556398,503326150,44161726,44457605,525664,525039
7168,32768,n,21144558475,503328537,45234398,45520170,1150,190
7168,65536,t,20533857154,503331871,38953473,89072043,1051079,1049884
7168,65536,n,20740085550,503347740,40344024,91118718,2228,559
7168,131072,t,20899036035,503326307,43065302,177384630,2102111,2101328
7168,131072,n,20706644519,503335483,40939946,180639538,4315,2546
7168,262144,t,20830711378,503330274,42397661,352791587,4203967,4203200
7168,262144,n,21042024317,503334652,43205198,360141364,8580,5434
7168,524288,t,21519637324,503332721,47161062,701820940,8407880,8407076
7168,524288,n,19801297358,503324035,33443033,710833106,17121,14259
7168,1048576,t,21439400556,503337720,47343993,1398334174,16815540,16814171
7168,1048576,n,20393453091,503347005,39183528,1423003662,34068,28852
7168,1572864,t,21252569232,503341985,46283728,2093221188,25223494,25222082
7168,1572864,n,20410627659,503336907,39823868,2128122073,51177,45829
8192,16,t,24002279425,504323824,74194897,23436,323,286
8192,16,n,23422181530,504330291,68338916,29996,62,38
8192,128,t,23945803426,504327446,71867002,173864,2121,2086
8192,128,n,24186897446,504325212,72678279,180302,68,38
8192,512,t,24307376867,504347363,77021467,698201,8306,8237
8192,512,n,29246827959,504349970,71580539,699962,82,37
8192,1024,t,24303517921,504346862,74511884,1414248,16529,16423
8192,1024,n,24279050036,504327988,73975520,1408718,95,38
8192,2048,t,23730647556,504350620,72253809,2771497,32933,32807
8192,2048,n,23732756641,504331058,70264926,2866526,141,95
8192,3072,t,23901794933,504327269,72014609,4142374,49365,49198
8192,3072,n,24124214784,504341667,74189588,4701457,166,102
8192,4096,t,24083700075,504335565,73733589,5556300,65779,65585
8192,4096,n,23980258490,504331434,71797821,6133777,195,72
8192,5120,t,24569097692,504330840,77970760,6907709,82216,81954
8192,5120,n,24152231996,504326707,74418357,7064448,244,133
8192,6144,t,24055699440,504328902,72146834,9244962,98658,98421
8192,6144,n,24414832024,504351157,76295060,12738256,287,173
8192,7168,t,24483115455,504332766,71161493,9705959,115052,114887
8192,7168,n,23948571403,504335017,71787325,9975891,328,189
8192,8192,t,24150400805,504328665,71967826,11126768,131526,131275
8192,8192,n,23787107018,504326021,67550242,11392088,360,201
8192,12288,t,23976892201,504320086,71640131,16632553,197173,196759
8192,12288,n,24304324300,504335382,72843704,17093352,484,168
8192,16384,t,23909861547,504328521,70993234,22258209,262862,262391
8192,16384,n,24100435051,504324428,72517086,22771080,631,214
8192,32768,t,24128866969,504334788,72586020,44543640,525606,524914
8192,32768,n,23099081341,504335560,63829961,45628243,1144,211
8192,65536,t,23514437762,504325977,67097867,89011756,1051074,1050033
8192,65536,n,23576995671,504332398,65776203,91141793,2200,582
8192,131072,t,23604060315,504333059,67448650,177633614,2102127,2101453
8192,131072,n,24458735519,504328382,76228439,181783399,4323,1813
8192,262144,t,23984766948,504331176,70100809,353707698,4204257,4203361
8192,262144,n,23894770951,504331138,69703026,361485490,8594,5740
8192,524288,t,24165729279,504337426,72657954,704364578,8408392,8407577
8192,524288,n,24097522991,504332066,70241591,718920479,17417,13981
8192,1048576,t,24472390669,504350400,75521797,1404787089,16815875,16814693
8192,1048576,n,23790278347,504344032,69380179,1431881721,34019,30634
8192,1572864,t,24296948498,504340251,74747384,2104641198,25224320,25223146
8192,1572864,n,24215151761,504337343,72351295,2144309907,55876,53319
12288,16,t,34642501634,504381609,200227111,22684,318,288
12288,16,n,34493838813,504378624,200085600,24234,61,37
12288,128,t,34665060194,504372053,201505372,171521,2127,2091
12288,128,n,34730388259,504375456,200891964,180508,64,33
12288,512,t,34513733936,504372243,201073357,710869,8295,8230
12288,512,n,34484075075,504381673,199574528,714612,74,36
12288,1024,t,34469338632,504377153,199472588,1404593,16522,16434
12288,1024,n,34571029925,504381606,199666654,1406747,103,55
12288,2048,t,34726738946,504386073,200382482,2783861,32952,32821
12288,2048,n,34661145234,504393043,200724079,2849365,131,61
12288,3072,t,34603345098,504362157,199937332,4179802,49357,49193
12288,3072,n,34634742220,504388092,199795283,4301959,166,80
12288,4096,t,34531873811,504383311,199485889,5579256,65770,65580
12288,4096,n,34619373700,504373891,199828146,5671709,216,96
12288,5120,t,34574202129,504379755,199660629,6970042,82198,81981
12288,5120,n,34596159168,504389466,200338406,7116615,244,139
12288,6144,t,34536426952,504368283,198932923,8302950,98662,98362
12288,6144,n,34482012268,504375560,199495767,8541974,272,131
12288,7168,t,34577124661,504391331,199924820,9657726,115098,114822
12288,7168,n,34623368851,504374541,199313144,10009824,311,185
12288,8192,t,34682923338,504373680,200643936,11092048,131499,131205
12288,8192,n,34555637232,504381066,199443651,11364342,362,199
12288,12288,t,34498460511,504370207,199568508,16591627,197187,196882
12288,12288,n,34444317797,504377141,198848347,17077413,498,221
12288,16384,t,34456690823,504374689,199183649,22209214,262850,262438
12288,16384,n,34540831059,504385920,200198797,22829439,613,168
12288,32768,t,34569094241,504389236,200775486,44423576,525570,524757
12288,32768,n,34475179891,504385170,199616191,45784222,1151,203
12288,65536,t,34474153615,504361467,199277890,89114262,1051107,1050133
12288,65536,n,34761923719,504375447,200096402,91355316,2207,577
12288,131072,t,34714677610,504374784,200661706,177803055,2101984,2100298
12288,131072,n,34785280295,504383278,199899590,182223668,4362,1984
12288,262144,t,34738743109,504387890,200332660,355089943,4204100,4202818
12288,262144,n,35088667942,504374017,199370067,363345478,8807,6310
12288,524288,t,44121652575,504398710,200871349,706109615,8408207,8407082
12288,524288,n,34659223069,504378233,199577567,724443704,17345,15293
12288,1048576,t,34767545610,504380958,201237925,1414326151,16816820,16815572
12288,1048576,n,34747613392,504383861,201055040,1447201911,35041,33352
12288,1572864,t,34814158938,504382638,201959778,2120864901,25224980,25223039
12288,1572864,n,34469773440,504372294,200129122,2166339121,52581,52611
16384,16,t,38157519106,504398989,281573220,23884,313,290
16384,16,n,38149530284,504399261,281768298,24020,56,26
16384,128,t,38214353829,504402864,281656059,171446,2116,2075
16384,128,n,38125997061,504394599,281700142,176129,56,33
16384,512,t,38475018588,504391177,281562462,696459,8300,8230
16384,512,n,38192990327,504393390,281649854,707000,73,34
16384,1024,t,38511883561,504400740,282966888,1388507,16509,16418
16384,1024,n,38239287741,504406399,283356305,1423804,94,36
16384,2048,t,38178933780,504396058,281917271,2764743,32938,32808
16384,2048,n,38180838739,504394050,281363339,2833190,144,90
16384,3072,t,38222405559,504395105,281589390,4136427,49381,49198
16384,3072,n,38161167355,504392343,281607796,4247652,168,76
16384,4096,t,38178721387,504393465,281908990,5582785,65802,65593
16384,4096,n,38208926085,504412230,281598801,5698656,210,157
16384,5120,t,38207698949,504391758,281379202,6908398,82212,81993
16384,5120,n,38191336814,504400405,281644337,7137145,263,144
16384,6144,t,38202722742,504394418,281858224,8303143,98627,98366
16384,6144,n,38148367019,504401410,281865431,8524930,297,145
16384,7168,t,38163633395,504406784,281726992,9710551,115076,114826
16384,7168,n,38209483361,504405644,281404648,9970613,309,153
16384,8192,t,38237256883,504394655,281543058,11068825,131496,131207
16384,8192,n,38100704280,504397765,281395370,11421139,346,213
16384,12288,t,38175404824,504403101,282021379,16652536,197185,196807
16384,12288,n,38165714378,504406832,281837410,17097705,497,74
16384,16384,t,38226681308,504392768,281572759,22228682,262879,262432
16384,16384,n,38181381074,504394942,281888948,22846135,615,150
16384,32768,t,38182173177,504395655,281855606,44666822,525570,524790
16384,32768,n,38248453319,504394046,281979712,45919258,1150,302
16384,65536,t,38218282838,504401072,282731814,89257319,1051241,1050102
16384,65536,n,38518626007,504396119,281822706,91521287,2218,581
16384,131072,t,38264809182,504394404,282272496,177999129,2102012,2101177
16384,131072,n,38183107776,504395877,282324477,182524154,4380,2051
16384,262144,t,38846657676,504396268,282327461,355525525,4204308,4203391
16384,262144,n,38227383000,504402565,282481596,363319259,8736,7323
16384,524288,t,38291988270,504399262,282810063,708623201,8408521,8407177
16384,524288,n,42228756474,504393805,281597895,725660332,17554,15450
16384,1048576,t,38299758542,504399764,283461145,1416211129,16816912,16815536
16384,1048576,n,38237016341,504390668,282487989,1448391596,35312,34196
16384,1572864,t,38307834219,504400116,284104222,2123874982,25225531,25222505
16384,1572864,n,38058529454,504399183,281493933,2172111231,52880,53267
32768,16,t,40466344701,504427636,407296186,25140,330,294
32768,16,n,40454421681,504419176,407177209,23650,63,29
32768,128,t,40468221846,504412638,407227906,186214,2138,2084
32768,128,n,40459749340,504422741,407160070,203702,68,33
32768,512,t,40456463017,504426187,407232872,696794,8306,8226
32768,512,n,40463493987,504420547,407345439,710352,86,43
32768,1024,t,40458822587,504415550,407308875,1404176,16510,16422
32768,1024,n,40465268246,504410770,407499104,1412595,102,38
32768,2048,t,40442332563,504411093,407276624,2789630,32929,32802
32768,2048,n,40463565255,504410148,407235025,2841271,134,87
32768,3072,t,40464548516,504415226,407089859,4197975,49344,49195
32768,3072,n,40461882057,504403230,407305568,4263276,172,112
32768,4096,t,40455626641,504408941,407364777,5584693,65794,65571
32768,4096,n,40462408819,504416748,407159745,5642833,207,75
32768,5120,t,40458011904,504410343,407190191,7003567,82232,81961
32768,5120,n,40461104634,504416820,407461029,7104869,252,131
32768,6144,t,40501261474,504420146,407486130,8367540,98643,98348
32768,6144,n,40467123846,504413349,407232252,8594973,308,161
32768,7168,t,40466362803,504421676,407077736,9788181,115032,114754
32768,7168,n,40481519701,504419125,407146808,10040472,319,184
32768,8192,t,45058942671,504418234,407405364,11188766,131492,131155
32768,8192,n,40475600513,504416913,407358489,11462592,363,246
32768,12288,t,40475390035,504429671,407220799,16660245,197180,196747
32768,12288,n,40473055669,504423265,407487642,17214084,486,121
32768,16384,t,40466262476,504416225,407263398,22240140,262853,262350
32768,16384,n,40468461212,504414459,407448803,22812534,613,76
32768,32768,t,40474188924,504417244,407705850,44493601,525559,524631
32768,32768,n,40473600880,504419864,407402895,45885208,1128,109
32768,65536,t,40462678280,504411202,407406248,89246061,1051037,1049573
32768,65536,n,40458238257,504414730,407523501,91439767,2221,417
32768,131072,t,45419574687,504411929,407450017,178775263,2102224,2101230
32768,131072,n,40477007407,504409055,407415576,182657311,4365,2025
32768,262144,t,40482488268,504406304,407739426,355401368,4204361,4203542
32768,262144,n,40478823470,504414354,407376640,363730284,8881,6824
32768,524288,t,40482604757,504412908,408009772,789120056,8408847,8407808
32768,524288,n,40466948262,504408536,407448486,726237060,17762,16013
32768,1048576,t,40503079414,504421466,409122635,1417180227,16816226,16814905
32768,1048576,n,40492206457,504404425,407221337,1450445521,35455,34211
32768,1572864,t,40512097378,504421695,409092510,2124320079,25224510,25222511
32768,1572864,n,40478577102,504414898,407095493,3234841869,55097,55579
65536,16,t,40730551247,504424746,471089549,25365,311,291
65536,16,n,40745126833,504423224,471043557,25872,67,27
65536,128,t,40728095328,504431566,470976258,177382,2123,2086
65536,128,n,40726483161,504419272,471008219,178470,69,35
65536,512,t,40728717399,504419263,471081802,708008,8298,8224
65536,512,n,40728322541,504425415,471122539,726787,89,46
65536,1024,t,40738679517,504416334,470916130,1583272,16520,16425
65536,1024,n,40733277201,504419125,470947165,1420072,89,44
65536,2048,t,40733813741,504421035,470874493,2800917,32947,32805
65536,2048,n,40739313007,504424255,471140522,2858369,147,80
65536,3072,t,40742694853,504417407,471090030,4185934,49352,49195
65536,3072,n,40718132654,504428573,470967834,4282246,167,110
65536,4096,t,40718143181,504413249,470886596,5579905,65783,65576
65536,4096,n,40747965938,504424131,471130272,5707477,206,79
65536,5120,t,40736301364,504421152,471259259,7767093,82198,81969
65536,5120,n,40730166869,504405847,471400490,7283667,249,110
65536,6144,t,40732587194,504425665,471190986,8408415,98646,98350
65536,6144,n,40737262900,504430642,471021454,8541896,284,215
65536,7168,t,40735476669,504423560,471029623,9764265,115085,114800
65536,7168,n,40717079191,504409917,471009773,9986037,331,233
65536,8192,t,40894593188,504421538,471000593,11247851,131494,131155
65536,8192,n,40723878679,504408988,471057535,11469449,361,262
65536,12288,t,40720477664,504433162,470952134,16842695,197193,196810
65536,12288,n,40732166461,504416253,471291134,17130729,494,193
65536,16384,t,40733954582,504430159,471321133,22397425,262849,262435
65536,16384,n,40719074270,504419620,471117248,22910959,616,198
65536,32768,t,40730564936,504427172,471118684,44582748,525596,524755
65536,32768,n,40725616322,504419253,471266114,45708081,1175,138
65536,65536,t,40727539167,504418622,471032786,89352344,1051140,1050130
65536,65536,n,40733821492,504423685,471191809,91438726,2206,380
65536,131072,t,40738588352,504417240,471085162,177975726,2102301,2101470
65536,131072,n,40749776144,504415597,471210484,182612363,4414,2359
65536,262144,t,40739513267,504423260,471197539,354940001,4204037,4203307
65536,262144,n,40743730304,504424799,471110406,543408772,9252,8073
65536,524288,t,40751205118,504403710,471668040,708288684,8408513,8407622
65536,524288,n,40744373005,504416496,471055801,725693235,17923,17208
65536,1048576,t,40761728246,504425168,471920338,1414291073,16817465,16815974
65536,1048576,n,40787672937,504438170,471078295,1448654070,35662,34513
65536,1572864,t,40810570610,504436515,472466950,2364136626,25225167,25222712
65536,1572864,n,40788224077,504417922,471079977,2173701402,53299,53472
131072,16,t,40655949196,504421011,500213536,22642,321,290
131072,16,n,40660618512,504389545,500139103,24170,64,31
131072,128,t,40668364080,504390195,500225699,179017,2113,2086
131072,128,n,40657220587,504411037,500237424,180728,63,36
131072,512,t,40658203920,504422280,500229910,697313,8307,8233
131072,512,n,40643556062,504425807,500274757,699094,80,42
131072,1024,t,40662439273,504422535,500168879,1568312,16521,16422
131072,1024,n,40649202118,504429977,500290935,1432284,91,38
131072,2048,t,40664894199,504426901,500272454,2797192,32965,32810
131072,2048,n,40662966066,504421309,500151850,2861823,153,71
131072,3072,t,40657850038,504413777,500177873,4257655,49351,49200
131072,3072,n,40659438277,504423968,500258378,4306210,172,123
131072,4096,t,40663759706,504419309,500268887,6236018,65786,65597
131072,4096,n,40666156400,504418107,500261469,5712501,204,105
131072,5120,t,40658866607,504416457,500179850,7058700,82193,82009
131072,5120,n,40663487543,504420314,500212360,7212179,250,175
131072,6144,t,40649422497,504424069,500286127,8408874,98657,98398
131072,6144,n,40668152376,504417659,500229659,8621434,283,165
131072,7168,t,40661228884,504384241,500180052,9885612,115086,114862
131072,7168,n,40657575847,504425370,500270258,10059513,325,231
131072,8192,t,40662427482,504422854,500242958,11223224,131496,131259
131072,8192,n,40662828008,504433666,500312474,11551807,353,283
131072,12288,t,40667583169,504417282,500243074,16866060,197198,196812
131072,12288,n,40661477765,504426175,500239802,17234218,497,273
131072,16384,t,40663397596,504420843,500217958,22423402,262909,262564
131072,16384,n,40660474158,504416615,500283550,22944175,614,199
131072,32768,t,40656605994,504382164,500182576,44715336,525589,524968
131072,32768,n,40663593699,504419569,500207131,45749244,1131,161
131072,65536,t,40667845722,504432292,500273325,89007029,1051131,1050444
131072,65536,n,40665302399,504419814,500282610,91843527,2209,530
131072,131072,t,40654575993,504431135,500220033,177859545,2101974,2101239
131072,131072,n,40665739352,504418781,500231104,182889901,4369,1722
131072,262144,t,40677696658,504387750,500319545,354317189,4204118,4203442
131072,262144,n,40678764110,504420018,500202260,363670397,8835,6955
131072,524288,t,40689855547,504431855,500255947,707302605,8408398,8407329
131072,524288,n,40687346039,504424706,500253291,724225875,17655,15617
131072,1048576,t,40713424149,504425948,500392241,1413011343,16817310,16815505
131072,1048576,n,40713332926,504420151,500189484,1447705217,35507,34401
131072,1572864,t,40732444604,504422997,500395574,2118682668,25225607,25223480
131072,1572864,n,41798100243,504424910,500182856,2169503162,53173,53320
262144,16,t,40639530795,504418677,504376172,23175,321,292
262144,16,n,40637451797,504427797,504386449,25604,62,37
262144,128,t,40639040024,504417536,504371084,185416,2133,2083
262144,128,n,40635826500,504420624,504375490,186582,69,34
262144,512,t,40629592758,504422860,504377477,706041,8311,8239
262144,512,n,40638762119,504418520,504373360,723565,76,49
262144,1024,t,40633479856,504421299,504375261,1408527,16537,16452
262144,1024,n,40629558081,504423176,504381819,1413631,103,45
262144,2048,t,40640163245,504421266,504374362,2816401,32944,32840
262144,2048,n,40640596533,504420593,504377365,2863914,131,60
262144,3072,t,40638246809,504423897,504378643,4248998,49385,49240
262144,3072,n,40636087765,504427536,504384749,4317379,175,131
262144,4096,t,40633346498,504415577,504370339,5623125,65793,65676
262144,4096,n,40640397628,504426193,504379034,5748307,201,121
262144,5120,t,40637463539,504417037,504372281,7020512,82233,82027
262144,5120,n,40631892501,504431912,504382736,7161760,247,126
262144,6144,t,40634850734,504423940,504377702,8441687,98670,98493
262144,6144,n,40633974967,504425229,504381875,8655167,279,192
262144,7168,t,40641518319,504427852,504384209,9837449,115052,114913
262144,7168,n,40630428313,504430587,504386247,10090317,325,249
262144,8192,t,40639170428,504421314,504378454,11312799,131517,131309
262144,8192,n,40640237679,504421837,504377558,11481735,363,264
262144,12288,t,40641128158,504388986,504346653,16860306,197193,196924
262144,12288,n,40631140423,504410873,504370256,17213582,490,274
262144,16384,t,40623168249,504425814,504383515,22381871,262899,262575
262144,16384,n,40640084775,504422557,504378835,22977192,615,135
262144,32768,t,40634393030,504426972,504384485,44702304,525607,525124
262144,32768,n,40638031284,504420297,504374995,46699504,1145,233
262144,65536,t,40638038078,504430837,504389702,89261165,1051168,1050394
262144,65536,n,40642472207,504414424,504369828,91728853,2209,531
262144,131072,t,40649640364,504414620,504373423,177403467,2102167,2101539
262144,131072,n,40645649993,504421588,504376376,182652403,4348,1804
262144,262144,t,40639968747,504429004,504383438,354055633,4203866,4203249
262144,262144,n,45476756763,504424848,504373750,365304614,8747,6521
262144,524288,t,40667631184,504430204,504388809,706359767,8408342,8407488
262144,524288,n,40660993821,504421350,504375951,724864637,17785,16404
262144,1048576,t,40684542664,504429664,504385552,1411720390,16815575,16814136
262144,1048576,n,40688905954,504419183,504373997,1446031882,35524,34891
262144,1572864,t,40721152862,504434210,504392223,2114657020,25224824,25222634
262144,1572864,n,40713172309,504420258,504376529,2167860054,53082,53208
524288,16,t,40641517673,504425834,504386663,25259,327,290
524288,16,n,41724621422,504428726,504379825,23763,70,39
524288,128,t,40640045102,504419457,504376584,183295,2123,2082
524288,128,n,40639339872,504422143,504380495,180461,69,40
524288,512,t,40632720161,504421167,504379483,713767,8316,8252
524288,512,n,40630384957,504421983,504381177,718746,87,53
524288,1024,t,40624924622,504423182,504379882,1426740,16525,16432
524288,1024,n,40638075292,504428738,504388989,1400596,94,37
524288,2048,t,40640467686,504419830,504376440,2818442,32938,32836
524288,2048,n,40635067870,504428427,504387862,2868642,134,71
524288,3072,t,40638584631,504415240,504371428,4277157,49399,49277
524288,3072,n,40634626425,504416399,504373292,4757048,167,106
524288,4096,t,40636368518,504420933,504376910,5639678,65808,65671
524288,4096,n,40630027113,504425914,504385379,5712853,234,136
524288,5120,t,40634178165,504417977,504376912,7042675,82206,82056
524288,5120,n,40638517635,504426811,504385753,7136938,251,175
524288,6144,t,40624944970,504423013,504379525,8471288,98639,98467
524288,6144,n,40640332447,504422407,504381094,9518220,284,220
524288,7168,t,40640053006,504418945,504376266,9867239,115106,114908
524288,7168,n,40639048209,504400818,504360635,10077344,324,176
524288,8192,t,40630703315,504426881,504388929,11227055,131513,131274
524288,8192,n,40636135985,504432116,504389142,11513538,370,244
524288,12288,t,40641292458,504417802,504379045,16862575,197181,196927
524288,12288,n,40637773193,504426226,504384403,17240654,474,201
524288,16384,t,40632737807,504425147,504386043,22525220,262866,262538
524288,16384,n,40633000984,504425212,504384496,22990336,618,200
524288,32768,t,40639741663,504421135,504381185,49486548,525694,525194
524288,32768,n,40639798308,504423356,504382501,45877838,1137,145
524288,65536,t,40645777678,504426807,504384701,89048523,1051124,1050433
524288,65536,n,40633721401,504419554,504377441,91708544,2187,569
524288,131072,t,40635918016,504426332,504386706,177496102,2102130,2101531
524288,131072,n,40631122794,504422187,504380390,182913898,4397,1915
524288,262144,t,40656642269,504427274,504388481,353212017,4204292,4203646
524288,262144,n,40635722431,504424325,504381508,363135920,8850,7751
524288,524288,t,40662605377,504430527,504389851,706579355,8408488,8407501
524288,524288,n,40658953758,504419973,504377945,723286385,17707,16461
524288,1048576,t,40704698946,504431953,504393000,1408709394,16816953,16815449
524288,1048576,n,40684200810,504422178,504380873,1444166190,35584,34819
524288,1572864,t,40709476689,504428373,504389600,2112081421,25224993,25222760
524288,1572864,n,40711031198,504418357,504379886,2166522570,52504,52512
1048576,16,t,27092616659,336284008,336257972,29496,315,289
1048576,16,n,27081834883,336283919,336254773,26809,64,38
1048576,128,t,27082459472,336285319,336256554,181398,2122,2084
1048576,128,n,27088398123,336282791,336254081,181759,65,38
1048576,512,t,27083385285,336282939,336254213,712365,8317,8251
1048576,512,n,27085147915,336284453,336253777,707575,78,41
1048576,1024,t,27089553574,336280216,336249816,1419525,16505,16423
1048576,1024,n,27091246043,336286750,336259826,1414026,95,64
1048576,2048,t,27082825524,336283517,336255633,2828397,32965,32845
1048576,2048,n,27089435117,336279006,336252720,2874657,139,40
1048576,3072,t,27088260326,336282863,336254486,4219886,49408,49273
1048576,3072,n,27090586421,336282356,336255334,4311318,164,96
1048576,4096,t,27088241235,336283979,336255579,5627936,65808,65574
1048576,4096,n,27090397034,336272152,336245367,5714295,209,147
1048576,5120,t,27091458617,336282270,336254329,7088122,82213,81985
1048576,5120,n,27089370759,336268721,336241666,7183349,258,162
1048576,6144,t,27088230141,336281930,336255120,8456127,98683,98505
1048576,6144,n,27089559021,336286849,336259157,8596369,295,197
1048576,7168,t,27091278050,336281154,336253996,9856091,115057,114880
1048576,7168,n,27090304460,336271090,336244243,10077710,361,230
1048576,8192,t,27091675523,336283546,336256611,11216985,131511,131317
1048576,8192,n,27094137125,336287256,336259182,11527886,359,251
1048576,12288,t,27089300854,336285281,336257957,16868870,197189,196931
1048576,12288,n,27091747643,336285325,336258380,17288395,505,330
1048576,16384,t,27090765539,336279981,336253946,22437299,262865,262571
1048576,16384,n,27097193482,336276124,336247474,22928538,627,263
1048576,32768,t,27094168314,336283239,336258177,44816552,525588,525128
1048576,32768,n,27089467417,336280888,336254287,45815718,1157,85
1048576,65536,t,27093210400,336284774,336259716,89337143,1051066,1050242
1048576,65536,n,27094363071,336281482,336253095,92151960,2228,1080
1048576,131072,t,27097449872,336257290,336231552,176994242,2102130,2101385
1048576,131072,n,27092079138,336281562,336253048,183123372,4345,1724
1048576,262144,t,27101116430,336285680,336259775,354047977,4204110,4203140
1048576,262144,n,27106618701,336281647,336253264,363815984,8777,6189
1048576,524288,t,27110337291,336284546,336259243,706130383,8408323,8407141
1048576,524288,n,27116070908,336281261,336253609,722737038,17707,16909
1048576,1048576,t,27126158972,336293418,336267563,1395778504,16821341,16818922
1048576,1048576,n,27135488597,336281484,336253471,1444456367,35334,34811
1048576,1572864,t,27177797174,336286713,336260381,2132420176,25224532,25221528
1048576,1572864,n,27167927066,336281138,336255772,2167344411,51365,51325
1572864,16,t,41729668181,504425200,504380444,24857,315,288
1572864,16,n,40630514153,504425444,504385468,26656,52,27
1572864,128,t,40631656343,504422287,504383525,181709,2117,2079
1572864,128,n,40631124201,504425142,504384678,193908,60,30
1572864,512,t,40636385980,504426027,504385997,723214,8306,8230
1572864,512,n,40619306981,504428445,504387153,744108,72,36
1572864,1024,t,40622819567,504426611,504386373,1473703,16515,16422
1572864,1024,n,40636661525,504421083,504380957,1466970,94,36
1572864,2048,t,40635616502,504425488,504383541,2872380,32938,32806
1572864,2048,n,40631276523,504420892,504381308,2909557,127,42
1572864,3072,t,40629278414,504428507,504389170,4289653,49342,49184
1572864,3072,n,40632229435,504425697,504385587,4348913,162,43
1572864,4096,t,40630867910,504427608,504386576,5677798,65769,65565
1572864,4096,n,45537335955,504410030,504364999,5774977,200,46
1572864,5120,t,40630752235,504422744,504381326,7105092,82207,81964
1572864,5120,n,40636882694,504401877,504361903,7226500,230,39
1572864,6144,t,45471423623,504425817,504380246,8519505,98615,98347
1572864,6144,n,40638315186,504428068,504389273,8627054,264,36
1572864,7168,t,40637848080,504396898,504357604,9934148,115035,114726
1572864,7168,n,40630616541,504429871,504389458,10086909,318,36
1572864,8192,t,40632179249,504424823,504386671,11364322,131447,131103
1572864,8192,n,40637497294,504427195,504386760,11495127,328,38
1572864,12288,t,40634393060,504429235,504388027,17010493,197173,196663
1572864,12288,n,40629304124,504415322,504375479,17278533,468,37
1572864,16384,t,40630800804,504424826,504383633,22618699,262844,262212
1572864,16384,n,45468315548,504433165,504387782,23040451,605,49
1572864,32768,t,40638327592,504422929,504384862,44961846,525554,524389
1572864,32768,n,40630289989,504420626,504383017,46081800,1131,67
1572864,65536,t,40633124202,504426593,504387382,89703028,1051083,1050348
1572864,65536,n,40641713896,504420607,504381735,91967503,2199,551
1572864,131072,t,40644428312,504426569,504388508,177570222,2102172,2101246
1572864,131072,n,40635542541,504422264,504381642,182769431,4261,657
1572864,262144,t,40646867881,504424344,504386944,353860879,4204186,4203239
1572864,262144,n,40642102808,504422624,504381383,364034372,8721,4530
1572864,524288,t,41758381795,504427681,504381533,708131528,8408138,8406116
1572864,524288,n,40664374154,504418997,504379866,722610537,17470,13604
1572864,1048576,t,40678516313,504400760,504362735,1401900795,16816397,16813811
1572864,1048576,n,40680196885,504423400,504378214,1444097817,35372,32865
1572864,1572864,t,40751895300,504433410,504392977,2379061490,25225005,25221596
1572864,1572864,n,45532617209,504423657,504378936,2195914995,50907,50859
