16,16,t,15283685374,399,262,24287,319,291
16,16,n,15308905028,693,469,22927,53,30
16,128,t,15248747495,809,497,175786,2126,2076
16,128,n,15334903696,928,575,173258,47,17
16,512,t,15273154057,856,563,687047,8304,8211
16,512,n,15296376094,988,668,687704,78,34
16,1024,t,15388918036,1093,678,1361290,16513,16407
16,1024,n,15309038030,2217,1332,1382244,84,24
16,2048,t,15248442596,872,537,2705179,32928,32793
16,2048,n,15250493676,1452,1192,2761678,126,66
16,3072,t,15254854462,1001,554,4077212,49405,49190
16,3072,n,15239910052,832,526,4141641,173,65
16,4096,t,15264689386,1042,844,5427787,65775,65561
16,4096,n,15237354724,806,366,5509178,200,70
16,5120,t,15263951079,1475,1283,6750417,82204,81953
16,5120,n,15241027331,912,497,6849653,250,137
16,6144,t,15250399386,936,735,8053561,98658,98375
16,6144,n,15358975618,943,523,8231746,274,134
16,7168,t,15286811952,1968,1497,9470444,115084,114807
16,7168,n,15254203415,790,610,9597414,301,179
16,8192,t,15316846438,1987,1711,10734543,131477,131183
16,8192,n,15246507910,634,463,10976056,346,157
16,12288,t,15246918809,2529,2180,16112150,197163,196748
16,12288,n,15272548842,732,523,16442482,472,167
16,16384,t,15265786593,2888,2541,21505417,262908,262575
16,16384,n,15292901903,705,433,21953704,597,135
16,32768,t,15249810186,2408,2112,42882190,525542,524732
16,32768,n,15231881445,700,485,43834013,1128,36
16,65536,t,15247532278,3464,3117,85805823,1050945,1049505
16,65536,n,15246094059,782,488,87517639,2223,527
16,131072,t,15257933695,5596,5233,171524722,2101812,2099407
16,131072,n,15233145261,769,625,175106301,4247,134
16,262144,t,15221500203,8575,8347,381888687,4203565,4200210
16,262144,n,15240394036,1472,1155,350382637,8371,2118
16,524288,t,15219921132,15231,14970,683856455,8407559,8405637
16,524288,n,15248612417,1035,730,700804463,16711,7799
16,1048576,t,15446394049,29673,29633,1366522113,16814311,16812249
16,1048576,n,15317275917,1587,1290,1401847846,33778,22535
16,1572864,t,15234041615,42022,41978,2049016807,25221053,25218396
16,1572864,n,15243243334,533,269,2102876133,49406,380
128,16,t,15417299488,14894,2059,24893,316,289
128,16,n,15416817497,84016,3937,24756,61,31
128,128,t,15419758759,45733,2471,176412,2117,2082
128,128,n,15418110139,14895,2324,171274,65,34
128,512,t,15419957966,17619,3411,683436,8294,8217
128,512,n,15416987732,277496,3558,689211,82,31
128,1024,t,15502797648,140240645,2452,1374058,16517,16418
128,1024,n,15415242324,84456,2424,1369450,98,55
128,2048,t,15288105363,34143,2286,2720450,32964,32791
128,2048,n,15422137808,26735,3054,2743135,120,82
128,3072,t,15420786811,74794,2165,4082307,49370,49188
128,3072,n,15419261843,23402,3003,4114793,169,118
128,4096,t,15422252015,45165,2062,5390914,65765,65558
128,4096,n,15424939340,10138,2723,5611696,210,45
128,5120,t,15419849766,9029,2051,6741188,82206,81951
128,5120,n,15421683435,39174,2929,6872866,243,149
128,6144,t,15415153967,189440,3227,8081188,98657,98386
128,6144,n,15416745706,199057,3164,8209032,272,135
128,7168,t,15423418962,21714,2065,9451957,115065,114822
128,7168,n,15412633123,2383225,3163,9608760,306,159
128,8192,t,15415720225,222064,2401,11020192,131495,131181
128,8192,n,15436891621,172924066,4069,10964565,356,195
128,12288,t,15419250460,103733,2254,16112165,197152,196794
128,12288,n,15418412210,11666,3164,16438252,471,228
128,16384,t,15417788841,75839,2780,21460432,262837,262389
128,16384,n,15415363757,43185,2357,21875864,608,194
128,32768,t,15416301708,21881,2657,42892987,525535,524914
128,32768,n,15395004581,140479427,3789,43790245,1129,216
128,65536,t,15289274008,12121,2203,85859589,1050951,1049700
128,65536,n,15414692991,242410,7013,87548046,2170,221
128,131072,t,15424767069,21320,3970,171582938,2101707,2100197
128,131072,n,15417369361,6609,3335,175104558,4236,1222
128,262144,t,15422647756,19508,3857,342433539,4203643,4202357
128,262144,n,15417976413,198743,5020,350312991,8355,3328
128,524288,t,15417528903,187711,5962,683657905,8407160,8405730
128,524288,n,15384125674,140358869,5310,700798149,16564,6521
128,1048576,t,15389864946,139311301,5044,1365830206,16814255,16812244
128,1048576,n,15419584892,8423,4786,1401698045,33014,21944
128,1572864,t,15442627035,96596,7941,2048517882,25221220,25218742
128,1572864,n,15419824700,29753,2064,2103057964,49429,789
512,16,t,15828346635,503264798,8346,24821,316,289
512,16,n,15832872598,503313226,8219,24287,66,34
512,128,t,15829346427,503286242,19654,179367,2124,2079
512,128,n,15828705811,503231419,21192,174594,58,17
512,512,t,15834038772,503287829,17271,702168,8317,8224
512,512,n,15830579774,503216781,26001,684676,81,27
512,1024,t,15829791490,503289327,16297,1376062,16520,16420
512,1024,n,15834357642,503263192,27893,1394953,93,34
512,2048,t,15829377804,503259524,10179,2726932,32962,32796
512,2048,n,15831270457,503252246,25503,2759473,127,58
512,3072,t,15842185325,503312811,10458,4132638,49351,49186
512,3072,n,15802118887,483579858,24450,4135593,185,56
512,4096,t,15788771162,471958744,9713,5398299,65772,65570
512,4096,n,15794845685,475789304,21721,5513844,215,101
512,5120,t,19581820609,472511843,9611,6740583,82200,81972
512,5120,n,15836669356,503286061,27235,6875517,240,135
512,6144,t,15841022253,503309420,9611,8056175,98653,98388
512,6144,n,15830108739,503312636,25497,8261947,263,169
512,7168,t,15836063290,503226934,11366,9445759,115079,114762
512,7168,n,15839222015,503231842,27618,9644236,308,138
512,8192,t,15832035099,503255275,9290,10763272,131488,131182
512,8192,n,15829934146,503175908,23568,10980144,343,177
512,12288,t,15795003977,471995431,9828,16090116,197161,196778
512,12288,n,15798215209,479684494,21585,16484966,468,196
512,16384,t,15843263256,503308088,11564,21488341,262828,262449
512,16384,n,15834487449,503252810,22649,21929949,607,119
512,32768,t,15829066906,503288949,11489,42890429,525529,524687
512,32768,n,15830479245,503293523,24949,43840074,1136,101
512,65536,t,15830085098,503241441,16652,85844922,1050918,1049266
512,65536,n,15838766106,503292870,31736,87612335,2171,320
512,131072,t,15830875406,503157017,32895,171533637,2101736,2098880
512,131072,n,15831727095,503310518,30737,175080954,4237,201
512,262144,t,15791798105,471884919,46442,342368386,4203369,4202135
512,262144,n,15841218914,503254431,37669,350321541,8359,2494
512,524288,t,15843273106,503222555,43578,683522743,8407205,8405860
512,524288,n,15854360977,503267042,45308,700789426,16551,6305
512,1048576,t,15835518123,503230786,53823,1366362966,16814363,16812534
512,1048576,n,15837816586,503220433,28233,1401771344,33004,20260
512,1572864,t,15836447062,503189913,59429,2049401112,25221041,25218490
512,1572864,n,15828774922,503307170,8838,2102941283,49423,520
1024,16,t,15828905154,503294523,17061,25409,311,294
1024,16,n,15854715824,503307321,16901,24961,62,31
1024,128,t,15829677153,503306639,36674,173047,2118,2067
1024,128,n,15841149695,503291092,38163,177734,68,28
1024,512,t,15828868908,503315270,31126,691404,8317,8223
1024,512,n,15830691855,503313934,38975,681763,78,30
1024,1024,t,15841315540,503315595,30899,1393780,16511,16410
1024,1024,n,15846165278,503266465,72487,1400011,94,41
1024,2048,t,15830611573,503313371,30860,2748684,32974,32801
1024,2048,n,15848407873,503305210,73455,2801445,136,59
1024,3072,t,15897472884,503319221,25095,4111436,49364,49193
1024,3072,n,15839092276,503285333,77781,4217161,160,82
1024,4096,t,15832200076,503244170,24830,5417896,65772,65572
1024,4096,n,15846574266,503314284,73445,5601618,203,74
1024,5120,t,15839582830,503268438,26406,6777453,82210,81961
1024,5120,n,15838218169,503304962,83052,7006794,232,138
1024,6144,t,15830655753,503305442,31454,8110164,98641,98337
1024,6144,n,15899505123,503313818,74528,8372709,270,151
1024,7168,t,15834778710,503317122,30604,9483891,115068,114835
1024,7168,n,15840459005,503295887,78250,9766975,323,195
1024,8192,t,15836984851,503311388,27965,11052685,131496,131207
1024,8192,n,15834072558,503297923,69290,11175660,349,248
1024,12288,t,15837341511,503302202,29993,16184818,197184,196831
1024,12288,n,15840742954,503291377,72650,16672748,498,221
1024,16384,t,15828945754,503279654,29610,21518528,262847,262430
1024,16384,n,15834972849,503310436,78238,22180778,621,159
1024,32768,t,15832028965,503307233,37380,42950621,525569,524985
1024,32768,n,15844021943,503313320,76026,43980230,1136,184
1024,65536,t,15839991750,503301459,45791,85890607,1050938,1049544
1024,65536,n,15836418526,503313475,88623,87862934,2186,90
1024,131072,t,15845688267,503295262,87429,191575708,2101836,2100518
1024,131072,n,15842490575,503317230,103866,175412452,4238,1347
1024,262144,t,15840079369,503302518,108620,342430699,4203718,4202351
1024,262144,n,15843649345,503308552,107222,350707431,8352,2131
1024,524288,t,15849413176,503297587,162763,684126798,8407273,8406285
1024,524288,n,15835933872,503301324,103868,700876522,16576,4913
1024,1048576,t,15866404578,503278713,166770,1366571516,16814307,16812482
1024,1048576,n,15835644837,503282897,62467,1401711720,32986,17374
1024,1572864,t,15839257895,503254106,124750,2049112523,25221831,25219092
1024,1572864,n,15832363615,503296714,16970,2102790064,49400,4145
2048,16,t,19458817333,503320129,40381,24066,323,296
2048,16,n,15840619307,503301993,46980,24466,63,36
2048,128,t,15843131795,503313382,132172,174310,2127,2073
2048,128,n,15847169752,503294287,159655,176334,74,39
2048,512,t,15843123610,503314299,124713,705036,8296,8235
2048,512,n,15862374589,503312624,172603,712449,74,31
2048,1024,t,15841108853,503314116,144213,1402647,16543,16418
2048,1024,n,15848452065,503295070,159812,1410028,94,55
2048,2048,t,15839325820,503282076,111816,2771852,32945,32809
2048,2048,n,15847050570,503314009,165053,2828168,136,73
2048,3072,t,15842297630,503297311,98498,4112143,49356,49190
2048,3072,n,15840703767,503313204,101222,4248049,175,109
2048,4096,t,15841774376,503317011,103208,5485045,65781,65569
2048,4096,n,15862278947,503315740,178520,5670430,214,130
2048,5120,t,15837778634,503311302,104826,6874242,82233,81957
2048,5120,n,15849773857,503277062,176245,7041721,240,106
2048,6144,t,15850755589,503315868,100770,8242631,98652,98377
2048,6144,n,15838823488,503311553,125801,9324167,295,169
2048,7168,t,15841477698,503313225,103342,9604929,115079,114850
2048,7168,n,15853192346,503301199,165411,9834695,316,162
2048,8192,t,15837840854,503316485,100239,10951243,131472,131223
2048,8192,n,15844108416,503282493,148815,11421003,365,199
2048,12288,t,16584362695,503331248,112789,16425568,197159,196796
2048,12288,n,15854420403,503308890,190261,16964995,475,220
2048,16384,t,15837754918,503308302,108592,21837051,262856,262505
2048,16384,n,15848283888,503316348,148712,22451550,614,121
2048,32768,t,15854618274,503313630,139805,43587986,525533,524624
2048,32768,n,16570227537,503324683,120311,44182458,1128,67
2048,65536,t,15863460993,503293552,178356,86707073,1050988,1049802
2048,65536,n,15857141027,503311864,202979,88457210,2157,179
2048,131072,t,15838115407,503307871,126795,171769825,2101854,2100711
2048,131072,n,15918575860,503314010,221239,176373301,4271,234
2048,262144,t,15849969141,503313852,151414,342510065,4203735,4202742
2048,262144,n,16571051155,503325417,160616,350792347,8370,1988
2048,524288,t,15842950874,503312210,183697,683703796,8407184,8406195
2048,524288,n,15851412285,503304546,221906,701565039,16560,4333
2048,1048576,t,15848919680,503301544,216072,1366815091,16814408,16812801
2048,1048576,n,15844924897,503300563,196516,1402347170,33022,18977
2048,1572864,t,15857805630,503301899,171733,2048790341,25221303,25219012
2048,1572864,n,15830891908,503309368,35817,2102857798,49454,7553
3072,16,t,15850709729,503328016,53966,23682,321,292
3072,16,n,15841497942,503298625,59015,23347,49,30
3072,128,t,15848079520,503319003,54673,174997,2116,2081
3072,128,n,15846814399,503317201,53994,171888,62,39
3072,512,t,15841004165,503317140,53771,697131,8301,8229
3072,512,n,15836227112,503315503,55442,694737,78,30
3072,1024,t,15837265643,503305530,56607,1381144,16508,16413
3072,1024,n,15848453609,503319235,54661,1376595,104,35
3072,2048,t,15843725355,503304836,53626,2715822,32922,32801
3072,2048,n,15831602626,503320269,54942,2758887,127,58
3072,3072,t,15834406028,503312643,89834,4176487,49361,49207
3072,3072,n,15851320277,503307361,147069,4261621,161,44
3072,4096,t,15845290270,503326666,67698,5484476,65812,65588
3072,4096,n,15836444508,503311088,57828,5498560,217,177
3072,5120,t,15844949962,503318110,97565,6931143,82261,81988
3072,5120,n,15841913097,503318416,107830,7126731,238,133
3072,6144,t,15859173676,503316751,118826,8291920,98630,98356
3072,6144,n,15844757340,503318389,185470,8515141,294,201
3072,7168,t,15850158575,503317746,95663,9622003,115066,114798
3072,7168,n,15839664426,503309350,56058,9658423,321,230
3072,8192,t,15842202877,503316201,112764,11096167,131518,131278
3072,8192,n,15838142498,503294791,56175,11105025,346,173
3072,12288,t,15844249172,503304196,107458,16413273,197180,196828
3072,12288,n,15846746667,503316334,58263,16439456,475,275
3072,16384,t,15858167754,503306182,122490,21832052,262881,262520
3072,16384,n,15847350178,503308804,110506,22155534,621,169
3072,32768,t,15854555811,503311554,209605,43748680,525584,524811
3072,32768,n,15853585392,503297247,214071,44537427,1148,177
3072,65536,t,19250642224,503320793,213784,86501297,1050987,1049805
3072,65536,n,19837280298,503322591,200029,88429278,2173,360
3072,131072,t,15858837235,503318283,200958,171874263,2101873,2100965
3072,131072,n,15848839974,503317047,205662,175932668,4259,627
3072,262144,t,15845915442,503312257,213021,342580950,4203762,4202950
3072,262144,n,15850503048,503314561,196518,351059064,8344,2692
3072,524288,t,15853362556,503310501,214839,683675547,8406637,8405710
3072,524288,n,15847319688,503314571,227431,701577296,16595,5089
3072,1048576,t,15856992215,503307980,203998,1366347138,16814485,16812868
3072,1048576,n,15854298533,503308315,135822,1402057587,33019,21665
3072,1572864,t,15875824998,503302296,233499,2048418969,25221684,25219434
3072,1572864,n,15832366833,503314191,56859,2102957735,49436,17339
4096,16,t,16270385029,503527804,7867315,25111,318,289
4096,16,n,16081437756,503519696,1608051,25246,62,28
4096,128,t,16303904236,503526540,8567944,174161,2124,2081
4096,128,n,16300123015,503523837,8499092,181470,77,33
4096,512,t,15864913090,503513396,235454,710340,8297,8220
4096,512,n,15904359890,503524504,412606,714082,80,38
4096,1024,t,16325339287,503513230,9062779,1548241,16515,16416
4096,1024,n,15937230075,503513400,569947,1414544,91,46
4096,2048,t,15955855002,503481374,790456,2769724,32932,32818
4096,2048,n,15858101808,503511643,86469,2772962,121,87
4096,3072,t,15869643522,503539594,252613,4158565,49363,49186
4096,3072,n,15923603549,503520098,575602,4278319,170,71
4096,4096,t,15974982998,503518956,790640,5552894,65798,65572
4096,4096,n,15864087796,503531141,241324,5706766,208,125
4096,5120,t,16709526482,503529466,16698342,9937916,82241,81995
4096,5120,n,16506176157,503514387,4889065,7139630,251,145
4096,6144,t,16359382170,503530276,9592593,8320958,98641,98359
4096,6144,n,15870141953,503516716,145661,8370170,275,180
4096,7168,t,16594385091,503543980,253282,9741716,115096,114871
4096,7168,n,15887158834,503513398,357073,11053209,321,170
4096,8192,t,16292166019,503521315,7161950,11088206,131501,131250
4096,8192,n,16432076455,503527918,4428773,11411554,351,169
4096,12288,t,16328442422,503528753,9050872,16646822,197177,196846
4096,12288,n,16271732890,503514790,3230305,17138795,491,146
4096,16384,t,16784297843,503530661,17971460,22118685,262880,262450
4096,16384,n,16262669046,503518596,6529135,25317981,623,89
4096,32768,t,16164193324,503511122,4334258,44116520,525610,524867
4096,32768,n,15852350247,503517282,233610,44707870,1139,287
4096,65536,t,16360060307,503536936,9580585,86696597,1051021,1050334
4096,65536,n,15852765562,503528517,265336,88602455,2179,588
4096,131072,t,16738913214,503512929,17177765,172846175,2101852,2101129
4096,131072,n,15878918198,503522216,269260,176109720,4253,1184
4096,262144,t,16003937258,503512165,1225015,347723847,4203853,4203110
4096,262144,n,16302749215,503523437,8607116,351940394,8361,3005
4096,524288,t,15891011004,503521339,507513,685148373,8407373,8406437
4096,524288,n,16420246906,503532321,9813795,702941373,16709,7881
4096,1048576,t,16368499289,503509443,3887821,1371197561,16814641,16813238
4096,1048576,n,19475450086,503564868,1744887,1411544916,33092,24908
4096,1572864,t,16682967908,503498078,6594860,2059592189,25222317,25219798
4096,1572864,n,16429090316,503526098,4569477,2106464538,49539,20021
5120,16,t,18170958042,503985755,18046946,23384,304,284
5120,16,n,17365296321,503993430,11025311,27720,57,32
5120,128,t,17525882693,503979888,12952718,183525,2129,2087
5120,128,n,17539172188,503984435,28650944,182363,66,32
5120,512,t,17892587926,503989174,16057196,700025,8308,8233
5120,512,n,17792576549,503987461,15780413,708111,81,32
5120,1024,t,16759511223,503985509,7038249,1394920,16514,16415
5120,1024,n,16792890806,503978512,17915812,1428166,111,72
5120,2048,t,16957374993,503985610,15770281,2769007,32941,32806
5120,2048,n,17595307282,503989935,14718589,2861283,137,60
5120,3072,t,17209027893,503987646,10770110,4177373,49378,49182
5120,3072,n,17311488701,503987584,11346177,4279731,168,76
5120,4096,t,16991142678,503976552,9435978,5569226,65805,65585
5120,4096,n,16519346564,503983474,4975614,5718754,211,126
5120,5120,t,16621378219,503972919,6088083,6944548,82207,81965
5120,5120,n,17061394825,503981817,9516066,7192443,250,141
5120,6144,t,17350484375,503987917,6063579,8302801,98652,98432
5120,6144,n,17297624436,503991968,11944875,8631412,288,130
5120,7168,t,17030271598,503989897,8862905,9729828,115080,114817
5120,7168,n,16834040851,503977027,7572742,9951160,306,163
5120,8192,t,16700793829,503966739,6481335,11122752,131500,131208
5120,8192,n,16810708799,503969321,8039132,11409143,366,199
5120,12288,t,16721143505,503988855,6442828,16626292,197192,196886
5120,12288,n,17181030354,503980554,9822713,17141984,478,179
5120,16384,t,16696724424,503971716,7909699,22213592,262859,262471
5120,16384,n,17582027199,503984028,14513387,22870268,635,96
5120,32768,t,16786471734,503988164,6317425,44424518,525595,524840
5120,32768,n,17207937495,503988286,11889214,45589560,1139,236
5120,65536,t,17160619908,503990178,11128041,88949117,1051030,1049965
5120,65536,n,17147433468,503968493,10458702,90696349,2202,568
5120,131072,t,16802834656,503981838,7530872,196161825,2102049,2100847
5120,131072,n,18058655968,503994695,43363294,196573531,4349,1796
5120,262144,t,16820184373,503971696,7495711,507541405,4204114,4203202
5120,262144,n,17356018262,503975152,12605978,356731872,8542,3733
5120,524288,t,17419632375,503970079,13010156,693886868,8407670,8406762
5120,524288,n,17059418979,503977624,9655238,705529555,17243,10477
5120,1048576,t,16673338857,503974759,6206347,1378898253,16815047,16813965
5120,1048576,n,17126259365,503973062,9774355,1409349138,33411,24017
5120,1572864,t,17518234783,503982757,12340586,2070179915,25227023,25225809
5120,1572864,n,16466272253,503977445,4900764,2108011078,50175,30820
6144,16,t,18169909552,504311873,19367108,27393,322,292
6144,16,n,18343986012,504318810,20432852,23959,68,32
6144,128,t,18512888620,504315622,22612427,180710,2117,2080
6144,128,n,18456433119,504309618,20594769,183453,70,34
6144,512,t,18199000989,504309579,17849587,696538,8317,8232
6144,512,n,18174483480,504323314,18500052,773097,81,38
6144,1024,t,18112546200,504309047,18736958,1397771,16505,16420
6144,1024,n,17889558733,504313735,15316157,1399048,103,69
6144,2048,t,18884394421,504309710,23858774,2784911,32957,32814
6144,2048,n,17890721236,504316588,16001957,2819985,139,89
6144,3072,t,18388486642,504293943,19751596,4136136,49378,49194
6144,3072,n,18461221753,504323661,21193682,4263627,184,89
6144,4096,t,18330917325,504318014,19258700,5544296,65776,65583
6144,4096,n,18090462186,504304800,17981825,5773193,201,98
6144,5120,t,18683846393,504310774,23587889,6929728,82203,81975
6144,5120,n,18109339312,504306135,18300267,7138523,234,98
6144,6144,t,18562663430,504317514,21811256,8295869,98676,98371
6144,6144,n,18164899237,504315892,18694638,8609413,275,124
6144,7168,t,18373935139,504317968,20708701,9715857,115111,114837
6144,7168,n,18679062740,504313555,22340428,9993426,308,193
6144,8192,t,18696696708,504320384,23968896,11078157,131504,131216
6144,8192,n,17937226820,504301666,16808790,11414919,348,190
6144,12288,t,18322454712,504315054,20116124,16577271,197177,196870
6144,12288,n,22926143446,504329534,24923170,17155191,482,211
6144,16384,t,18467320060,504327810,20220960,22294851,262863,262474
6144,16384,n,17826408547,504310867,15577328,22880198,616,172
6144,32768,t,18436254026,504304414,20823314,44463129,525661,525097
6144,32768,n,18687680405,504304414,22396394,45600072,1168,205
6144,65536,t,17832164376,504312432,15472338,88771888,1051058,1050242
6144,65536,n,19755956381,504310255,25932828,90941211,2207,431
6144,131072,t,18490446055,504313088,19947375,177068494,2102072,2101147
6144,131072,n,18304937859,504305969,19583067,180934282,4304,1588
6144,262144,t,18154601054,504315933,18478517,351537971,4204126,4203609
6144,262144,n,18193991862,504303720,18250005,355293801,8482,5293
6144,524288,t,18379417332,504305772,19958671,697626257,8407200,8406672
6144,524288,n,18550643934,504308776,20742973,711339607,17260,11771
6144,1048576,t,22189105455,504327455,18266710,1383620188,16815182,16813988
6144,1048576,n,18791813276,504313419,24563798,1417843061,33606,25908
6144,1572864,t,18522877610,504336873,20390069,2079062808,25223489,25221617
6144,1572864,n,17835341669,504294496,16646559,2115867796,50626,39643
7168,16,t,20120742614,503334294,35454982,25995,304,284
7168,16,n,20569152184,503327903,39442743,23415,56,34
7168,128,t,20924287982,503327815,42148267,175974,2115,2088
7168,128,n,20600203749,503336966,40704930,179978,63,28
7168,512,t,20872374867,503343462,42314026,693386,8308,8231
7168,512,n,20659528213,503330134,39534808,705737,81,38
7168,1024,t,20767884468,503329374,39587075,1368404,16527,16435
7168,1024,n,20842822779,503341154,42286441,1432805,96,37
7168,2048,t,19608495622,503331446,31839157,2782666,32947,32795
7168,2048,n,20610943462,503337455,39929472,2960683,152,53
7168,3072,t,20229298700,503349571,37281664,4161937,49348,49184
7168,3072,n,23657344045,503347095,35721128,4288824,167,63
7168,4096,t,21086523055,503346514,45194225,5535628,65777,65595
7168,4096,n,20307305744,503336234,37381759,5701262,213,71
7168,5120,t,24877917300,503357015,44861153,6917541,82230,81967
7168,5120,n,21070978245,503335451,44745691,7101645,260,176
7168,6144,t,21471293935,503340429,48517628,9221815,98662,98355
7168,6144,n,20640755106,503337606,40618444,8515503,272,184
7168,7168,t,21013286899,503326142,43295448,9721283,115071,114820
7168,7168,n,24287509996,503340866,40561031,9951219,323,195
7168,8192,t,20579547785,503332490,39895420,11155779,131455,131225
7168,8192,n,20444512406,503335077,40707421,11400877,353,193
7168,12288,t,20408037935,503346258,38038210,16676012,197200,196956
7168,12288,n,20832012431,503331266,43165136,17107463,488,218
7168,16384,t,20223206582,503339550,37943286,22111487,262851,262406
7168,16384,n,20367512424,503327030,36905026,22871846,626,203
7168,32768,t,20912720895,503335227,37800619,44510824,525575,524980
7168,32768,n,20445713748,503335884,38976646,45531806,1114,201
7168,65536,t,20793320029,503329632,42926917,88958660,1051070,1049975
7168,65536,n,20855447008,503337350,41052460,91181213,2204,246
7168,131072,t,20289138380,503318529,38452429,177288422,2101993,2101107
7168,131072,n,20594573743,503337524,39017088,181408205,4353,1980
7168,262144,t,20540966992,503332154,38919275,352753553,4204032,4203170
7168,262144,n,20120023890,503329160,36195688,361665709,8543,4708
7168,524288,t,20719477429,503327529,40144244,699009510,8407745,8406956
7168,524288,n,20312597797,503333085,37916006,726697405,17385,14609
7168,1048576,t,20633105523,503332695,39873031,1397246210,16815247,16813908
7168,1048576,n,20635268458,503349851,38938299,1423757044,34277,30145
7168,1572864,t,20826825566,503351370,40889034,2094383805,25225873,25224081
7168,1572864,n,20685222375,503327201,41419534,2127822540,51535,46862
8192,16,t,23996295186,504335428,69609896,24972,310,292
8192,16,n,24149634734,504329347,73179055,25688,64,37
8192,128,t,24295644111,504330157,72335050,172639,2121,2082
8192,128,n,23933278903,504323815,70119902,177994,67,29
8192,512,t,24053595434,504327870,70099000,688480,8304,8231
8192,512,n,23379281069,504315435,63890321,714329,73,32
8192,1024,t,23684065394,504314988,67202624,1407926,16537,16428
8192,1024,n,24114391641,504329400,70994185,1478566,118,52
8192,2048,t,23371895171,504330733,64953272,2755057,32935,32808
8192,2048,n,23899158502,504325095,68361930,2882674,136,54
8192,3072,t,23816767815,504323447,68959981,4149769,49350,49184
8192,3072,n,23529694100,504337690,64838844,4286190,165,92
8192,4096,t,23608004611,504315883,65328237,5505091,65780,65579
8192,4096,n,23302913615,504320496,63929433,5751801,216,127
8192,5120,t,23900183636,504314759,68976317,6996379,82239,81986
8192,5120,n,23336378161,504323504,63812230,7114669,242,134
8192,6144,t,23421420500,504329714,63497764,8350809,98661,98423
8192,6144,n,23769669411,504354796,66701816,8558731,284,170
8192,7168,t,23958288977,504340756,67150752,9697349,115054,114789
8192,7168,n,23582669731,504352304,65733624,9969792,314,194
8192,8192,t,23804325247,504347192,67186807,11096573,131505,131259
8192,8192,n,23444590867,504333313,65492730,11414061,351,116
8192,12288,t,23631361882,504329827,66345921,16691238,197199,196908
8192,12288,n,23655448386,504345986,70743474,17238285,478,49
8192,16384,t,23546824243,504332997,67197015,22207998,262880,262428
8192,16384,n,24022657185,504324259,70804727,22894835,631,356
8192,32768,t,24343913587,504338847,72651052,44489463,525538,524472
8192,32768,n,23019591831,504328679,62679285,46106479,1214,353
8192,65536,t,23233037607,504340856,63026140,88959369,1051076,1049669
8192,65536,n,24114788141,504337774,69733407,91211231,2182,281
8192,131072,t,24026886022,504327193,68883303,177310385,2102066,2101216
8192,131072,n,23818559303,504322282,66639952,181874549,4321,1353
8192,262144,t,23777942388,504322330,67511958,353695629,4204083,4203394
8192,262144,n,23418694897,504338868,66073989,359335652,8749,6708
8192,524288,t,23915084277,504343940,67995868,704122400,8408926,8408205
8192,524288,n,23936263384,504327871,67864468,718648668,17061,13925
8192,1048576,t,24445273409,504350697,71208736,1405795269,16816324,16815182
8192,1048576,n,23751363908,504330974,68066944,1432107819,35237,33348
8192,1572864,t,24806718299,504341405,79352241,2106278186,25223730,25222317
8192,1572864,n,28283747491,504350828,77601605,2147665848,51629,47180
12288,16,t,34526013531,504369968,200231546,23317,314,287
12288,16,n,34720680080,504368522,199875895,24180,59,31
12288,128,t,34508911107,504371838,199869719,173864,2122,2089
12288,128,n,34750341262,504376531,199919053,185862,66,30
12288,512,t,34850726489,504380215,199456373,697904,8295,8226
12288,512,n,34802309257,504385215,199955934,705038,81,40
12288,1024,t,34752448048,504378127,199074893,1377530,16517,16425
12288,1024,n,34770002232,504384273,199881406,1415162,84,29
12288,2048,t,34835548655,504375847,201336167,2791009,32956,32808
12288,2048,n,34971420552,504377668,201779607,2865309,129,51
12288,3072,t,38762805120,504392069,200925547,4165599,49359,49197
12288,3072,n,34691499398,504375866,199595974,4246008,176,74
12288,4096,t,34792536229,504384999,200711526,5633405,65792,65598
12288,4096,n,34691278861,504381245,200295847,5798746,216,120
12288,5120,t,34831502462,504383553,200489079,6913254,82206,81971
12288,5120,n,34804814034,504384768,199571840,7123713,255,124
12288,6144,t,34740746586,504381666,201614024,8258692,98654,98379
12288,6144,n,34629402692,504370660,199442202,8575504,282,154
12288,7168,t,34681355260,504371503,199369177,9708066,115109,114846
12288,7168,n,34879643667,504385444,199543111,9983348,324,187
12288,8192,t,34827115703,504362014,201684926,11135821,131518,131244
12288,8192,n,34923108667,504383521,200448445,11462318,351,210
12288,12288,t,34649697982,504379596,198988761,16657683,197173,196796
12288,12288,n,34823969452,504384376,199655670,17072337,483,185
12288,16384,t,34771540442,504385027,199606967,22294807,262855,262454
12288,16384,n,34691804747,504390611,199840770,22877628,607,118
12288,32768,t,34847337809,504383666,199962562,44489899,525583,524691
12288,32768,n,34873913186,504386657,200317253,45778503,1125,147
12288,65536,t,34934667534,504374325,200096052,89186396,1051100,1050006
12288,65536,n,34846290191,504380028,199963756,91439541,2203,477
12288,131072,t,34848680690,504398189,200293893,177857814,2102194,2101383
12288,131072,n,35363780795,504395146,200329404,182112198,4394,1906
12288,262144,t,34814332107,504388398,200194312,354552416,4204329,4203574
12288,262144,n,34827011498,504380693,199302782,362700161,8716,6083
12288,524288,t,34876029377,504382855,200614196,707454109,8408411,8407549
12288,524288,n,34836531123,504390834,199615401,724406047,17480,15336
12288,1048576,t,34908441561,504393926,201849553,1413637075,16817273,16815964
12288,1048576,n,34852555881,504383020,199764572,1446100233,35012,33370
12288,1572864,t,35049722201,504384136,202874760,2120921981,25225210,25223387
12288,1572864,n,34516368573,504381300,199205283,2166834930,52397,52678
16384,16,t,38111833282,504399086,281164145,25225,320,291
16384,16,n,38250745593,504385721,281797324,24096,54,33
16384,128,t,38221591897,504398696,281611091,174026,2127,2073
16384,128,n,38201163298,504409127,281650139,180627,73,37
16384,512,t,38197462702,504395097,281675111,712556,8310,8242
16384,512,n,38203981417,504399846,281459798,707365,77,35
16384,1024,t,38225983994,504393468,282451153,1395428,16502,16426
16384,1024,n,38174685659,504393113,281756092,1417116,100,32
16384,2048,t,38253224422,504393655,281739562,2773350,32936,32816
16384,2048,n,38207329896,504385991,281429713,2854129,130,89
16384,3072,t,38198189019,504398080,282081937,4138353,49393,49195
16384,3072,n,38224733942,504385750,282158637,4270141,157,61
16384,4096,t,38204905304,504396598,281706575,5509074,65803,65588
16384,4096,n,38208325402,504403219,281950838,5714813,218,131
16384,5120,t,38207090668,504398366,281920034,6904441,82222,81981
16384,5120,n,38213992228,504393487,282024145,7145593,253,68
16384,6144,t,38198589167,504395114,281752496,8343549,98629,98370
16384,6144,n,38224247698,504399249,281830996,8570892,281,159
16384,7168,t,38233890023,504404373,282205157,9748816,115083,114796
16384,7168,n,38257257609,504405482,282186500,10005669,317,161
16384,8192,t,38191061358,504399573,281632817,11165221,131502,131223
16384,8192,n,38208306731,504395420,281686823,11464595,345,189
16384,12288,t,38234911583,504405911,282320172,16626400,197182,196896
16384,12288,n,38210942516,504400761,282044718,17118061,480,164
16384,16384,t,38253988276,504402337,281586814,22259905,262837,262374
16384,16384,n,38174936990,504403176,281876280,22838555,613,145
16384,32768,t,38207349724,504400023,281346110,64616417,525633,524798
16384,32768,n,38192430007,504396290,281781094,45748558,1163,143
16384,65536,t,38244981881,504396493,282540327,90968354,1051076,1049906
16384,65536,n,38191347679,504397623,281983539,91337875,2231,667
16384,131072,t,38251909012,504384186,282362470,177797002,2102283,2101563
16384,131072,n,38201427627,504399031,281500916,182533057,4345,1709
16384,262144,t,38252712507,504402477,282360365,355061961,4204321,4203283
16384,262144,n,38204395076,504406419,281819884,363290098,8825,7011
16384,524288,t,38225602998,504418150,282180857,708825524,8408900,8408679
16384,524288,n,38284123089,504398243,281482861,725327327,17751,16316
16384,1048576,t,38285440315,504413360,283261799,1415108287,16816924,16815654
16384,1048576,n,38275350480,504400823,282574122,1449174410,35465,34536
16384,1572864,t,38330347351,504392941,283717638,2122555324,25225219,25223249
16384,1572864,n,38158049022,504408430,281983018,2172183328,50391,50409
32768,16,t,40427689982,504409157,406901770,23732,319,296
32768,16,n,40463281257,504399177,407403783,25581,60,37
32768,128,t,40471750890,504414006,407174062,179113,2126,2088
32768,128,n,40467564432,504414111,407166738,183490,74,33
32768,512,t,40458837365,504422620,407395944,690107,8288,8229
32768,512,n,40455514959,504408562,407256571,714967,80,36
32768,1024,t,40458239710,504421312,407338455,1403612,16513,16422
32768,1024,n,40472874939,504410081,407231986,1433410,105,65
32768,2048,t,40449054360,504413369,407084783,2771213,32931,32807
32768,2048,n,40457802320,504420241,407172959,2832018,134,67
32768,3072,t,40465310316,504412780,407523822,4205895,49354,49192
32768,3072,n,40452704336,504413490,408132061,4309220,168,65
32768,4096,t,40463751288,504412909,407723368,5572172,65809,65584
32768,4096,n,40450738300,504420610,407284839,5683336,209,113
32768,5120,t,40449605829,504412213,407528528,6968894,82227,81969
32768,5120,n,40464619452,504416376,407624326,7089510,244,118
32768,6144,t,40473372996,504421694,407630665,8404650,98627,98370
32768,6144,n,40445781554,504414181,407316474,8641595,295,196
32768,7168,t,40458185243,504414058,407244216,9688098,115050,114772
32768,7168,n,40451085863,504409787,407284348,10048056,334,214
32768,8192,t,40454860520,504406380,407490519,11088885,131476,131137
32768,8192,n,40455775315,504417077,407825271,11468370,345,177
32768,12288,t,40460349719,504416244,407395715,16720666,197168,196799
32768,12288,n,40461258210,504421055,407188033,18823305,489,212
32768,16384,t,40463832173,504426081,407169045,22300797,262841,262303
32768,16384,n,40456111988,504421628,407072542,22767266,617,81
32768,32768,t,40458018166,504415798,407262961,44485821,525547,524477
32768,32768,n,40468082556,504417357,407452393,45896216,1130,228
32768,65536,t,40480940727,504415523,407312042,89198093,1051296,1050161
32768,65536,n,40470770413,504414771,407186995,91495840,2202,342
32768,131072,t,40462165781,504408363,407176947,178310077,2102262,2101356
32768,131072,n,40458417113,504410225,407449166,182596908,4418,2070
32768,262144,t,40479983540,504423401,407582150,354862874,4204473,4203593
32768,262144,n,40657788010,504415226,407181736,364078743,8768,6464
32768,524288,t,40472922114,504421751,407698867,709091483,8409118,8408238
32768,524288,n,40476594980,504413544,407596504,725329887,17804,16271
32768,1048576,t,40495580747,504412435,408630301,1416922189,16816689,16815181
32768,1048576,n,40485764451,504415941,407096596,1449981004,35831,34942
32768,1572864,t,40518672182,504426150,408918572,2124447709,25226289,25224125
32768,1572864,n,40476774882,504422320,407498877,2172753129,53354,53652
65536,16,t,40719252311,504419301,470975081,24267,328,294
65536,16,n,40716257429,504421829,471071853,25106,62,31
65536,128,t,40722806121,504420269,471058041,176311,2125,2086
65536,128,n,40731057402,504419427,471214555,178022,63,29
65536,512,t,40728038175,504420052,471066278,706068,8305,8230
65536,512,n,40721831441,504421481,471078704,709919,80,33
65536,1024,t,40721598721,504420402,471044613,1414929,16518,16427
65536,1024,n,40734302953,504424860,470994632,1424139,96,44
65536,2048,t,40717670960,504420004,471168104,2796641,32969,32804
65536,2048,n,40723427897,504393406,471183415,2849494,127,73
65536,3072,t,40722107159,504424842,471184074,4200991,49355,49230
65536,3072,n,40718647682,504413828,471172892,4719147,176,85
65536,4096,t,40732716871,504420709,471212564,5603967,65775,65589
65536,4096,n,40717923038,504422816,471077013,5692323,218,137
65536,5120,t,40725959474,504413496,471350784,7054226,82208,81985
65536,5120,n,40734945115,504427666,471250705,7105982,237,152
65536,6144,t,40729636946,504433148,471153432,8416223,98665,98400
65536,6144,n,40732872200,504424430,471071963,8616993,279,157
65536,7168,t,40731830662,504414014,471118732,9810489,115085,114783
65536,7168,n,40737476193,504421546,472184562,10021462,325,197
65536,8192,t,40715712958,504421936,471116491,11239577,131493,131220
65536,8192,n,40733684648,504422932,471043679,12333197,363,224
65536,12288,t,40724659842,504427563,471114738,18586921,197176,196817
65536,12288,n,40891215078,504429250,471122052,17158032,481,236
65536,16384,t,40735417260,504420548,471626843,22308918,262883,262422
65536,16384,n,40736568552,504421257,471046480,22903961,610,170
65536,32768,t,40729283184,504412955,471040285,44681917,525558,524696
65536,32768,n,40715592216,504424712,471007994,45775662,1145,119
65536,65536,t,40884686063,504413299,471109908,89534799,1051123,1050210
65536,65536,n,41738225979,504416210,471188201,91795748,2205,307
65536,131072,t,40740750812,504417754,471181588,177928903,2102170,2101403
65536,131072,n,40733207348,504420417,470993688,182695811,4383,2111
65536,262144,t,40736118934,504428774,471172873,516027583,4204835,4203837
65536,262144,n,40742016217,504426886,471158358,363720724,8806,6225
65536,524288,t,40765850980,504423203,471449770,707542551,8408972,8408532
65536,524288,n,40749987577,504418506,471086025,725603784,17689,15542
65536,1048576,t,40762363865,504428390,471841379,1414970053,16815973,16814411
65536,1048576,n,40768888717,504421105,471141747,1449475311,35441,33997
65536,1572864,t,40800315148,504428427,472677701,2121441760,25223986,25221685
65536,1572864,n,40797732677,504413282,471244264,2173042653,53338,53521
131072,16,t,40659123743,504424775,500220677,24194,306,279
131072,16,n,45512246078,504418857,500240833,24656,53,32
131072,128,t,40652650529,504421710,500207837,177887,2128,2082
131072,128,n,40661377689,504429401,500202826,174875,66,34
131072,512,t,40664307006,504419770,500285943,700185,8310,8232
131072,512,n,40640935213,504425475,500159285,1047300,69,29
131072,1024,t,40656141002,504423532,500268606,1417185,16517,16425
131072,1024,n,40661949119,504423120,500260534,1405031,101,35
131072,2048,t,40655245737,504424706,500241316,2782537,32971,32814
131072,2048,n,40664360643,504428052,500269057,2857738,139,88
131072,3072,t,40656806637,504418829,500247538,4201130,49346,49197
131072,3072,n,40658578145,504416016,500207475,4297808,169,105
131072,4096,t,40643232421,504424495,500286034,5636995,65778,65579
131072,4096,n,40665307955,504426800,500273113,5717662,193,125
131072,5120,t,40664307394,504422217,500211282,7037505,82216,81976
131072,5120,n,40658342330,504424285,500165536,7110473,255,173
131072,6144,t,45505125493,504421800,500286328,8468725,98662,98405
131072,6144,n,40654891921,504425973,500370627,8590214,269,170
131072,7168,t,40655497572,504388726,500163289,9856689,115072,114825
131072,7168,n,40664037051,504427132,500209006,10032758,338,248
131072,8192,t,41724200136,504386398,500163127,11173841,131468,131183
131072,8192,n,40653617296,504402729,500195440,11504419,357,259
131072,12288,t,40656722634,504428794,500228100,16874890,197165,196714
131072,12288,n,45504432357,504419835,500197463,17331872,495,298
131072,16384,t,40661571154,504430025,500230524,22412367,262869,262386
131072,16384,n,40671785504,504410380,500218860,22905645,616,196
131072,32768,t,41733595072,504397594,500235750,44642366,525602,524892
131072,32768,n,40648053914,504416231,500220248,45858308,1149,459
131072,65536,t,40646214886,504428484,500183643,89206122,1051028,1050134
131072,65536,n,40657902610,504422578,500192326,91749439,2229,668
131072,131072,t,40667096996,504422754,500170966,177152578,2102154,2101156
131072,131072,n,45517411852,504428903,500301921,183931492,4343,1390
131072,262144,t,40667343464,504427886,500251588,354339028,4204426,4203733
131072,262144,n,40675661601,504415632,500170080,362672801,8792,5959
131072,524288,t,40684950832,504391544,500171205,706927795,8408342,8407346
131072,524288,n,40681577492,504416505,500209941,725045433,18174,16623
131072,1048576,t,40712051972,504436283,500316940,1412508871,16816817,16815265
131072,1048576,n,40716228496,504421204,500147442,1446213902,35377,34263
131072,1572864,t,40737240574,504432713,500394026,2115778489,25224989,25222592
131072,1572864,n,40735057226,504422326,500265954,2169895261,52964,52986
262144,16,t,40630804001,504431692,504386419,25645,322,296
262144,16,n,40632994554,504424331,504376582,26661,73,39
262144,128,t,40630830230,504422453,504377447,181823,2124,2083
262144,128,n,40635277719,504418082,504371356,184685,64,36
262144,512,t,40625826391,504423570,504375844,712942,8303,8244
262144,512,n,40635555545,504415055,504368495,704168,80,37
262144,1024,t,40622666283,504424833,504376075,1409023,16546,16431
262144,1024,n,41725454902,504427444,504376687,1441800,103,44
262144,2048,t,40640015680,504427368,504381034,2796531,32931,32841
262144,2048,n,40644565682,504425345,504382001,3140273,130,67
262144,3072,t,40635765579,504419383,504377051,6058893,49345,49195
262144,3072,n,40635102950,504420775,504374111,4257768,169,69
262144,4096,t,40633693298,504419227,504374368,5576450,65799,65644
262144,4096,n,40628830019,504426042,504380762,5707438,206,111
262144,5120,t,40642624013,504420634,504374867,7060200,82253,82080
262144,5120,n,40637837549,504399033,504355465,7175966,239,156
262144,6144,t,40635140531,504403682,504359289,8426967,98676,98468
262144,6144,n,45478702141,504422469,504374574,8640776,280,209
262144,7168,t,40629469291,504425795,504381475,9834736,115068,114883
262144,7168,n,40635614568,504428329,504383595,10108845,309,206
262144,8192,t,40633263637,504425762,504382881,11193765,131499,131295
262144,8192,n,40632880447,504407529,504363486,11495338,360,227
262144,12288,t,40636925159,504385039,504343143,16871162,197217,196963
262144,12288,n,40635404739,504417733,504372975,17266725,484,282
262144,16384,t,40632147298,504427658,504385802,22547678,262904,262595
262144,16384,n,40631817994,504428929,504384867,23000746,622,185
262144,32768,t,40641649785,504431432,504391845,44702584,525597,525186
262144,32768,n,40636807291,504420941,504376419,45811433,1138,208
262144,65536,t,40627853720,504424062,504382290,89090786,1051112,1050551
262144,65536,n,40635737396,504418520,504373623,100892372,2212,610
262144,131072,t,40643074096,504428654,504387650,177056341,2102164,2101629
262144,131072,n,40635163386,504420222,504374700,182347040,4389,1962
262144,262144,t,40639942331,504429492,504386586,353007620,4204019,4203350
262144,262144,n,40649010515,504421560,504376432,363358309,8938,7734
262144,524288,t,40810506384,504428029,504382047,707045571,8408264,8407396
262144,524288,n,40658698544,504421109,504373969,724154042,17707,16415
262144,1048576,t,40687830035,504433646,504388777,1412048201,16816857,16815434
262144,1048576,n,40688369598,504420789,504374461,1446855010,35396,34590
262144,1572864,t,40714822800,504391773,504349948,2116402334,25224242,25222106
262144,1572864,n,40718650987,504423595,504382346,2168270754,52783,52769
524288,16,t,40636587183,504428894,504390779,26425,317,292
524288,16,n,40632509447,504420847,504381581,27231,63,39
524288,128,t,40639833519,504418902,504375163,185187,2119,2086
524288,128,n,40636023582,504419473,504376668,186905,61,34
524288,512,t,40629286071,504425247,504382640,714782,8290,8245
524288,512,n,40638187941,504400847,504359760,709225,77,38
524288,1024,t,40641160035,504421361,504378919,1421906,16513,16439
524288,1024,n,40642689417,504422802,504383176,1432868,97,41
524288,2048,t,40632716433,504421839,504380548,2792374,32938,32834
524288,2048,n,40629995805,504426626,504386498,2862267,136,69
524288,3072,t,40636942325,504411777,504371160,4246908,49398,49264
524288,3072,n,40635029906,504413324,504370976,4301075,170,91
524288,4096,t,40635657762,504420186,504378892,5628501,65826,65670
524288,4096,n,40630971453,504423816,504384815,5732729,203,36
524288,5120,t,40629490117,504424900,504383034,7043004,82246,82028
524288,5120,n,40632763174,504426213,504384374,7188100,254,141
524288,6144,t,40632314605,504426841,504382689,8527210,98670,98498
524288,6144,n,40632844076,504423495,504383493,8561759,292,168
524288,7168,t,40633931663,504427204,504386276,9770252,115089,114889
524288,7168,n,40631844705,504427341,504386500,10036208,321,210
524288,8192,t,40635735415,504420279,504381031,11215023,131514,131291
524288,8192,n,40641193107,504428006,504387718,11538359,341,204
524288,12288,t,40622314439,504429604,504391157,16796591,197162,196888
524288,12288,n,40635281605,504428166,504386628,17308805,477,262
524288,16384,t,40631898949,504423464,504383299,22426827,262867,262577
524288,16384,n,40637720732,504429252,504387495,22994148,628,214
524288,32768,t,40637065825,504383824,504346103,44750492,525597,525083
524288,32768,n,40623169511,504419139,504377663,45880994,1166,247
524288,65536,t,40638917127,504418687,504382163,89360900,1051178,1050540
524288,65536,n,45484829865,504427991,504377665,92103257,2250,865
524288,131072,t,40637177945,504428884,504389687,177207834,2102101,2101363
524288,131072,n,40643620532,504421041,504378389,182638216,4401,1866
524288,262144,t,40649764589,504418675,504378601,353073319,4204276,4203669
524288,262144,n,40644736958,504420689,504379044,363262488,8948,7509
524288,524288,t,40659331883,504427881,504388648,704623702,8408456,8407590
524288,524288,n,40654394408,504419583,504377619,723714598,17696,16536
524288,1048576,t,40690691867,504430450,504391506,1408457713,16817665,16816094
524288,1048576,n,40682491512,504419255,504377549,1444760719,35512,34961
524288,1572864,t,40706403964,504435091,504392369,2117668531,25224411,25222107
524288,1572864,n,40712766240,504422114,504379565,2167794423,52573,52665
1048576,16,t,27090018875,336285343,336259035,25555,316,290
1048576,16,n,27189225065,336282625,336253665,25774,62,38
1048576,128,t,27088589985,336283957,336255107,179284,2126,2091
1048576,128,n,27092446317,336284676,336256422,176611,78,49
1048576,512,t,27094946588,336284017,336254998,725412,8299,8234
1048576,512,n,27087699211,336283071,336254034,723210,78,47
1048576,1024,t,27090005254,336284356,336255963,1415035,16516,16420
1048576,1024,n,27089802902,336258411,336230857,1435180,92,67
1048576,2048,t,27088709288,336280363,336251773,2818887,32936,32846
1048576,2048,n,27080561129,336283784,336257052,2839318,130,38
1048576,3072,t,27088925176,336266893,336239262,4211525,49350,49269
1048576,3072,n,27088879562,336272722,336244478,4282837,158,34
1048576,4096,t,27094501428,336266242,336238103,5635170,65804,65694
1048576,4096,n,27094833690,336285846,336259729,5741479,207,47
1048576,5120,t,41034955093,336300816,336251140,6986777,82236,82088
1048576,5120,n,27086731416,336282841,336255726,7145253,254,154
1048576,6144,t,27086753407,336284571,336258392,8451579,98643,98444
1048576,6144,n,27082752387,336287167,336260995,8603603,272,36
1048576,7168,t,27094547995,336282252,336255571,9861124,115107,114926
1048576,7168,n,27084801990,336286101,336259642,10038619,336,239
1048576,8192,t,27092614268,336281957,336256278,11224321,131524,131281
1048576,8192,n,27088195207,336273998,336246904,11521745,352,279
1048576,12288,t,27819050137,336286579,336253742,16935654,197199,196969
1048576,12288,n,27084126352,336275713,336248816,17323526,472,45
1048576,16384,t,27086479814,336284432,336257166,22565782,262884,262551
1048576,16384,n,27099546380,336287275,336260615,22981128,623,80
1048576,32768,t,27088838709,336285029,336259975,45660431,525629,525124
1048576,32768,n,27095812735,336278229,336255371,46025152,1160,336
1048576,65536,t,27095835609,336282061,336254523,89243207,1051128,1050384
1048576,65536,n,27092073857,336280612,336252905,91700835,2207,963
1048576,131072,t,27091766485,336286006,336259123,177743883,2102133,2101276
1048576,131072,n,40727005380,336298325,336249013,182795195,4348,939
1048576,262144,t,27107019065,336261241,336234718,354004991,4204126,4203137
1048576,262144,n,27096822539,336281254,336252802,363244025,8884,7731
1048576,524288,t,27112240085,336261707,336235470,704230403,8408383,8407666
1048576,524288,n,27114873762,336280829,336251545,723562654,17711,16908
1048576,1048576,t,27157876121,336285966,336260822,1425428311,16816394,16813974
1048576,1048576,n,27138830983,336282535,336253377,1444672440,35256,32641
1048576,1572864,t,27184820319,336263709,336237466,2132042246,25224517,25221380
1048576,1572864,n,27166028911,336280043,336253433,2166899736,51685,51640
1572864,16,t,40627150534,504424237,504385085,25963,314,287
1572864,16,n,40634234918,504422512,504381344,28107,66,41
1572864,128,t,40629421882,504426102,504383129,186331,2119,2078
1572864,128,n,40630044888,504426989,504386119,190332,73,36
1572864,512,t,40630334483,504428067,504385118,747509,8306,8226
1572864,512,n,40633717309,504427022,504386269,745007,89,46
1572864,1024,t,40642648730,504428311,504387115,1451229,16517,16423
1572864,1024,n,40630150796,504425852,504386918,1457439,100,38
1572864,2048,t,40636454253,504396984,504356138,2854410,32936,32806
1572864,2048,n,40632261193,504423109,504384321,2908248,128,38
1572864,3072,t,40635643635,504425341,504384145,4300029,49356,49190
1572864,3072,n,40635659565,504429994,504386545,4380761,163,36
1572864,4096,t,40633179552,504425081,504385036,5709886,65785,65571
1572864,4096,n,40638067338,504399265,504360514,5819566,203,47
1572864,5120,t,40632600944,504419324,504378248,7095312,82211,81960
1572864,5120,n,40639324881,504428692,504389826,7240432,225,37
1572864,6144,t,40635087904,504419789,504381095,8535553,98630,98352
1572864,6144,n,40630876260,504429319,504393348,8690795,268,50
1572864,7168,t,45467339318,504421039,504380079,9936044,115038,114738
1572864,7168,n,40627298924,504427022,504384810,11162873,289,37
1572864,8192,t,40639235217,504427661,504386977,11367501,131448,131109
1572864,8192,n,40624135255,504414873,504379228,11533974,326,36
1572864,12288,t,40629019339,504422541,504383544,17102784,197171,196667
1572864,12288,n,40631492445,504430952,504392633,17355392,476,42
1572864,16384,t,40637640398,504396222,504357574,22633666,262828,262192
1572864,16384,n,40633046776,504417143,504377790,23026701,604,36
1572864,32768,t,40627906274,504424801,504386478,44966854,525610,525105
1572864,32768,n,40631939603,504421420,504378408,45984851,1124,78
1572864,65536,t,40637987169,504396187,504356103,89396512,1050972,1048917
1572864,65536,n,40639507967,504421599,504381664,91887060,2189,387
1572864,131072,t,40634846677,504426436,504387404,177833188,2102062,2100091
1572864,131072,n,40638146557,504417543,504376375,202038531,4308,885
1572864,262144,t,40637834931,504426285,504387014,354167697,4204229,4203423
1572864,262144,n,40643679622,504420659,504382566,363853608,8733,4409
1572864,524288,t,40667517757,504427660,504385884,705356968,8408316,8407117
1572864,524288,n,40662464984,504422126,504381522,721636415,18090,14649
1572864,1048576,t,40684190273,504399865,504361996,1408710671,16816852,16815276
1572864,1048576,n,40681211320,504424264,504381530,1443499867,35303,32740
1572864,1572864,t,40763337932,504429878,504393913,2161764647,25225029,25222853
1572864,1572864,n,40705665589,504420944,504381931,2168508571,50516,50379
