16,16,t,15291684006,746,552,25318,315,285
16,16,n,15252453780,486,267,24288,59,35
16,128,t,15239354782,634,261,177944,2128,2084
16,128,n,15233170191,581,256,174591,72,36
16,512,t,15274728518,775,489,758836,8304,8229
16,512,n,15182653592,833,631,681679,85,36
16,1024,t,15258890795,959,647,1363332,16509,16414
16,1024,n,15243536386,824,657,1370406,93,44
16,2048,t,15271565648,1023,626,2719409,32930,32801
16,2048,n,15248700086,1137,549,2739000,131,56
16,3072,t,15254173974,768,533,4079342,49397,49210
16,3072,n,15250314764,1613,1312,4127224,258,194
16,4096,t,15258666537,8353,8308,5393625,65785,65574
16,4096,n,15260702601,2247,2073,5492745,206,102
16,5120,t,15235403686,3544,3385,6738665,82202,81988
16,5120,n,15271377163,704,350,6854550,245,133
16,6144,t,15272111629,1600,1154,8078377,98654,98349
16,6144,n,15244751565,771,432,8218680,268,175
16,7168,t,15232773691,1913,1618,9428667,115117,114823
16,7168,n,15262527851,1195,863,9600044,394,237
16,8192,t,15248876168,1463,1249,10755897,131488,131200
16,8192,n,15256912577,872,370,11007263,339,118
16,12288,t,15279921859,1231,1041,16151319,197162,196812
16,12288,n,15251019066,597,294,16461443,482,203
16,16384,t,15274139368,2732,2186,21508847,262830,262425
16,16384,n,15262046343,969,720,21985661,604,280
16,32768,t,15241795166,1605,1539,43360789,525543,525369
16,32768,n,15539744478,738,258,43997426,1130,73
16,65536,t,15232426603,3872,3737,86190713,1051066,1050624
16,65536,n,15320847676,640,342,87556188,2166,237
16,131072,t,15233436217,5362,4868,171610070,2101861,2100174
16,131072,n,15267655120,525,368,175091371,4260,248
16,262144,t,15250283485,7517,7254,342532998,4203645,4202266
16,262144,n,15263366983,684,497,350216714,8372,996
16,524288,t,15244331965,16425,16318,683978923,8407216,8405782
16,524288,n,15241270883,947,609,700681949,16767,7497
16,1048576,t,15234492842,30328,30115,1366692901,16814045,16812285
16,1048576,n,15270352323,1689,1563,1401759082,33643,21366
16,1572864,t,15220530463,34217,33800,2048183191,25221563,25219363
16,1572864,n,15251609592,663,468,2102355401,49433,429
128,16,t,15418122547,18119,2057,23219,310,286
128,16,n,15416993784,125996,2051,24450,69,35
128,128,t,15417816724,9762,2193,180692,2117,2075
128,128,n,15288432177,236369,2052,174319,70,33
128,512,t,15423245544,22182,2052,700860,8305,8220
128,512,n,15417017074,29029,2050,683446,76,30
128,1024,t,15488657757,16409,2102,1387024,16517,16420
128,1024,n,15454785755,172943564,2051,1379879,101,35
128,2048,t,15419945285,39430,2181,2773754,32938,32804
128,2048,n,15478333344,143408,2058,2740939,121,26
128,3072,t,15417726707,58061,2231,4168603,49379,49187
128,3072,n,16062095852,94440,2192,4124472,174,51
128,4096,t,15304662385,26353,2061,5509105,65781,65593
128,4096,n,15423455052,140771658,2049,5484017,210,103
128,5120,t,15292781481,206087,2065,6885717,82208,81980
128,5120,n,15436570444,138258030,2051,6843751,246,124
128,6144,t,16063442379,264916,2051,8087877,98652,98420
128,6144,n,15421067481,11111,2049,8222851,275,112
128,7168,t,15417622595,77558,2054,9459431,115070,114778
128,7168,n,15422003527,18526,2097,9607007,298,192
128,8192,t,15414438178,331613,2886,10762120,131491,131227
128,8192,n,15286855039,28453,2569,10957493,340,196
128,12288,t,15420128850,26315,2193,17962152,197149,196763
128,12288,n,15287377947,300711,2827,16453102,480,227
128,16384,t,15420352460,55280,3056,21678064,262833,262413
128,16384,n,15404773796,138656538,4471,21896249,606,162
128,32768,t,15419893790,12927,2128,43392901,525565,525367
128,32768,n,15419488835,38432,2049,43792543,1137,58
128,65536,t,15398259514,13289,2140,86120598,1050949,1050395
128,65536,n,15420345472,30885,4561,87552892,2172,615
128,131072,t,15417123354,205917,2628,171430230,2101887,2100537
128,131072,n,15415289175,77207,3271,175087053,4237,564
128,262144,t,15418994084,39153,4698,342259733,4203695,4202752
128,262144,n,15402996678,220586,4703,350235932,8350,3139
128,524288,t,15417410748,322270,8279,683103631,8407221,8406274
128,524288,n,15394624462,52656,7359,700845424,16575,7546
128,1048576,t,15287436258,237645,7054,1366026747,16814213,16812592
128,1048576,n,15423545249,14259,6647,1401613564,33012,20981
128,1572864,t,16546618965,50777,7210,2047966527,25221175,25218840
128,1572864,n,15418413075,165151,2064,2103220087,49429,495
512,16,t,15828674579,503301147,8270,24152,319,293
512,16,n,15833294443,503242760,8517,24087,61,27
512,128,t,16570606629,503300213,8339,178510,2131,2082
512,128,n,15786552935,471936474,9170,176005,69,31
512,512,t,15835652747,503306292,8737,692372,8304,8226
512,512,n,15829099949,503314694,8898,683393,77,30
512,1024,t,15829324478,503300502,8840,1402608,16519,16417
512,1024,n,15828279375,503297415,8745,1405511,98,35
512,2048,t,15827689031,503286083,9089,2787510,32960,32815
512,2048,n,15793021691,471985232,10172,2758534,127,27
512,3072,t,15828177601,503253601,8503,4168473,49360,49197
512,3072,n,15794736738,471555430,9439,4203378,179,32
512,4096,t,15831998964,503250614,8890,5561519,65779,65577
512,4096,n,15793422994,475788950,8320,5493966,204,35
512,5120,t,15827536462,503279054,8682,6977421,82206,81969
512,5120,n,15831663215,503277168,8527,6847071,241,36
512,6144,t,15829308500,503299541,8281,8325314,98642,98384
512,6144,n,15826953961,503316315,8445,8229575,268,30
512,7168,t,15831962881,503283413,8261,9719905,115076,114838
512,7168,n,15826259131,503246817,8196,9575917,306,36
512,8192,t,15835023095,503138200,8562,11113045,131500,131309
512,8192,n,15827774727,503300695,8542,10963187,351,34
512,12288,t,15830395499,503298650,8246,16551639,197170,197017
512,12288,n,15817436007,483651995,8569,16459050,481,45
512,16384,t,15843863363,503203817,8637,21918740,262842,262574
512,16384,n,15835051941,503213589,8562,21929207,608,32
512,32768,t,15802135692,483646270,8554,43370808,525554,525398
512,32768,n,15829556414,503267934,8727,43779419,1127,32
512,65536,t,19442612964,502822503,13351,86158830,1050959,1050679
512,65536,n,15843816728,503295601,42490,87593747,2176,237
512,131072,t,15833932958,503290871,13203,171359500,2101895,2101685
512,131072,n,15842069015,503268695,41841,175158291,4248,453
512,262144,t,15831849666,503259275,41504,342389351,4203681,4203000
512,262144,n,15838543316,503292163,45017,350449138,8355,1818
512,524288,t,15844214770,503239720,52143,683454836,8407253,8406193
512,524288,n,15843563951,503271369,47526,700898201,16554,6139
512,1048576,t,15795036801,471856295,62902,1366351528,16814190,16812157
512,1048576,n,15793239233,475831388,33261,1401563111,33003,286
512,1572864,t,15832247028,503287023,9688,2048873286,25220315,25218441
512,1572864,n,15829045193,503312029,8716,2103058675,49430,503
1024,16,t,15827962586,503313222,18069,23205,318,292
1024,16,n,15834955118,503304623,17917,24479,60,33
1024,128,t,19790658210,503314854,17842,177244,2127,2082
1024,128,n,15840833395,503309470,18094,172114,66,33
1024,512,t,15842605792,503318584,18450,697557,8300,8223
1024,512,n,15828050033,503288389,17327,679636,81,34
1024,1024,t,15828015913,503314340,17970,1397717,16512,16421
1024,1024,n,15827106973,503313742,17808,1371332,97,36
1024,2048,t,15827390276,503312134,17097,3956930,32941,32800
1024,2048,n,15827559035,503316017,18213,2748774,133,36
1024,3072,t,15827949555,503297300,17292,4177343,49354,49183
1024,3072,n,15837859535,503307961,18271,4121342,164,32
1024,4096,t,15836143126,503311646,16830,5565084,65788,65579
1024,4096,n,15838319492,503278280,17876,5487881,201,37
1024,5120,t,15847065856,503305299,17170,6964490,82206,81964
1024,5120,n,15837386263,503295336,17382,6844416,242,42
1024,6144,t,15832888986,503309585,16801,8355855,98654,98383
1024,6144,n,15833473907,503242635,17314,8226847,271,33
1024,7168,t,15828057750,503307161,17363,9697214,115074,114810
1024,7168,n,15829279583,503293118,17716,9614099,316,42
1024,8192,t,15841763606,503304977,16435,10766020,131463,131250
1024,8192,n,15841284496,503289700,17793,10971480,347,222
1024,12288,t,15831973463,503309905,16391,16208714,197170,196877
1024,12288,n,15828270740,503312666,17870,16477970,476,38
1024,16384,t,15828111020,503307896,16482,24261941,262846,262706
1024,16384,n,15835666283,503312864,17416,21920567,609,56
1024,32768,t,15828029528,503296623,16557,43365998,525557,525401
1024,32768,n,16576263018,503344727,17793,43803593,1135,43
1024,65536,t,15853603698,503191098,25891,86057602,1050975,1050711
1024,65536,n,15838899783,503203593,45574,89497787,2217,1693
1024,131072,t,15830674554,503189210,54785,171466531,2101828,2101581
1024,131072,n,15850319946,503246608,140888,175668902,4244,1583
1024,262144,t,15844882859,503276570,109830,342602651,4203575,4201326
1024,262144,n,15852693962,503268680,145331,350931373,8349,1457
1024,524288,t,19796512037,503290980,59135,683512440,8407192,8405767
1024,524288,n,15851407198,503238056,148982,701204238,16576,13416
1024,1048576,t,15838185579,503162074,100171,1370049188,16814686,16813021
1024,1048576,n,15834967019,503231104,18543,1389300504,33000,30569
1024,1572864,t,15841754786,503202445,66154,2051950269,25220721,25219101
1024,1572864,n,15842266032,503232326,17293,2102829705,49408,43574
2048,16,t,15841005795,503265013,41231,24998,315,286
2048,16,n,15839462038,503281073,35588,24361,61,31
2048,128,t,15834862188,503258621,35392,174908,2127,2082
2048,128,n,15848740528,503255785,70802,184488,67,37
2048,512,t,15839947683,503288561,69159,702409,8308,8230
2048,512,n,15844511232,503301951,145231,711146,83,39
2048,1024,t,15844014413,503265071,104829,1407422,16568,16431
2048,1024,n,15839236333,503283477,129661,1402709,96,53
2048,2048,t,15856848806,503254843,112026,2767887,32934,32820
2048,2048,n,15844646542,503289225,119730,2801314,141,45
2048,3072,t,15840730573,503296964,75229,4134648,49351,49192
2048,3072,n,15852954225,503296660,196182,4247345,161,67
2048,4096,t,15852088044,503258510,105073,5487422,65783,65571
2048,4096,n,15840805607,503285740,93139,5705785,194,112
2048,5120,t,15861388706,503292079,100423,6868028,82242,82020
2048,5120,n,15845705944,503274756,36236,6864932,237,104
2048,6144,t,15845868569,503278907,38350,8367467,98670,98434
2048,6144,n,15835418071,503275736,36044,8232045,267,42
2048,7168,t,15867246939,503287362,93752,9571756,115057,114757
2048,7168,n,15831045033,503293563,37253,9598234,323,41
2048,8192,t,15834936496,503278614,37892,12311682,131503,131276
2048,8192,n,15846845098,503294172,58627,11052666,341,217
2048,12288,t,15836085492,503276133,36534,16539230,197174,197094
2048,12288,n,15835794046,503291284,36623,16434518,485,46
2048,16384,t,15837210514,503276527,35879,21879629,262842,262723
2048,16384,n,15831258080,503288953,37757,22284079,625,581
2048,32768,t,15837433006,503307521,35790,43318861,525562,525393
2048,32768,n,15848175609,503298509,153326,44402407,1117,134
2048,65536,t,15851236602,503277033,157824,86347958,1050982,1049803
2048,65536,n,15851364989,503290731,144625,87894604,2181,313
2048,131072,t,15850389494,503309457,102255,171589866,2101853,2100744
2048,131072,n,15847254233,503243104,227131,175785403,4261,1170
2048,262144,t,15848036535,503275857,175067,342355909,4203705,4202767
2048,262144,n,15846836915,503288326,202895,351089468,8368,2478
2048,524288,t,15845074256,503285341,129364,683090637,8406960,8406202
2048,524288,n,15850327641,503295955,171024,701114118,16589,13743
2048,1048576,t,15852893632,503288118,126283,1370341480,16815013,16813314
2048,1048576,n,15837764435,503236010,80689,1401567572,32996,30665
2048,1572864,t,19469630998,503305088,113573,2051960738,25221046,25219047
2048,1572864,n,15838350113,503288892,48275,2102565102,49417,34604
3072,16,t,15853707511,503287762,204744,24025,315,287
3072,16,n,15863076327,503291211,237575,25207,64,37
3072,128,t,15901304720,503294281,649485,179587,2137,2090
3072,128,n,15854088723,503300206,158307,180226,70,33
3072,512,t,15870291819,503308546,224470,691315,8310,8233
3072,512,n,15848270405,503306831,168628,705900,79,44
3072,1024,t,15859698695,503289771,110122,1410344,16513,16415
3072,1024,n,15845417026,503291626,106664,1444752,82,30
3072,2048,t,19242860799,503309910,91319,2834159,32927,32807
3072,2048,n,15841715029,503293577,89965,2856917,121,39
3072,3072,t,15853160867,503294506,208736,4157831,49339,49191
3072,3072,n,15845990104,503295360,139421,4249908,163,79
3072,4096,t,15848635381,503275708,67401,5619548,65800,65643
3072,4096,n,15854386045,503269583,90015,5501150,196,154
3072,5120,t,15843530195,503274036,76958,7001156,82221,82047
3072,5120,n,15836620231,503277538,79453,6807532,231,56
3072,6144,t,15846534140,503287789,75411,8395835,98657,98541
3072,6144,n,16579233695,503314923,211394,8255077,282,57
3072,7168,t,15868632664,503292552,281019,9687158,115058,114801
3072,7168,n,15845392831,503320566,86323,9780134,316,106
3072,8192,t,19690892338,503313583,168298,11049116,131497,131286
3072,8192,n,15867070343,503295458,106160,10964186,347,42
3072,12288,t,15855171828,503275151,187298,16516621,197183,197095
3072,12288,n,15857408107,503297131,76892,16441211,475,168
3072,16384,t,15848003631,503310985,153397,24283079,262868,262720
3072,16384,n,15851746171,503296495,79685,22092810,599,70
3072,32768,t,15852490703,503292504,109337,48204397,525568,525458
3072,32768,n,15863400764,503307025,303094,44313403,1148,281
3072,65536,t,15871230771,503294838,177305,86225787,1050974,1050275
3072,65536,n,15865123971,503298873,225517,88309747,2192,303
3072,131072,t,15849011161,503299335,159939,171650848,2101810,2100947
3072,131072,n,19829563739,503315045,252758,175878076,4271,2205
3072,262144,t,15889073863,503308746,525477,342626322,4203669,4202575
3072,262144,n,15857930753,503310791,267077,350980498,8358,2484
3072,524288,t,15850725139,503290452,205718,683537696,8407091,8405758
3072,524288,n,15858868916,503313639,269798,701048344,16573,8341
3072,1048576,t,15859562709,503266595,218922,1365854574,16813565,16812265
3072,1048576,n,15849014082,503283547,93925,1401846068,32981,19020
3072,1572864,t,15871014744,503284520,395308,2052752681,25222200,25220175
3072,1572864,n,19849902431,503309136,373823,2102023419,49474,49210
4096,16,t,16615366703,503508345,343542,24288,318,288
4096,16,n,16002665255,503493066,1003047,24152,59,32
