2184193996 2183465059 2183726013 2183233894 2182806801 2182503560 2182383439
4664197858 4662198389 4671267364 4520835916 4644589171 4641687446 4643226391
4822231004 4820743454 4820092428 4812280608 4803718386 4800307107 4797412336
4823790045 4822686537 4823163273 4812776033 4804587130 4800048522 4799307460
4825184762 4826117465 4824700606 4814209733 4806011134 4802346618 4799828106
4834534166 4834137324 4832175280 4821531424 4810321032 4804868208 4809681255
5008019723 5104650846 5048280231 4973827756 4851656226 4902604753 4849731956
5520354511 5585149376 5410473458 5459306708 5251268919 5212638236 5165064867
6545704646 6514545908 6489950748 6283363096 6014799432 5933261474 5903060965
7909030963 7899192212 7823873212 7513067254 7121986081 7103520091 7008785948
12999686636 12950609871 12896564161 12287747497 11742980171 11437327655 11246355107
15973314708 15941259244 15906215871 15140761447 14559386730 14135167504 13864424424
20492550341 20439804435 20494881465 19566840126 18939426766 18394818481 17945582396
22474049967 22475131937 22594653750 21681254441 21124544764 20481690632 19940119806
