3191 2359 3308 2836 2244 2191 2181
9515 12111 8852 9178 8603 8802 8315
17466 17816 17909 17499 17383 17786 16743
40222 37120 39918 35009 35428 35987 34705
59612 64144 63917 58447 54845 54377 53873
155265 260948 235802 207491 187806 108731 117850
7168401 11487015 8316719 6377872 1110679 4182906 1575154
30682993 33773430 24911006 29991515 21019333 21316142 16832637
85085137 83115271 80806927 76727214 62685964 61830688 59515413
162088073 157867702 159020537 147800541 129525221 130414927 127619840
461070605 459392444 457567210 438942472 418949325 408350649 402955868
630751879 630024128 627261368 608183570 587264884 576144749 570129845
883349881 881751304 879927148 861539061 841972648 830672676 823338667
998368867 996581321 995226383 984773933 970159753 959184476 951492202
