681457493 740237967 647300990 708385889 646383829 645184445 645909217 653186814 725566713 651759556 736077129 766941464 768024134 649252270 651720312 766824382 761003714 749551282 748095225 718269352
1091119060 1091051311 1090966368 1091022532 1091087033 1463003914 1091057569 1505732927 1091245820 1461717519 1091117613 1091167383 1091036153 1091042585 1091246418 1091285380 1463107007 1091256573 1547969595 1091706779
2396426675 2397009094 2397019132 2317665093 2396993054 2396439661 2396974104 2396936831 2397016375 2316892566 2396987261 2396448947 2397067003 2397079983 2319429511 2397650542 2398121961 2398627066 2399689426 2321646645
2397167743 2397143420 2397152029 2397133438 2397131211 2397082360 2397091214 2397101868 2397085425 2397119184 2397094239 2397105193 2397132769 2397157850 2398039673 2398305086 2399242172 2399594852 2400171643 2402427168
2397489862 2397424656 2397458940 2397417497 2397416675 2397394605 2397403217 2397458197 2397369721 2397398524 2397382037 2397432302 2397403340 2397511195 2398494209 2399731840 2399426362 2400058479 2401521448 2404115411
2397792770 2397911154 2397800535 2397989117 2397725560 2397824723 2397760708 2397808703 2397782592 2397813698 2397804514 2397790968 2397836754 2397911276 2399768197 2399742071 2400739770 2400238098 2401974408 2404389318
2399240137 2399102678 2399562232 2398979350 2398953400 2399025072 2529032715 2398924831 2398918371 2399181188 2399222374 2399084466 2398957536 2399071355 2401831381 2402260528 2402184608 2403622582 2409413366 2414121121
2748910533 2631128374 2736221991 2731345667 2626174707 2735859420 2452698061 2625853807 2849007496 2628974158 2408760380 2649843073 2638092067 2956472016 2531530265 2851955877 2546488693 3115896809 2797810413 2588214318
3001805686 2751003088 4114753258 2703501602 2800596796 2775412496 2735897592 2706419295 2729429363 2739338235 4042348395 3772626694 2747420104 3909453475 4212900059 4104385309 3742561492 4104806917 4313158960 4396648735
5180849050 5338885194 5052435867 5169267173 5419062933 3171917034 3149769791 5362454867 5152769512 3003051612 5469890506 5299756222 3030751964 3084132382 3053070583 3020282332 5143856411 5174160094 4774189579 5068357049
3471309674 3506365037 3514598973 6766142042 3443534209 3520301104 3565725760 3576534335 3546940261 3558068025 3615017480 3570056128 3700037771 3467926077 6900014288 6556958293 3485704915 3566416486 3564058082 3916182413
5386394166 5401005072 5430673862 5418540206 5430765946 5440262803 5451105510 5431100383 5417808998 5410423704 5443397813 5427604191 5438020941 5433986710 5440581034 5438066370 5443025711 5468160491 5492042253 5524199750
6607921925 6606017466 6616372616 6611821491 6618432481 6604483711 6602245113 6611031653 6601318310 6603224593 6623102914 6627461876 6615991006 6627184531 6629258759 6632643463 6637934406 6646515666 6690018884 6724807166
8503953866 8503564739 8505782914 8504331511 8507152323 8513731689 8500934521 8502661598 8492367722 8508932215 8503601877 8512360673 8492943671 8499085235 8502861487 8507710510 8524127351 8527085804 8575246207 8597301167
9451424731 9447607020 9446346466 9461119791 9457355684 9447282874 9446267045 9458437291 9447945610 9462030439 9450448935 9451626885 9458795692 9448554149 9443431621 9457564581 9467332092 9482600939 9515603004 9542673523
9934082350 9923812271 9928491717 9926937103 9918678436 9918308975 9925814273 9923279532 9918346551 9919916059 9926777529 9933717088 9928875968 9929976523 9920590674 9925683380 9936885172 9944063982 9974294853 9999193905
9997873993 9977730422 9992053209 9990260120 9977818705 9985434220 9993236725 9985758178 9998188899 9983400534 9985231055 9986402161 9983718244 9985027707 9985353227 9984795994 10003809735 10007830534 10030429143 10067060530
9963065720 9962251980 9962127670 9954894030 9963098526 9969378622 9963014188 9971200586 9977349464 9961658189 9969727585 9964961053 9969651735 9966118606 9970371013 9962915212 9967697886 9983971527 10022195694 10031564145
9962759825 9947824002 9964761722 9955862387 9957024523 9970789781 9959067599 9957198079 9958503325 9949035428 9959476961 9947319178 9966037386 9958650004 9962497327 9965619952 9983112962 9984767793 9991564637 10027190196
9958062751 9965985001 9963429005 9959639313 9960493987 9958265797 9948217906 9965908025 9972342354 9972173687 9965231416 9948897043 9963591343 9967740226 9968130910 9972027840 9984567672 9988682013 9997714315 10023325643
