638244535 772060185 642793858 644946233 641896610 647629024 648943076 640897688 761217512 639943244 645273526 647712452 765942103 643825144 641420509 643256980 643471539 648629510 729108529 649455832
1091147012 1091129181 1091161921 1091074489 1091193160 1505315444 1456208011 1461827728 1091357282 1090839063 1091165793 1091224598 1091190458 1091127178 1091093530 1091186098 1091400863 1091120569 1091176690 1091333160
2396944893 2277131313 2396987467 2396964231 2317361909 2397006757 2396982592 2396990358 2397045998 2397351492 2397279593 2397339128 2397344614 2337982430 2397380665 2397677023 2397409741 2398248494 2319342015 2398894799
2397187972 2397118978 2397174942 2397145035 2397146715 2397130492 2397151407 2397165977 2397175383 2397170891 2398359236 2397164104 2397144521 2397570213 2398621229 2398726106 2399302653 2400017431 2399691604 2399130828
2397483834 2397457585 2397476729 2397505887 2397458288 2397437645 2397450724 2397452404 2397489364 2397457452 2397539953 2397490536 2397535168 2400829052 2400720393 2400319410 2399568798 2399850525 2399957137 2399501221
2397888348 2397871496 2397819043 2397848609 2397850121 2397866980 2397820726 2397875687 2397821107 2397829714 2397891986 2397905999 2397845175 2399070488 2399822928 2400823042 2400194785 2400964460 2400796840 2399949636
2399008512 2399040205 2528951265 2399004681 2399068540 2530370845 2399452209 2399024462 2399027414 2399770610 2399026051 2399015059 2399162701 2400912448 2401790342 2401359583 2401948088 2402594217 2552855693 2401614454
2624453029 2846453509 2522148661 2622338047 2626612988 2869169470 2830843111 2840241363 2851394463 2723753635 2801551496 2508993479 2968835105 2501721687 2900931756 2975315120 2565009327 2981379931 3076496350 2875129360
2736938649 2758473303 2736842047 2820959405 3917660812 2743014361 2740320635 3879314456 2754983651 2790237541 3696484209 4085536663 4057363760 3867289958 4205951154 2678391483 3930603841 3580483937 3955367707 4157194838
5628852367 3218707653 5398601522 3123407537 3222666585 3186294990 5104636005 5557691215 5507588993 3103324426 3111079470 3070596060 5118250120 5005624691 3012257711 5118071629 5442033900 2960211825 4873765645 5093957221
3602235328 3426852213 3460434349 3514379205 3517433602 3532771435 3537632888 3543990880 3549921601 6614991947 3571616725 6639719152 3650773349 6788945140 3501207263 3494405052 6659835633 3497350635 3513912867 3541706184
5404485820 5421315952 5421256742 5430530086 5409728508 5411246146 5432253251 5438312830 5425580430 5434124299 5411429762 5431668588 5431510235 5444803137 5410557906 5460639813 5463980932 5416188534 5462788022 5493158260
6606638518 6612773572 6606940235 6600637587 6601809685 6616046499 6609329760 6617609175 6609222368 6641946012 6638574009 6617584623 6645519455 6628219604 6620509089 6636626734 6638022441 6628866521 6664214284 6681698989
8498220889 8512653140 8506456494 8504142212 8512781835 8491875204 8501319257 8501464448 8520473025 8504272245 8509427854 8499452989 8501598891 8512652060 8505187582 8508917233 8515520360 8521309128 8557893549 8561783978
9448131031 9452087077 9455553788 9453118624 9454405205 9453314480 9445664047 9440254715 9454612928 9448537086 9462199827 9452455970 9457680886 9447528413 9450533324 9449192583 9463588274 9476450009 9492356543 9525694299
9919340808 9922308457 9921215028 9920874860 9930957878 9929479898 9927810372 9920850451 9919154964 9925768470 9920033865 9927265648 9921653600 9917719767 9926138994 9933679103 9939844893 9947434323 9973285301 9992233104
9986666022 9990172332 9986488500 9986003955 9985439632 9985783659 9984296452 9985419619 9992018642 9986121918 9985317086 9987128575 9982995562 9990548027 9994802798 9989985311 9996688674 10019508450 10030867615 10056344386
9963269193 9962715561 9963818218 9970773932 9955053647 9963309229 9963495949 9963734479 9969655368 9975418123 9962352690 9976609440 9965946192 9964090689 9976316541 9976386398 9989316300 9999794682 10003155041 10032045292
9969941275 9969831525 9957905241 9946875619 9948075723 9963991163 9957209245 9948317969 9959539881 9958747687 9961454213 9962639125 9957132928 9963591332 9959580289 9963432463 9977963304 9973851611 10013180671 10027697341
9965532291 9960433768 9957738603 9957081503 9948530018 9973065174 9959009521 9964916548 9961589157 9949550083 9960417880 9958925983 9965721696 9958354121 9961666806 9956345725 9976642306 9989350801 9996280204 10028286621
