22866 172028 694129 1375183 2828270 4065181 5414047 6730301 8128180 9428506 10801043 16148811 21478199 42867429 85831714 171658020 342672752 683755550 1366501870 2048992780
23640 172550 696115 1362610 2719689 4074589 5401956 6746747 8086561 9421740 10776250 16179663 21486736 42905621 85814402 171573311 342444011 683728937 1366343121 2048468469
33053 178400 697136 1377537 2734206 4061623 5413869 6761883 8100245 9446748 10757006 16133422 21518346 42858069 85857213 171521165 342443055 683739234 1368594909 2048992306
25360 181324 707804 1370488 2759022 4096449 5430708 6749480 8134405 9492069 10830130 16179353 21624377 42981062 86033890 171791525 342724950 684076902 1366757511 2054853500
24115 177534 698539 1401472 2762371 4136140 5484781 6906117 8253890 9562781 10914352 16439369 21836341 43501022 86769057 192220654 343989797 685457258 1367815527 2048940369
26378 174179 700085 1402784 2768134 4139917 5547806 7115297 8306802 9624153 11050110 18401946 22074752 44117548 87233971 172303543 345952845 684093101 1367887136 2048895275
23824 180639 702021 1383927 2778380 4147836 5558613 6874602 8335560 9692283 11096382 16549081 22144570 44257463 87350972 172537099 343404783 689259043 1367767416 2052507994
23285 179004 687594 1529581 2777316 4165272 5546501 6906309 8301766 9684545 11105873 16651001 22179025 44418947 88021313 196196992 349932678 694787110 1380935478 2065528178
27531 173706 704991 1368433 2761196 4190519 5535934 6959196 8304638 9695468 11088036 16601832 22151643 44363824 88918719 177173021 351758424 693924420 1392304494 2078427430
23704 179605 691986 1363293 2751875 4151672 5558822 6925790 8358928 9697197 11114246 16693767 22209559 44457605 89072043 177384630 352791587 701820940 1398334174 2093221188
23436 173864 698201 1414248 2771497 4142374 5556300 6907709 9244962 9705959 11126768 16632553 22258209 44543640 89011756 177633614 353707698 704364578 1404787089 2104641198
22684 171521 710869 1404593 2783861 4179802 5579256 6970042 8302950 9657726 11092048 16591627 22209214 44423576 89114262 177803055 355089943 706109615 1414326151 2120864901
23884 171446 696459 1388507 2764743 4136427 5582785 6908398 8303143 9710551 11068825 16652536 22228682 44666822 89257319 177999129 355525525 708623201 1416211129 2123874982
25140 186214 696794 1404176 2789630 4197975 5584693 7003567 8367540 9788181 11188766 16660245 22240140 44493601 89246061 178775263 355401368 789120056 1417180227 2124320079
25365 177382 708008 1583272 2800917 4185934 5579905 7767093 8408415 9764265 11247851 16842695 22397425 44582748 89352344 177975726 354940001 708288684 1414291073 2364136626
22642 179017 697313 1568312 2797192 4257655 6236018 7058700 8408874 9885612 11223224 16866060 22423402 44715336 89007029 177859545 354317189 707302605 1413011343 2118682668
23175 185416 706041 1408527 2816401 4248998 5623125 7020512 8441687 9837449 11312799 16860306 22381871 44702304 89261165 177403467 354055633 706359767 1411720390 2114657020
25259 183295 713767 1426740 2818442 4277157 5639678 7042675 8471288 9867239 11227055 16862575 22525220 49486548 89048523 177496102 353212017 706579355 1408709394 2112081421
29496 181398 712365 1419525 2828397 4219886 5627936 7088122 8456127 9856091 11216985 16868870 22437299 44816552 89337143 176994242 354047977 706130383 1395778504 2132420176
24857 181709 723214 1473703 2872380 4289653 5677798 7105092 8519505 9934148 11364322 17010493 22618699 44961846 89703028 177570222 353860879 708131528 1401900795 2379061490
