8158 56620 213531 430022 849790 1269151 1686988 2126707 2555140 2990028 3400709 5104799 6782325 13508653 26792942 53477797 106668427 213070522 425852713 639064479
8269 53631 212811 428442 854023 1266331 1704088 2133572 2561590 2970836 3389207 5068699 6831908 13493841 26772711 53476412 106707809 213097101 425554974 639041376
8314 54801 213751 433722 853384 1265387 1698919 2128560 2554000 2990186 3387326 5080821 6787432 13611452 26796163 53453070 106622709 213199256 425606396 638966125
9633 55139 213920 423517 846631 1272579 1707682 2125198 2552688 2985405 3410483 5108557 6798623 13457406 26752391 53455650 106687552 213087509 425696298 639020302
8943 53747 218668 425996 846481 1267873 1705197 2130375 2548386 2985997 3414156 5070016 6803590 13483642 26903633 53455332 106723620 213017373 425633054 639050049
8739 54037 213621 426810 847460 1276174 1699403 2144398 2536563 2981496 3405376 5079278 6824745 13511019 26836793 53389313 106697911 213023313 425781565 638796964
9480 56656 216558 425277 858118 1277600 1695251 2123966 2556216 2978147 3422446 5105265 6807346 13510751 26816163 53450577 106652756 213016054 428665361 638639363
9142 57905 218420 431354 866691 1300884 1739569 2180510 2610233 3030585 3468307 5180702 6870655 13695800 27348724 54561256 108680986 217459246 435611543 649973770
9371 57360 228439 459022 920828 1376164 1786368 2262722 2699670 3396575 3630113 5359157 7137088 14163125 28018825 55919611 112096376 221238283 443186966 666219929
10838 57496 220269 441439 884096 1476269 1925627 2300040 2799978 3365180 3640647 5427754 7292270 14454369 28656676 57008968 112559359 219663883 447858658 671004849
8568 62706 223775 453127 892771 1342954 1785497 2562390 2976132 3275541 4112571 5574393 7679583 14451046 29080716 57492787 113071757 221082761 441274651 660237200
9686 58901 228022 458000 902880 1336527 1784367 2258872 2697344 3237481 3607289 5391339 7193340 14435597 28632826 56940941 112073828 222204039 440912894 661890037
9054 60629 229819 467066 894544 1333829 1807035 2232328 3002584 3525198 4049789 5410952 7230117 14419886 28747527 57215900 112963494 223168394 444448764 665375080
9006 58135 230564 453485 893259 1341504 1775983 2248418 2703218 3147599 3577416 5421191 7161798 14405121 28693702 57187735 112724870 224059813 446323373 666018650
9337 59320 229338 453024 915487 1372371 1781966 2242014 2705109 3145006 3613448 5398611 7208591 14382960 28788128 57292124 112759384 223474047 444966762 665864493
9828 57908 231327 457518 901247 1340808 1796102 2264881 2739274 3173758 3609305 5481938 7227932 14453979 28735954 57280621 112563844 223392185 445547663 668290072
9586 60037 230225 454730 898299 1364344 1799831 2266723 2741896 3205337 3657408 5465553 7291304 14501036 28708190 57301622 112789874 223839936 446187914 666814273
9687 63691 238394 459353 907271 1356844 1816844 2255313 2731880 3227111 3675107 5492044 7285535 14593991 28884761 57455866 113268997 224013176 446670138 667422578
9178 61013 233229 458310 912231 1371562 1808282 2269368 2737523 3219316 3647953 5490485 7331473 14624179 29319507 57843466 113128412 225102191 446381201 669071132
11098 68535 254111 502206 968486 1417565 1896490 2361939 2779598 3262768 3756510 5560107 7432567 14782160 29358817 58113670 113394096 224348825 446762656 671108205
