973 870 437 607 632 437 680 560 476 458 1277 1359 421 654 392 457 733 895 1012 266
4439 3589 2151 3160 3461 2971 3314 2256 3684 3022 5999 2462 3821 2960 2578 5597 3909 6910 5845 2184
22393 26876 25316 22671 29738 25935 29358 24111 22286 19354 27891 23487 25328 29009 28445 35180 38016 44447 49459 8210
69015 67773 74583 78045 72706 77731 72228 73124 66062 74647 77324 79846 79800 85440 88110 97364 122445 133605 116947 16825
109770 206607 242252 210500 188833 177585 218985 194630 194990 222195 216037 189233 188029 153388 229864 261834 220933 203340 320705 34913
146967 353170 193165 235712 386783 291912 284809 269140 648659 394882 274076 257237 260966 252606 320539 414500 272651 295116 257075 55852
17590709 468437 1654457 4896870 2760357 4448347 5460286 315278 564795 4724351 366850 9683473 878269 324774 2712615 3559702 4158526 337841 6421147 2950640
14167702 7994362 8937174 5759383 5151912 10333130 8207782 4786882 4712649 6347774 19547862 10034879 11164742 7568218 5214167 5847155 24543816 10397129 27308946 8925435
20986198 21847894 19586531 21371066 17780519 21421961 27542836 24560238 21762815 26181592 16858987 22646525 23897115 25314691 20867042 25189013 24782513 24124061 21454536 17171185
41368249 36996909 40279900 43093044 45909819 39225013 43961041 43374605 40697114 42017093 41327476 39681041 45663624 45234398 40344024 40939946 43205198 33443033 39183528 39823868
68338916 72678279 71580539 73975520 70264926 74189588 71797821 74418357 76295060 71787325 67550242 72843704 72517086 63829961 65776203 76228439 69703026 70241591 69380179 72351295
200085600 200891964 199574528 199666654 200724079 199795283 199828146 200338406 199495767 199313144 199443651 198848347 200198797 199616191 200096402 199899590 199370067 199577567 201055040 200129122
281768298 281700142 281649854 283356305 281363339 281607796 281598801 281644337 281865431 281404648 281395370 281837410 281888948 281979712 281822706 282324477 282481596 281597895 282487989 281493933
407177209 407160070 407345439 407499104 407235025 407305568 407159745 407461029 407232252 407146808 407358489 407487642 407448803 407402895 407523501 407415576 407376640 407448486 407221337 407095493
471043557 471008219 471122539 470947165 471140522 470967834 471130272 471400490 471021454 471009773 471057535 471291134 471117248 471266114 471191809 471210484 471110406 471055801 471078295 471079977
500139103 500237424 500274757 500290935 500151850 500258378 500261469 500212360 500229659 500270258 500312474 500239802 500283550 500207131 500282610 500231104 500202260 500253291 500189484 500182856
504386449 504375490 504373360 504381819 504377365 504384749 504379034 504382736 504381875 504386247 504377558 504370256 504378835 504374995 504369828 504376376 504373750 504375951 504373997 504376529
504379825 504380495 504381177 504388989 504387862 504373292 504385379 504385753 504381094 504360635 504389142 504384403 504384496 504382501 504377441 504380390 504381508 504377945 504380873 504379886
336254773 336254081 336253777 336259826 336252720 336255334 336245367 336241666 336259157 336244243 336259182 336258380 336247474 336254287 336253095 336253048 336253264 336253609 336253471 336255772
504385468 504384678 504387153 504380957 504381308 504385587 504364999 504361903 504389273 504389458 504386760 504375479 504387782 504383017 504381735 504381642 504381383 504379866 504378214 504378936
