257 422 543 660 536 587 655 948 878 1060 1045 1249 1281 1892 3913 5298 9449 16275 30533 102970
2049 2051 3156 2591 2428 2049 2168 2050 2049 2049 2206 2052 2206 2193 2620 3663 6450 2110 8490 2121
8273 8579 8361 8199 8194 8269 8196 8197 8197 10927 9539 10147 11571 11956 21456 29815 46569 49313 52466 60797
17577 16640 16674 16769 16565 16502 16403 16386 16422 16468 16389 16649 16396 16453 59897 73803 118212 110811 82889 131641
35952 33501 33975 34113 33637 33905 33902 33354 33333 33568 33294 34016 33200 34475 90476 161986 119559 130234 157204 200372
53072 54561 53161 64287 52252 54265 53319 53895 53516 53546 52180 53394 54990 55027 162463 152860 194740 129369 176099 203341
82995 81656 109472 80076 75884 84622 8430978 75999 76508 90528 89065 80534 75801 76396 243759 257160 228141 275141 506341 641151
21738210 14288637 20959211 20560859 14016901 20961790 2591853 13952165 27728327 14067057 160336 15277688 14639920 34970652 7283056 28221384 7433213 44146841 23894758 10124372
35678691 21356630 108481510 17608870 23130606 22409418 19506378 17930447 19512223 19808770 104556737 86999009 19445197 95786954 109404546 108730401 80765394 108407464 117394310 124497790
173302832 185622783 168344134 172663617 189301969 46253956 45147145 188863417 174893442 35757152 191480496 181175844 37392997 41079571 39065692 35724248 171781801 175360943 147530182 167098584
65641060 68215891 68577308 279353385 64160870 69114723 72016213 72925001 70420139 72870750 76318396 73533449 81699797 67653446 287169476 265872330 65816015 71853956 71115263 91055505
197518460 198210554 200010272 199692032 200024101 200416104 201363506 199909200 199620893 199072735 200342663 199576034 200552435 200216400 200471675 199610122 200588322 200746192 201907181 202501312
280466993 280361193 280176115 280334934 280231152 280258187 280303504 280490557 280280897 280487461 280638383 280230777 280454113 281052470 280746580 280748583 281004645 281137161 282352389 282831243
406622682 406331442 406436824 406552970 406487920 406464116 406398190 406438027 406356929 406773098 406607092 406841462 406378501 406496959 406409281 406457151 406662418 407225106 407618244 408580039
470549524 470570189 470686748 470835714 470790098 470626727 470625008 470698078 470616695 470804745 470664869 470562528 470721285 470562118 470632528 470651245 470904782 471125308 471719965 472206078
500071970 500078385 500062700 500057936 500111456 500122464 500089987 500123278 500066006 500080710 500083929 500070160 500143812 500115720 500104856 500112598 500154797 500214527 500397878 500528769
504375250 504375787 504362735 504377503 504374519 504376018 504368993 504379128 504374268 504377124 504375183 504380874 504379811 504377378 504393078 504410018 504448918 504450743 504536666 504639532
504380476 504377699 504377398 504379067 504379898 504383182 504379595 504375480 504380996 504382160 504379382 504378790 504380996 504382164 504386515 504403972 504449425 504450168 504539485 504528059
504385798 504384686 504377853 504378213 504380858 504377748 504381576 504380598 504378539 504383415 504381491 504385709 504374324 504379017 504396686 504408917 504440531 504470722 504460412 504507467
504386239 504379075 504382283 504379878 504380789 504381382 504380842 504378232 504381468 504382160 504379042 504383604 504384095 504372994 504398204 504393975 504406738 504436921 504458978 504489344
