293 2086 8265 16471 32871 49278 65686 82102 98492 114891 131343 196930 262475 524876 1049500 2099734 4202150 8407680 16819504 25224570
287 2080 8229 16426 32815 49182 65598 81970 98346 114736 131115 196649 262200 524356 1048720 2098309 4199538 8403061 16810320 25217426
291 2081 8227 16420 32800 49194 65579 81952 98337 114743 131105 196664 262188 524395 1048845 2098350 4199816 8403442 16810029 25217228
288 2081 8229 16426 32804 49182 65608 81976 98344 114731 131125 196647 262198 524419 1048962 2098978 4200825 8404098 16811024 25217177
293 2088 8231 16414 32809 49198 65577 81974 98344 114733 131138 196659 262231 524509 1049325 2099412 4201358 8404728 16811616 25219380
290 2086 8227 16421 32824 49200 65614 81973 98370 114742 131182 196682 262289 524688 1050173 2100204 4202085 8405196 16811726 25219300
287 2084 8234 16422 32824 49204 65639 81977 98368 114819 131199 196849 262389 524917 1050063 2100851 4202471 8406078 16814287 25223193
297 2090 8237 16435 32858 49384 65675 82105 98605 114999 131234 197055 262711 525675 1051908 2103091 4204744 8416295 16832671 25227716
297 2108 8247 16533 33203 49313 65953 82022 98609 114893 131438 197167 262753 525767 1051895 2104448 4209492 8421150 16845480 25266297
295 2097 8231 16453 32870 49206 65718 82229 98654 115070 131358 197281 262633 526474 1052698 2105743 4204467 8425771 16837681 25219710
297 2082 8227 16433 32824 49241 65691 82025 98440 115019 131491 197092 262795 526514 1053843 2102119 4212222 8423995 16840618 25224265
293 2093 8230 16436 32803 49188 65588 81972 98399 114788 132269 196923 263610 528451 1056491 2111094 4220551 8437452 16878598 25315163
299 2089 8231 16425 32801 49206 65586 81977 98402 114810 131197 196939 262563 528088 1057141 2114772 4227418 8451598 16901200 25350597
300 2072 8227 16425 33182 49191 65580 82112 98686 114982 132023 197863 264461 525299 1060474 2118558 4240013 8478554 16953436 25436440
288 2081 8228 16644 33481 49877 66184 83611 99256 115822 132850 199869 263923 529798 1064469 2124728 4247534 8503591 16978457 25479086
297 2083 8234 16533 33163 49746 66360 82368 99410 116829 132602 199615 265051 530095 1058855 2120272 4239775 8479966 17027517 25495954
308 2085 8229 16484 32804 49555 66451 82741 98992 116093 132731 200456 265148 527875 1060649 2130933 4277349 8478165 16972455 25475029
295 2099 8424 16621 33355 49653 66738 84020 100210 115597 132241 198261 264519 530861 1056468 2122637 4268671 8476705 16974160 25371153
297 2088 8234 16440 33264 49816 65937 83246 98890 115696 134223 199672 264778 528129 1063512 2126853 4258572 8491481 16886577 25352819
300 2085 8220 16765 32919 49605 66140 82690 98954 115130 131914 198900 264872 530485 1061053 2127917 4224318 8477179 16900639 25320294
