34 45 39 33 52 95 104 107 117 176 119 28 40 44 93 639 3270 6572 14900 331
39 33 41 42 61 94 104 82 141 177 203 33 88 47 179 474 3172 6943 20413 388
34 38 41 43 64 67 84 96 125 87 189 40 215 49 108 230 1510 6258 20484 587
29 31 31 40 44 52 69 130 81 188 76 85 146 58 482 245 849 5754 21466 1155
28 32 37 59 53 80 76 127 147 163 121 164 144 323 252 333 1285 6310 22649 6396
31 35 40 48 43 99 118 123 122 195 201 118 77 380 482 946 1717 5641 19300 15190
42 41 41 64 41 61 127 177 166 176 219 244 217 481 1088 1534 2758 9101 23632 27615
41 40 47 57 97 139 140 150 181 191 262 201 561 487 1189 1896 4500 10963 26357 33762
34 36 35 60 90 142 95 257 162 249 253 357 296 551 1533 2798 6076 12968 25328 42405
46 45 45 65 97 85 133 227 240 235 338 268 470 952 1403 3607 6954 14973 30887 46701
35 43 31 38 33 39 43 140 75 300 272 500 475 1030 1836 3638 7643 15676 32637 49846
32 37 28 33 41 36 64 74 40 90 95 57 158 136 977 3067 7398 16162 34051 50985
37 36 43 43 38 36 51 228 115 114 215 90 45 108 845 2846 7324 15948 33953 50847
32 37 32 39 44 35 41 55 56 60 39 45 55 61 681 2969 7145 15993 32901 51513
36 37 50 48 73 68 96 148 173 179 235 183 245 343 794 2605 7448 16797 34947 53601
34 38 39 57 51 104 125 128 168 187 233 88 202 273 637 2580 7596 16857 34839 53157
38 40 68 43 58 56 109 93 221 224 220 83 144 370 764 2589 7095 17088 34703 53245
32 34 40 48 57 64 144 173 226 204 252 47 199 244 740 3526 7195 17210 35042 52578
35 52 61 48 70 107 119 125 43 248 210 51 84 110 220 2886 8395 17264 35237 53430
32 42 37 37 41 41 36 35 39 44 33 36 43 58 365 3589 5321 14548 33226 53438
