367 822 904 574 587 745 575 544 628 437 568 410 630 442 849 1011 630 616 790 350
15219 2843 8189 3582 8835 157035591 138643511 140834825 8076 5928 6351 21275 5308 5884 7939 4506 15548 21336 23027 10345
503317536 456135662 503316776 503317587 471890641 503317698 503317510 503317523 503317424 503316048 503316175 503317365 503317077 479725345 503316907 503315415 503113514 503316162 471903840 503317565
503317302 503317322 503317292 503317276 503317315 503317265 503317321 503317242 503317347 503317276 503317295 503317257 503317274 503317293 503317336 503317283 503317284 503317301 503317312 503317261
503317189 503317184 503317164 503317267 503317204 503317197 503317177 503317210 503317201 503317194 503317212 503317221 503317211 503317270 503317186 503317182 503317180 503317204 503317170 503317182
503317250 503317299 503317269 503317238 503317249 503317315 503317302 503317314 503317306 503317253 503317395 503317317 503317267 503318420 503317318 503317429 503317761 503317550 503317509 503317368
503400250 503400298 503401595 503400743 503400258 503402864 503400498 503400367 503400457 503400243 503400685 503400224 503400529 503400245 503400430 503400259 503400375 503400203 503401711 503400354
504308581 504308400 504308142 504308193 504308253 504308560 504308554 504308614 504308599 504308476 504308377 504308096 504308685 504308072 504308693 504308512 504308427 504308519 504308638 504308429
504307539 504308783 504307546 504307984 504308606 504310053 504308018 504308453 504308455 504307648 504311472 504308707 504308712 504308590 504308873 504308582 504308628 504308107 504308777 504308834
504244352 504242678 504243701 504241883 504241824 504242578 504243486 504243794 504244350 504243907 504241655 504242024 504243810 504243663 504241720 504244045 504243895 504243007 504243323 504246380
504309792 504309057 504308202 504309217 504308967 504310123 504308045 504307922 504308766 504313208 504308680 504312850 504310233 504310596 504308679 504309510 504313411 504308076 504309232 504308480
504314560 504316846 504312747 504316353 504312476 504313824 504319928 504315833 504315573 504313269 504314817 504321108 504312584 504320520 504311891 504319946 504316416 504311854 504314213 504313884
504321842 504326027 504331077 504330164 504320471 504328114 504322449 504333322 504331259 504322378 504326512 504326027 504326375 504325559 504318890 504321067 504319941 504318635 504325493 504318130
504350837 504361423 504361393 504356966 504362665 504353924 504352928 504349616 504357384 504353279 504361729 504356221 504359856 504356947 504346810 504354626 504357686 504343621 504349091 504353100
504378654 504376541 504375627 504370823 504374243 504374349 504372294 504373134 504380568 504373799 504376781 504378626 504383303 504376374 504379946 504375439 504383173 504370560 504381108 504377679
504385817 504397230 504382392 504383255 504386340 504378488 504371333 504389711 504391298 504375062 504397499 504392976 504382991 504382433 504389489 504386073 504396650 504393835 504387520 504381530
504395568 504392912 504394707 504397336 504387476 504388194 504395471 504376306 504394882 504392520 504386656 504389763 504385221 504391354 504389045 504387466 504387059 504388551 504391693 504390312
504393002 504391435 504385562 504385381 504391656 504386697 504380678 504389119 504398629 504398105 504384322 504390551 504383547 504389935 504392164 504389127 504392229 504391606 504388310 504389173
504391875 504391998 504391730 504391742 504391918 504371295 504379873 504396813 504399294 504388963 504398876 504396136 504383995 504389757 504389096 504390102 504390040 504391338 504391029 504390760
504378261 504390592 504391073 504390710 504394431 504397662 504396261 504371911 504394473 504387262 504388217 504398354 504399490 504388209 504390347 504391012 504390853 504389563 504390599 504390680
