653 562 620 729 620 657 728 1057 953 1140 1176 1350 1404 1961 4025 5406 9554 16446 30647 103087
2478 2546 3838 7697 3166 140847582 8909 157285348 38106 140823693 7018 7289 25203 19292 22865 7371 140821983 5186 173016819 16652
503117540 503316356 503317608 471908190 503317551 503117311 503317594 503317614 503317557 471698976 503316814 503116708 503315602 503317522 472414829 503316369 503312190 503314533 503313223 471903990
503317279 503317301 503317428 503317308 503317308 503317275 503317304 503317301 503317344 503317303 503317301 503317307 503317264 503317271 503317271 503317319 503317303 503317339 503317332 503317775
503317164 503317215 503317178 503317196 503317178 503317234 503317240 503317450 503317185 503317186 503317193 503317170 503317171 503317193 503317205 503317180 503317238 503317191 503317230 503318928
503317316 503318530 503317318 503318610 503317336 503318485 503317247 503317563 503317347 503318529 503318459 503317286 503317305 503317386 503317446 503317274 503317336 503318756 503317337 503317996
503401693 503400379 503400239 503400166 503400352 503400408 503402804 503400546 503400085 503400329 503400274 503400377 503401560 503400228 503400722 503400390 503400316 503400388 503400445 503401740
504308296 504308177 504308299 504308509 504308452 504308482 504308072 504308244 504308750 504308218 504308028 504308251 504308380 504308455 504310456 504308440 504308612 504308903 504310226 504314200
504308161 504308306 504308798 504307611 504308571 504307712 504308165 504307666 504307756 504308481 504308764 504308534 504307563 504308571 504308888 504308871 504308519 504312018 504311022 504311318
504246685 504243994 504243483 504243385 504243653 504243020 504242128 504244011 504243605 504244871 504244202 504243627 504243910 504241981 504242353 504248126 504243902 504243667 504254310 504249330
504309687 504309416 504309064 504313479 504310936 504309021 504309968 504311306 504309462 504309142 504307874 504308626 504310131 504308504 504310540 504312833 504314644 504316356 504334085 504312095
504311764 504314743 504314720 504314198 504315275 504316157 504313787 504317634 504314726 504313806 504315516 504315357 504317783 504318697 504324648 504328825 504335780 504359803 504397396 504435962
504325408 504325419 504326815 504318868 504326247 504329221 504321314 504328555 504323591 504333824 504322326 504318724 504326220 504337945 504336651 504340119 504356876 504379072 504430896 504490201
504356768 504349980 504358209 504357454 504344038 504357156 504353569 504353223 504349667 504355997 504354612 504362587 504355182 504358850 504372885 504373581 504397676 504426988 504501722 504592481
504377555 504381703 504375630 504374079 504377011 504371756 504373159 504384242 504378679 504374215 504375558 504382439 504381548 504379058 504386578 504410517 504423119 504477696 504544209 504632554
504389519 504386557 504379090 504381226 504397092 504394006 504383601 504383046 504390760 504395704 504378056 504397146 504384248 504397889 504400066 504407124 504426017 504460119 504603649 504665072
504387495 504391768 504379725 504392369 504390241 504392004 504384026 504395292 504389218 504392092 504390019 504395531 504394896 504392424 504407741 504423824 504463239 504464016 504548656 504651184
504389454 504389700 504389147 504391476 504392030 504394885 504391589 504388461 504392769 504394025 504390872 504390762 504392779 504393514 504397472 504414439 504459663 504460775 504549091 504537282
504394792 504395461 504388534 504390386 504391245 504388734 504392026 504392483 504390650 504394096 504393597 504396573 504385345 504389176 504407648 504419446 504449711 504480892 504469164 504515861
504395058 504389104 504392409 504389870 504390459 504391047 504390854 504388312 504391674 504392169 504388971 504393394 504394075 504382724 504407528 504403912 504416247 504445653 504468649 504498574
