62 68 63 88 111 167 195 235 283 293 356 452 592 1122 2157 4235 8385 16636 33050 49429
63 65 76 97 124 148 193 227 257 286 346 458 588 1117 2161 4228 8344 16575 32986 49395
46 57 75 92 125 163 191 235 254 290 323 460 614 1095 2174 4233 8337 16553 32970 49395
38 47 73 84 117 143 184 236 271 294 323 468 579 1095 2149 4249 8333 16570 32991 49389
49 59 69 111 121 149 183 252 259 295 330 456 582 1105 2136 4253 8385 16570 33005 49393
49 54 76 114 120 156 195 232 264 291 338 479 573 1133 2157 4239 8357 16559 32976 49378
56 52 68 108 135 147 191 247 256 323 322 470 595 1122 2168 4248 8353 16629 33156 49443
52 71 65 88 126 180 204 242 266 288 365 465 628 1103 2170 4284 8367 17032 33932 49424
56 60 64 93 116 171 206 304 272 329 379 475 613 1157 2191 4423 8457 17054 33127 50657
55 54 98 83 116 183 195 251 303 343 372 477 629 1178 2198 4281 8426 17388 33338 50285
52 66 68 90 115 164 203 254 275 336 412 547 643 1167 2284 4372 8611 17074 34045 51089
43 61 65 109 126 156 189 229 274 316 323 458 604 1135 2234 4476 8714 17303 34327 51219
59 60 80 80 124 159 192 249 270 331 363 458 597 1130 2190 4312 8574 17065 34073 51028
57 63 65 87 118 167 194 244 259 296 338 469 607 1114 2232 4402 8720 16931 33532 51625
63 60 75 108 146 158 195 266 280 320 337 469 610 1133 2226 4465 8970 17828 35765 53638
41 59 73 105 122 163 197 223 301 300 345 481 610 1147 2187 4429 8982 17891 35621 53215
62 60 82 99 143 162 182 237 295 312 342 483 611 1136 2227 4414 8894 17958 35690 53267
54 65 80 82 129 176 230 272 294 298 344 482 632 1144 2189 4463 8888 17867 35671 52613
50 78 74 107 123 168 200 252 262 330 335 474 594 1132 2167 4432 9025 17888 35726 53600
50 61 69 83 124 156 196 221 268 292 314 449 589 1106 2201 4480 8750 17793 35638 53629
