312 2129 8342 16562 32992 49465 65904 82342 98820 115214 131678 197394 263105 525980 1051559 2102994 4205756 8410820 16821920 25227317
319 2103 8306 16539 32928 49354 65788 82206 98627 115045 131462 197141 262822 525503 1050845 2101576 4203187 8406418 16813274 25219881
313 2121 8308 16509 32925 49386 65800 82242 98634 115055 131461 197180 262796 525468 1050839 2101589 4203194 8406383 16812526 25219978
311 2102 8306 16516 32930 49350 65817 82227 98671 115055 131454 197122 262778 525480 1050856 2101593 4203275 8406608 16813197 25219207
318 2116 8297 16516 32938 49348 65806 82203 98693 115044 131463 197122 262808 525501 1050870 2101623 4203346 8406544 16813231 25221247
302 2130 8326 16521 32947 49352 65793 82218 98630 115037 131472 197138 262836 525515 1050942 2101690 4203346 8406608 16813292 25220639
308 2109 8318 16516 32942 49364 65829 82209 98650 115082 131487 197160 262858 525539 1050942 2101759 4203404 8406677 16815206 25224396
319 2106 8339 16530 32943 49450 65819 82252 98755 115216 131562 197322 263010 526022 1053018 2103687 4205327 8416975 16833575 25228882
306 2144 8310 16616 33319 49434 66149 82218 98655 115097 131519 197180 262849 525853 1051945 2104593 4209747 8421717 16846174 25267065
310 2122 8291 16506 32939 49345 65789 82253 98670 115075 131499 197314 262860 526505 1052890 2106925 4204748 8426066 16838421 25221076
316 2109 8306 16502 32926 49359 65808 82226 98663 115080 131509 197171 262803 526628 1053873 2102210 4212560 8424260 16842003 25225618
311 2127 8290 16520 32947 49349 65805 82213 98629 115037 132616 197148 264160 529498 1057508 2112330 4221791 8438371 16879633 25316604
312 2141 8331 16548 32948 49362 65804 82215 98685 115061 131463 197183 262863 528385 1057371 2116143 4228707 8452850 16902394 25351971
311 2100 8300 16540 33334 49349 65765 82328 98969 115292 132406 198346 265057 525534 1061985 2120178 4241471 8479973 16955070 25438158
300 2113 8290 16762 33599 50046 66369 83852 99535 116142 133189 200350 264493 530814 1065948 2126347 4249139 8505039 16980231 25480775
312 2116 8309 16645 33277 49875 66541 82626 99673 117141 132941 200064 265635 531076 1060381 2121816 4241169 8481445 17029208 25497222
317 2114 8300 16575 32927 49709 66625 82903 99189 116281 132996 200742 265480 528377 1061244 2131504 4277964 8478775 16973175 25476370
310 2111 8480 16703 33492 49841 66882 84170 100391 115864 132447 198508 264804 531256 1057027 2123215 4269117 8477284 16974833 25372196
315 2115 8310 16509 33391 49969 66137 83426 99050 116039 134524 199967 265076 529249 1064791 2127377 4259032 8492018 16887462 25353887
305 2117 8293 16854 33057 49750 66336 82937 99252 115434 132260 199383 265456 531614 1062798 2128668 4224930 8478308 16901409 25321224
