8630.83333333333 55148.3666666667 214508.633333333 426338.033333333 854671.366666667 1277891.66666667 1701910.16666667 2132102.5 2561562.7 2985335.96666667 3412180.93333333 5110996.8 6790204.66666667 13516785.8666667 26812667.1 53498705.1666667 106664216.533333 213101416.133333 425765587.133333 639101686.933333
8716.06666666667 55194.8 213743.966666667 426781.466666667 852448.266666667 1278493.7 1701962.1 2130943.46666667 2558818.8 2988159.56666667 3408769.73333333 5107899.06666667 6794990.56666667 13500424.5666667 26804063.3666667 53494221.9666667 106646320.766667 213104879.166667 425673722.166667 639009968.7
8772.33333333333 54995.8666666667 214911.233333333 427189.033333333 852236.133333333 1276618.83333333 1703068.6 2128894.36666667 2563256.13333333 2991330.5 3415837.53333333 5107828.83333333 6790763.46666667 13530136.0666667 26780521.9666667 53488442 106623835.133333 213104775.066667 425751366.6 639054024.466667
8819.86666666667 55240.8666666667 214323.833333333 427209.5 851236.133333333 1276355.5 1701788.53333333 2129654 2556582.56666667 2990031.76666667 3414557.76666667 5110174.6 6798725.53333333 13557882.6333333 26765616.5 53474373.8333333 106671137.5 213081448.266667 425763229.1 639023081.133333
8778.63333333333 55272.2 214648.1 427391.366666667 853063.9 1276018.06666667 1702053.2 2130608.3 2559016.53333333 2988145.1 3415064.56666667 5107202 6801111.3 13548797.3333333 26882970.3 53472779.8333333 106748171.266667 213115186.366667 425850402.566667 638942607.7
9000.2 55298.8333333333 214297.8 426375.366666667 850914.466666667 1275927.9 1700991.16666667 2129801.7 2559555.03333333 2986210.56666667 3415484.9 5110503.13333333 6796718.46666667 13577468.5666667 26858809.7333333 53436617.2333333 106737054.2 213085137.8 425737863.7 638850675.633333
8902.53333333333 55941.2333333333 215793.433333333 429350.133333333 855453.4 1283333.53333333 1707883.23333333 2139798.56666667 2570285.46666667 2993067.56666667 3433790.93333333 5133431.86666667 6815671.06666667 13560281.8666667 26872170.8666667 53543879.6666667 107033180.033333 213758187.066667 426789498.433333 640459341.5
9522.76666666667 56707.7 219125.1 441224.8 878956.233333333 1305825.66666667 1740517.03333333 2195771.16666667 2637943.96666667 3058921.1 3490794.3 5206334.86666667 6921629.23333333 13754492.5666667 27321649.6333333 54215461.1333333 108343592.3 216364273.466667 430744304.733333 647316848.466667
9290.13333333333 57886.3333333333 226733.3 458878.533333333 898587.633333333 1360299.7 1804052.46666667 2246752.1 2745367.76666667 3173819.7 3617010.83333333 5362617.53333333 7125849.1 14171419 27974006.5333333 55621150.2333333 110363407.333333 219745680.966667 438044982.633333 654614729.833333
9514.5 59419.3 233145.566666667 455959.033333333 905310.566666667 1371717.13333333 1830028.36666667 2299850.03333333 2768591.4 3230981.23333333 3674241.23333333 5499975.13333333 7258447.66666667 14464846.0333333 28387348.1 56434148.8666667 111348093.1 220408286.5 439857527.933333 658695060.433333
9448.9 59862.4333333333 232063.833333333 461605.966666667 917515.333333333 1381402.63333333 1839978 2315165.4 2764710.36666667 3256940.43333333 3735338.4 5566832.56666667 7361495.96666667 14549461.1666667 28677252.9333333 56560130.6333333 111581841.4 221107409.566667 440322965.733333 658480291.766667
9542.16666666667 58875.9333333333 229737.233333333 459804.266666667 907434.6 1357908.56666667 1805166.13333333 2285684.36666667 2758077.96666667 3227210.53333333 3648204.96666667 5462943.46666667 7251302.8 14546330.4 28737904.8 57052722.2 112319047.533333 222479791.666667 442209008.3 661940300.5
9580.4 59717.2333333333 231464.7 456016 909700.7 1352747.8 1810594.63333333 2266935 2732297.53333333 3192869.73333333 3649976.73333333 5493834.2 7291196.06666667 14500112.5333333 28828490.8666667 57257028.5333333 112898624.233333 223694002.866667 445169195.2 665506815.633333
9442.2 58745.1 229468.1 457180.6 903410.533333333 1352695.46666667 1794508.4 2256216.5 2711713.83333333 3181856.9 3647999.8 5467686.1 7264451.26666667 14519153.4333333 28830414.0666667 57386215.2666667 112956576.333333 224074855.3 445952266.8 667257225.833333
9541.33333333333 59065.2333333333 230809.166666667 454482.733333333 902165.333333333 1349068.1 1794835.5 2255206.1 2709691.7 3170672.5 3630121.7 5428031.66666667 7246735.73333333 14459274.7 28808005.5 57237271.6666667 112854579.966667 223828028.8 445733527.033333 666920089.7
9745.93333333333 59274.2 230356.966666667 458182.933333333 909401 1351505.26666667 1803802.86666667 2271755.23333333 2728865.63333333 3182317.1 3622676.03333333 5486749.43333333 7263210.16666667 14472956.6666667 28810004.4 57249301.6666667 112846978.166667 223804537.633333 445569702.166667 666565587.4
9630.06666666667 59791.4333333333 233153.266666667 458358.133333333 914544.866666667 1357244.56666667 1816329.8 2286825.2 2735265.5 3202919.33333333 3673266.2 5487660.83333333 7306343.7 14541641.6333333 28898886.8666667 57339311.4666667 113071766.233333 224062776.533333 446352748.2 667545351.3
9530.8 60392.4333333333 233066.133333333 458794.5 910028.133333333 1357665.1 1818065.36666667 2290475.1 2734704.7 3208567.26666667 3660801.93333333 5506686.46666667 7310707.1 14624060.1 28979234.8 57602033.2333333 113181529.033333 224308347.833333 446834434.7 668722893.133333
9901.96666666667 60668.9 233751.633333333 461602.966666667 921589.833333333 1370194.2 1826730.36666667 2287422.6 2756191.06666667 3222694.76666667 3687803.53333333 5512231.03333333 7407202.96666667 14748914.3 29193212.8666667 57845391.5 113269472.6 224582388.866667 446681632.133333 670542731.533333
10723 68454.6666666667 260312.733333333 504478.633333333 974299.966666667 1431935.73333333 1931866.16666667 2397092.93333333 2885445.93333333 3364777.46666667 3840357.43333333 5673561.6 7499679.26666667 14833139.1666667 29257784.2666667 57773651.3333333 113330552.4 224527335.233333 446793347.1 669506044.666667
