655885191.3 658105151.566667 660599651.8 659353908.6 659619941.6 659197872.2 653091556.866667 663347305.333333 662438107.266667 656766118.033333 663076593.566667 657842724.233333 671491246.166667 652171837.8 660661271.7 650398776.7 652322036.266667 646676964.366667 651917325.7 659102007.666667
1130540245.9 1103793667.43333 1143755228.1 1103512940.83333 1161194524.9 1158675056.9 1129483803.96667 1146515188.63333 1160005227 1103897005.03333 1116189358.33333 1117319363.5 1115748033.23333 1144956797 1116086893.96667 1104068768.96667 1143571603.93333 1129580957.96667 1091176518.4 1132799276.7
2389351458.6 2385734066.43333 2387192954.9 2387497382.6 2389486725.03333 2389703284.36667 2381415949.9 2380874736.73333 2385536844.66667 2387296624.7 2381980136.36667 2389514061.93333 2379774853.46667 2382414845.36667 2387769269.43333 2395213171.23333 2392540886.03333 2390579406.13333 2388824146.33333 2396161770.46667
2397184236.13333 2397202332.5 2397269616.16667 2397328930.76667 2397392861.9 2397495332.7 2397625921.63333 2397718746.16667 2397703316.53333 2397742506.16667 2397771558.43333 2397726031.16667 2397777682.26667 2398151869.23333 2398538505.13333 2398691533.1 2399189223.26667 2399461324.06667 2399508436.63333 2399132769.4
2397499523 2397488253.86667 2397491555.7 2397565871.76667 2397676647.2 2397661183.7 2397795804.3 2397931418.96667 2397919310.16667 2397972326.63333 2397999325.66667 2398017967.13333 2398285829.2 2398745929.03333 2399729763.73333 2399962535.4 2400013358.7 2400234614.66667 2400004422.3 2399515250.03333
2398400954.63333 2404101300.2 2397962936.93333 2397946865.16667 2398172809.83333 2398016404.66667 2397968062.26667 2398003870.13333 2398040193.23333 2398003668.13333 2398052566.63333 2398000211.36667 2398125851.1 2399083307.7 2406083985.73333 2400443207.5 2400569667.7 2407542115.56667 2400980339.56667 2399961628.36667
2456956629.16667 2465789996.33333 2458266665.53333 2452364963.13333 2428429057.4 2468326451.06667 2445176328.53333 2468237062.96667 2443916450.6 2436198575.53333 2452087806.2 2453832478.1 2448536396.76667 2436447831.33333 2445001400.73333 2449371870.7 2479633148.8 2491005156.46667 2462672143.3 2478975078.33333
2710531721.3 2795316306.93333 2706522090.16667 2727815314.06667 2663740295.13333 2720339890.63333 2752952134.13333 2803528470.43333 2805348216.26667 2740553338.46667 2760525345.33333 2736936918.3 2710986324.56667 2734940181.3 2744173555.3 2725889180.83333 2718296414.53333 2819341230.53333 2695247549.63333 2763910832.9
3162512181.66667 3219312098.63333 3232560456.36667 3219019906.1 3146074295.5 3238437077.2 3278580745.46667 3217305548.73333 3161092272.46667 3211515835.76667 3256089498.33333 3239209876.9 3270202616.4 3244011954.8 3393095625.06667 3334475647.16667 3164731376.26667 3297476801.33333 3255203395.06667 3145754655.6
3525712079.03333 3439416018.83333 3477876126.36667 3575050124.46667 3548542602.9 3453988631.93333 3531158404.5 3595046421.13333 3665459327.16667 3327320944.63333 3457645026.2 3248886029.06667 3504684944.03333 3639578967.36667 3444185976.63333 3695431921.43333 3472291133.73333 3256504933 3558078040.73333 3522105913.83333
3644852919.13333 3729371585.6 3730874901.03333 3722254270.76667 3641309318.5 3811291374.9 3722884368.93333 3732071370.63333 3824144413.76667 3833417141.26667 3963548479.63333 3957630236.76667 3724050061.83333 3819529576.03333 3832497614.56667 3822946087.96667 3711673552.4 3631540272.36667 3946529293.23333 3738916713
5438273139.13333 5443342025.43333 5444181362.1 5441837919.03333 5439243459.56667 5439050339.43333 5437961843 5437412153.16667 5434735426.8 5434088656.56667 5436355076.23333 5437533234.16667 5438536087.66667 5437551917.7 5435089917.23333 5440645015.16667 5444689300.9 5458785425.6 5473781671.46667 5490311366.73333
6640449283.3 6644395575.86667 6637805728.83333 6640132355.2 6639986414.06667 6640425902.73333 6637898515.56667 6640149906.83333 6639715061.7 6637393470.8 6641510859.43333 6641506328.3 6642802478.3 6640901970.33333 6642103410.7 6644995418.73333 6650574339.53333 6659214431.66667 6679077426.1 6695538059.33333
8571889414.36667 8529087802.53333 8575569707.2 8527539388.03333 8526459775.53333 8573720174.83333 8526423560.53333 8526979931.4 8531507638.83333 8573810361.2 8525257587.36667 8539372341.16667 8526014878.9 8625190290.73333 8529363232.96667 8533299316.56667 8537471398.3 8548890871.33333 8570641300.53333 8640233867.8
9530569989.56667 9531819926.3 9530324412.93333 9532408200.93333 9532026758.53333 9532196234.36667 9533031466.5 9532459121.6 9532678261.93333 9533488168.36667 9532802135.5 9531861546.13333 9532817527.06667 9534228676.06667 9535155550.63333 9538247988.06667 9544589096.93333 9554912171.7 9577737322.16667 9600476176.8
9937712469.2 9942488213.4 9939523576.63333 9940805964.06667 9940172214.23333 9942451311.5 9940499831.56667 9940607962.76667 9938891889.43333 9939008467.76667 9941330772.83333 9939738613.03333 9943600307.26667 9938222276.36667 9942526831.86667 9948046000.9 9952965538.23333 9962267441.03333 9980262609.6 10003847397.7
9993934509 9994688412.43333 9996803965.8 9996850259.56667 9993489326.86667 9995326984.76667 9996354998.7 9996243537.33333 9995346397.46667 9997127790.83333 9996300361.86667 9993981149 9995112489.3 9995184189.83333 9998079628.53333 10000434396.5333 10006460207.8333 10020360935.6333 10043007203.4667 10063230784.9
9971849703.36667 9974076917.66667 9971818296.26667 9972644629.16667 9975205970.1 9974091080.6 9974302759.96667 9973253013.46667 9973937755.16667 9973337466.53333 9973346599.76667 9974764983.06667 9973144555.4 9974875926.23333 9976690777 9978549282.73333 9987700138.9 9997267150.33333 10019565417.6 10043282545.4
9963951946.63333 9962102489.16667 9962733156.13333 9960786760.66667 9963519765.2 9963008793.63333 9963155259.1 9962104979.83333 9962640887.7 9962766950.86667 9961454156.46667 9962067626.6 9964715278.56667 9965564804.2 9963358952.4 9969224421.1 9973726000.6 9986746722.76667 10006627667.7333 10034036820.2
9960505931.73333 9961295631.96667 9962333902.96667 9966466102.9 9962170757.16667 9961494205.76667 9961764252.56667 9963126547.43333 9963013480.8 9962027574.6 9961386571.63333 9962143065.93333 9961298058.23333 9963520705 9962727101.63333 9966364564.86667 9972033783.16667 9984739596.4 10007073184.3333 10031521992.6
