8030.36666666667 50405.3 193015.166666667 374941.733333333 727087.733333333 1071901.63333333 1410529.43333333 1757468.86666667 2105312.96666667 2444804.96666667 2786197.73333333 4119648.43333333 5438226.33333333 10818020.5 21486243.0666667 42839897.9666667 85105910.8 169107704.533333 336777157.266667 504468612.666667
7915.43333333333 50512.7 192768.666666667 373518.9 724832.4 1071005 1415621.73333333 1764976.1 2103665.9 2442363.06666667 2768001.63333333 4130900.83333333 5450937 10779358.4333333 21419865.7 42806069.2666667 85004755.6666667 168817726.833333 336516793.9 503915686.166667
8069.3 51123.6 193244.033333333 374214.166666667 726970.733333333 1070146.96666667 1416395.66666667 1765633.56666667 2105360.5 2445789.2 2778447.43333333 4124482.86666667 5424361.1 10790345.6333333 21456322.6666667 42791322.2 84997211.6 168757189.2 336460687.6 503931281.2
7988.33333333333 51303.0666666667 195192.3 376444.6 735432.566666667 1067824.66666667 1415220.83333333 1762449.2 2098829.53333333 2439779.3 2781591.26666667 4096974.06666667 5408591.23333333 10802218.4333333 21492129.0333333 42762798.9 85045490.5 168890951.366667 336419800.166667 504651685.033333
8063 51950.4 197437.633333333 382048.433333333 735295.633333333 1079613.8 1432859 1773822.3 2131929.63333333 2461646.06666667 2786057.33333333 4132607.5 5454194.23333333 10797832.6333333 21586790 42739960.4666667 85000786.1333333 168697974.9 336235923.666667 504666118.466667
8116.23333333333 52106.4666666667 198618.8 381044.9 736863.866666667 1097766.3 1439016.56666667 1789670.43333333 2137041.56666667 2469098 2817682.23333333 4141691.06666667 5472764.56666667 10808172.8333333 21587518.4666667 42661918.8 84967896.4666667 168559202.866667 336309977.833333 505085710.833333
8518.33333333333 52433.7333333333 198442.766666667 382396.433333333 750127.833333333 1118821 1458399.13333333 1807309.26666667 2157991.3 2491479.06666667 2819282.73333333 4169363.3 5526018.73333333 10882247.7 21805056.5 42887579 85844944.9666667 169513977.933333 338377793.266667 508363815.333333
8461.46666666667 54135.9 203149.033333333 394763.8 775366.733333333 1140286.6 1522876.8 1863003.23333333 2216871.4 2611532.16666667 2947082.4 4411280.63333333 5828511.33333333 11431733.8666667 22520668.2333333 44798583.3 88304967.5666667 174696357.5 349301564.2 522241640.666667
8653.13333333333 56721 214408.833333333 417455.8 821072.1 1203165.63333333 1620771.53333333 2011296.23333333 2385385.93333333 2813411.3 3138454.5 4621954.5 6102439.86666667 12040546.0333333 23458883.0666667 45956051.4 90391946.3333333 177878446.5 354866758.833333 532594711.466667
8924.6 55447.3333333333 215142.333333333 426763.866666667 844174.566666667 1247118.8 1680235.7 2048465.26666667 2435962.13333333 2826396.33333333 3262000.66666667 4786105.13333333 6315929.3 12335717.9333333 24049650.7666667 47219723.6 91625839.4 182911446.1 360132278.733333 540404322.333333
8786.56666666667 55765.1333333333 214941.6 431049.166666667 861782.866666667 1286600.23333333 1692706.56666667 2100755.3 2504200.46666667 2846818.56666667 3227263 4844858.1 6319480.33333333 12438452.3666667 24393550.8 47737824.8666667 93159459.0333333 184015072.366667 366501053.366667 549009885.066667
8276.76666666667 54548.2 212598.433333333 428286.166666667 843233.1 1302709.4 1728948.26666667 2158685 2577969.03333333 2995540.83333333 3352581.1 4969889.93333333 6476885.56666667 12601646.6666667 24737505.3333333 48608400.7 95625006.9666667 189510542.5 377597224.733333 565029701.5
8119.3 55443.9 210602.4 418709.466666667 839603.533333333 1286007.66666667 1706575 2132778.7 2549924.56666667 2944810.63333333 3316312.66666667 4930979.76666667 6420200.4 12629288.2 24788265.7333333 48772930.5 96315539.6 190908091.966667 380912441.233333 570134956.933333
8416 52184.6666666667 202899.4 412669.266666667 803196.1 1231554.23333333 1633545.06666667 2036438.63333333 2409518.26666667 2842840.06666667 3225838.13333333 4771879.53333333 6306880.6 12478333.1 24791367.8333333 48932640.5333333 96485094.3666667 191669799.9 382141460.933333 572134290.333333
8274.26666666667 52292.9333333333 199557.166666667 396181.866666667 783344.533333333 1173356.43333333 1563420.13333333 1967874.2 2359017.93333333 2746081.36666667 3121342.5 4683576.4 6264719.63333333 12446478.7 24778017.4 48801839.4333333 96370203.3 191546525.766667 381813498.566667 571763376.733333
8498.26666666667 52933.4666666667 207675.166666667 403928.2 803629.7 1199317.3 1590280.63333333 2006198.5 2408359.3 2774497.4 3187500.73333333 4745454.13333333 6311431.06666667 12536533.5333333 24889306.6 48809156.2333333 96325085.6666667 191511683.233333 381991515.9 570465903.6
8667.66666666667 53895.7666666667 206685.333333333 413506.166666667 798208.066666667 1210898.86666667 1600265.03333333 2013709.26666667 2422494.3 2846103.23333333 3229554.73333333 4804104.4 6363904 12640212.2666667 25150853.1666667 48981712 96578137.4333333 190998789.4 380862248.4 569356892.1
8927.16666666667 54272.4 208536.666666667 405925.5 817442.066666667 1228556.53333333 1650819.2 2063361.2 2445774.06666667 2829478.63333333 3240287.16666667 4883801.33333333 6466981.9 12771209.5666667 25223117.3333333 49097123.7666667 96330867.5 190250700.266667 378991448.466667 566826062.866667
9414.1 55265.4333333333 213166.233333333 412504.633333333 830404.933333333 1245178.53333333 1684628.6 2052439.06666667 2474449.86666667 2911705.6 3287663.73333333 4879221.33333333 6540630.46666667 12935584 25245327.9666667 49258150.5666667 96560869.3666667 190910834.433333 375953895.233333 563599415.533333
9733.93333333333 71649.5 260147.3 482417.166666667 927030.866666667 1342947.4 1775629.4 2205619.4 2615170.13333333 3030972.5 3440352.83333333 5041998.26666667 6698094.56666667 13144963 25591936.5333333 49565779.0333333 97106517.1 191143962.566667 376556662.566667 559761668
