656712622.4 653438728.733333 660847557.833333 665894822.866667 668397896.533333 671341841.966667 671191382.266667 675477751.9 677131523.566667 685544902.633333 686543036.233333 711545928.7 705358240.333333 729834519.333333 737529600.733333 719276673.933333 741122195.333333 731084962.933333 719918385.866667 728644266.8
1132479927.16667 1129698767.46667 1118760697.36667 1142325872.93333 1140671481.16667 1192463819.66667 1117729853.1 1146739111.96667 1117104538.6 1165062245.03333 1155814657.23333 1128203501.2 1141775020.16667 1140458359.63333 1168095710.76667 1117448521.33333 1116617910.53333 1142351722.43333 1133214125.23333 1128754368.16667
2381708302.63333 2388327709.43333 2386366514.3 2377143659.13333 2387281386.03333 2385598592.86667 2392140030.76667 2381978719.56667 2374146076.96667 2383448578.93333 2381027422.23333 2388393070.53333 2389004504.26667 2382863603.03333 2387286945.26667 2394837858.96667 2380191307.53333 2386315902.7 2378272630.73333 2393101155.5
2397155858.2 2397198127.53333 2397206608.4 2397228023.66667 2397193740.6 2397180742.9 2397208347.36667 2397231690.4 2397244913.03333 2397264479.2 2397251382.6 2397295254.23333 2397348060.1 2397484184.8 2398063102.46667 2398639421.73333 2399401910.23333 2399772574.1 2400739849.56667 2402342868.23333
2397482604 2397471125.86667 2397472089.7 2397520153.6 2397493568.2 2397489801.46667 2397608775 2397634436.56667 2397667813.26667 2397613434.86667 2397678061.16667 2397775255.46667 2397882756.43333 2398301281.2 2399422860.76667 2399731402.53333 2400018410 2400454949.73333 2401551539.26667 2403428578.43333
2397842774.83333 2403664962.66667 2397988273.8 2403645504.9 2398054413.2 2397937197.5 2403735618.36667 2397918723.6 2403835620.7 2397985460.03333 2403818920.96667 2404524956.2 2398270260.1 2398791407.03333 2402226575.4 2400704322.46667 2400885376.63333 2401363341.7 2408656995.76667 2410804232
2437707519.9 2477451683.66667 2445869951.46667 2429143301.23333 2435385873.63333 2461196783.23333 2456949410.13333 2452677571.46667 2444602973.26667 2458332181.26667 2458039578.33333 2434338736.03333 2440955921.5 2418828922.76667 2453189941.36667 2443178548.63333 2472221708.8 2438259651.96667 2481740248.33333 2476396574.33333
2740418558.56667 2687092302.2 2738703096.06667 2664851932.3 2677930420.33333 2699077402.3 2653100888.03333 2708147459.63333 2734302986.73333 2753730023.06667 2714336516.36667 2781381183.46667 2706506706.66667 2700749402.23333 2697432883.76667 2752357366.63333 2780994904.33333 2726548254.9 2786333109.16667 2792956719.13333
3147800393.83333 3122474336.06667 3254427552.2 3144000675.63333 3195029148.13333 3034231988.06667 3156042876.23333 3229867483.93333 3182698223.26667 3246227433.76667 3103550609.03333 3312540429.5 3159241059.26667 3114273299.7 3163818150.93333 3222271504 3207227336.86667 3196445910.03333 3183223019.06667 3296301336.13333
3649253043.06667 3606868436.63333 3620353101.43333 3474039234.46667 3493456343.3 3332141954.56667 3500425415.9 3272096756.13333 3464749143.36667 3258678412.16667 3452629460.66667 3490565565.7 3223507006.73333 3476232372.23333 3309275746.46667 3321725348.7 3385336861.06667 3855188869.3 3540673944.26667 3427902679.43333
3512200188.66667 3525580668.4 3838895035.5 3826505684.4 3931342851.53333 4045559423.06667 3821236147.76667 3630530375.23333 3624248808.36667 3691152401.7 3916003584.53333 3748311517.23333 3950868107.9 3621964801.33333 3737857655.33333 3739126845.26667 3628211197.93333 3560271355.6 3796573575.6 3775417211.73333
5431561365.33333 5436696803.9 5436736339.53333 5441744777.76667 5436042415.4 5436402973.73333 5439719101.83333 5433289734.73333 5434963971.46667 5436120047.43333 5436540311 5437750425.9 5435963288.43333 5439575094.56667 5440705591.76667 5447082080.7 5457807620.63333 5484221664.63333 5515111919.16667 5562997459.26667
6640306188.7 6637853508.16667 6640380305.66667 6641985884.96667 6641414361.16667 6635107271.96667 6640066967.23333 6636354299.66667 6638544930.33333 6639046416.36667 6637829050.26667 6641108506.73333 6641486620.2 6642011719.4 6645589397.23333 6649037021.43333 6660826961.36667 6684201862.76667 6719517042.83333 6762479944.93333
8570357248.66667 8525127247.76667 8573959681.53333 8572620728.96667 8574328946.5 8572415212.5 8574819689.73333 8524536919.26667 8573117889.1 8534989634.76667 8524780927.66667 8573696715.56667 8527921249.1 8525557549.06667 8530164492.3 8533647520.03333 8544199038.73333 8561841924.86667 8597343755.3 8633657354.03333
9463571431.5 9531963014.83333 9530875967.56667 9531254765.36667 9531942412.16667 9533076218.63333 9533033046.33333 9531242815.36667 9531381640.43333 9531142398.43333 9531562005.9 9533044800.93333 9533608432.6 9535213103.93333 9534635568.23333 9539736372.9 9547875998.5 9562113160.23333 9591717095.7 9623285101.36667
9936968525.76667 9935906137.83333 9938965985.8 9938746705.56667 9938615429.66667 9938038930.16667 9942379537.03333 9939810669.36667 9940664474.06667 9940518328.53333 9940388993.73333 9939204903.56667 9941279150.26667 9940425832.46667 9940982032.86667 9946058734.56667 9953950821.43333 9964614796.2 9989198647.3 10011722138.4667
9993746287.5 9993631358.33333 9994925110.63333 9995095659.4 9993506448.7 9993434674.43333 9997193958.3 9995452438.93333 9994950906.13333 9993784957.43333 9993498739.13333 9995811003.33333 9994462969.23333 9998676750.36667 9996880849.13333 10000718712.1 10006829727.2333 10018294435.2333 10040880536.8333 10065241247.9667
9974160773.56667 9973951935.53333 9975984127.43333 9972646306 9972121921.06667 9975387829.56667 9972350069.16667 9973733954.83333 9973656036.7 9971461016.4 9973281172.1 9974889588.13333 9974074200.96667 9973851597.16667 9975721703.03333 9980370891.16667 9984763626.66667 9995671647.8 10019035552.8333 10039848454.0333
9963093488.13333 9963887006.33333 9962209578.73333 9962792332.7 9961448576.23333 9964026880.9 9961339327.33333 9961608147.56667 9963252331.26667 9961376341.03333 9964198066.2 9963712598.73333 9963367365.56667 9966671669.13333 9965332212.83333 9969747866.8 9975091879.56667 9988758003.06667 10003655173.6 10025962354
9961438404.3 9960892693.73333 9961645800.03333 9964694702.9 9971863045.13333 9960881412.16667 9961828125.16667 9964003874.73333 9961914293.16667 9962993567.03333 9962885320.66667 9960472825.26667 9962505731.76667 9964489191.3 9964910325.63333 9966595508.8 9973671845.36667 9984749919.1 10004704037.4333 10025119197.9667
