290.9 2083.93333333333 8245.5 16439.3 32838.8 49244.2666666667 65640.8333333333 82054 98450.5 114856.233333333 131266.133333333 196867.533333333 262461.5 524936.1 1049771.9 2099925.86666667 4202230.03333333 8408041.23333333 16818464.2666667 25227454.3333333
290.266666666667 2079.4 8225.63333333333 16417.7333333333 32803.6666666667 49185.4 65572.7333333333 81958.1666666667 98343.9666666667 114735.866666667 131122.8 196711.1 262264.8 524505.133333333 1049008.46666667 2098778.6 4200119.46666667 8403748.73333333 16810774.1333333 25217260.6333333
292.733333333333 2081.3 8225.73333333333 16419.4 32798.9666666667 49189 65574.1666666667 81958.4666666667 98344.3333333333 114735.5 131125.933333333 196689.6 262243.466666667 524514.366666667 1049102.86666667 2099003.7 4200386.9 8404181.46666667 16810870.6 25217872.8
290.633333333333 2079.9 8227.1 16418.5666666667 32802.4333333333 49188.1666666667 65575.7 81964.1333333333 98353.1 114741.4 131137.733333333 196698.5 262239.133333333 524533.5 1049175.03333333 2099256.63333333 4201049.1 8404389.6 16811032.4333333 25218347.7333333
291.633333333333 2081.03333333333 8225.43333333333 16419.6 32805.7666666667 49194.4666666667 65583.9666666667 81973.8333333333 98374.2 114768.533333333 131161.333333333 196730.366666667 262297.433333333 524617.133333333 1049615.96666667 2099909 4201780.23333333 8404991.4 16811704.5333333 25219046.4333333
291.9 2081.9 8227.73333333333 16420.6 32812.7333333333 49211.3 65604.3666666667 82002.8666666667 98409.6333333333 114815.366666667 131220.233333333 196799.866666667 262386.533333333 524842.566666667 1049948.8 2100472.5 4202375.8 8405569.56666667 16812416.0666667 25220085.8
291.5 2083.53333333333 8233.26666666667 16435.1333333333 32827.9 49234.2 65635.6 82052.6666666667 98480.3333333333 114868 131263.8 196911.1 262516.033333333 525089.233333333 1050581 2101299.83333333 4203808.7 8407022.56666667 16815114.7 25222732.2666667
293.033333333333 2091.43333333333 8246.7 16457.9333333333 32877.5666666667 49302.1666666667 65737 82129.9 98561.9666666667 115000.833333333 131423.833333333 197138.033333333 262863.7 525600.233333333 1051293.23333333 2102674.16666667 4205286.73333333 8410034.6 16821048.7333333 25233859.4
298.333333333333 2096.16666666667 8259.7 16471.2 32899.6666666667 49346.1333333333 65804.5333333333 82247.0666666667 98646.8333333333 115130.733333333 131608.7 197244.7 262977.433333333 526241.1 1052064.9 2104301.1 4208176.53333333 8415254.33333333 16830066.8 25243793.8
298.966666666667 2087.43333333333 8262.73333333333 16469.6666666667 32914.5666666667 49360.6333333333 65770.2 82315.2333333333 98804.8 115215.333333333 131619.5 197463.4 263329.633333333 526567.233333333 1052990.83333333 2105289.1 4209309.03333333 8417496.8 16830928.8333333 25242584.4
297.966666666667 2085.73333333333 8248.9 16454.1666666667 32897 49352.6333333333 65828.6666666667 82251.1 98777.2333333333 115223.5 131639.8 197426.933333333 263231.9 526638.966666667 1053110.96666667 2105864.43333333 4211003.9 8418528.26666667 16836788.8333333 25248692
297.966666666667 2093.16666666667 8270.26666666667 16496.8333333333 32906.4 49306.8 65772.7333333333 82175.6333333333 98686.7333333333 115155.7 131638.933333333 197462.9 263522.866666667 527204.633333333 1054936.83333333 2110320.5 4217759.63333333 8432834.6 16866751.4666667 25296005.5666667
295.933333333333 2096.8 8262.6 16502.8 32911.1 49365.8666666667 65831.8666666667 82318 98819.4333333333 115368.266666667 131811.266666667 197644.033333333 263721.766666667 527321.633333333 1056191.03333333 2112630.7 4223758.9 8442136 16889886.8333333 25328543.6333333
296.6 2086.8 8288.83333333333 16571.4333333333 33028.4666666667 49501.6666666667 66133.9333333333 82571.8666666667 99085.9666666667 115511.333333333 131956.6 198228.066666667 264108.966666667 528223.9 1058015.83333333 2117381.6 4232791.63333333 8467808.26666667 16934436.6 25395490.4333333
297.566666666667 2097.9 8276 16550.6 33174.4666666667 49603.9 66262.1333333333 82860.4333333333 99121 115682.6 132230 198584.733333333 264788.933333333 529899.533333333 1059866.2 2119456.86666667 4241632 8484849.36666667 16965019 25449925.6333333
298.9 2091.3 8338.33333333333 16532.3666666667 33150.5 49654.8666666667 66165.0666666667 82774.5333333333 99138.2666666667 115873.4 132240.466666667 198517.5 264887.233333333 529683.966666667 1059687.13333333 2119166.4 4243283.8 8491745 16978253.5333333 25435227.5666667
301.5 2092.4 8297.03333333333 16687.2333333333 33026.4666666667 49532.6333333333 66188.7333333333 82789.9666666667 99499.7 115798.2 132543.5 198725.2 264855.333333333 530595.6 1062326.43333333 2125109.6 4252833.06666667 8477161.03333333 16946739.7666667 25388733.7666667
298.666666666667 2089.16666666667 8291.63333333333 16560.1666666667 33044.4666666667 49780.8 66306.0333333333 82908.3333333333 99311 116106.033333333 132299.733333333 199069.433333333 265546.2 530427.833333333 1062473.1 2122897.4 4242077.46666667 8468310.43333333 16911139.3666667 25343086.6
297.166666666667 2110.96666666667 8292.7 16580.1333333333 33159.7 49678.9 66190.6 82729.6666666667 99303.2666666667 115912.2 132463.133333333 198843.466666667 264993.933333333 530578.2 1060753 2123917.86666667 4249803.7 8470356.66666667 16880318.7 25316603
297.533333333333 2094.73333333333 8276.43333333333 16549.0666666667 33044.3 49520.6666666667 66059.4333333333 82608.9666666667 99165.6 115578.066666667 132081.633333333 198421.866666667 264626.833333333 529373.233333333 1059161.93333333 2120103.9 4242643.73333333 8468338.83333333 16882303.4666667 25290326.0333333
