259.6 614.7 444.7 417.366666666667 465.266666666667 514.233333333333 572.533333333333 672.333333333333 747.833333333333 805 913 1021.33333333333 1145.43333333333 1915.5 3183.4 5249.96666666667 9376.9 16131.2666666667 29188.8 44379.1
2076.7 2377.3 2637.63333333333 2397.73333333333 2246.66666666667 2086.4 2137.26666666667 2226.43333333333 2234.26666666667 2131.4 2234.16666666667 2205.1 2169.73333333333 2454 2806.96666666667 3708.93333333333 5243.5 5354.1 5846.7 5292.83333333333
8505.5 10463.7666666667 12232.8666666667 12074.1 10189.3 9507.06666666667 9183.83333333333 9236.46666666667 9911.46666666667 10022.2333333333 10001.5333333333 10336.0666666667 11059.4 12851.2 18788.5 31998.1666666667 46727.5333333333 49862.2 51033 44879.8666666667
17161.6333333333 19564.4 20664.3666666667 21713.6 20328.7 19855.2666666667 20721.5666666667 21653 22400.0666666667 23554.3666666667 22484.9666666667 24205.8333333333 25943.0333333333 31489.5666666667 58840.6 87911.1666666667 117026.633333333 115722.1 114359.2 119723.7
35181.1666666667 34855.3333333333 35317.9666666667 38898.2 38192.8666666667 37708.8333333333 44296.5666666667 45048.7 46802 43457.4 47088.6 51229.8333333333 56854.6666666667 77449.7 137726.466666667 155782.366666667 150783.066666667 153699.633333333 159663.833333333 164847.9
53935.6666666667 425975.433333333 62631.2 426743.166666667 69226.1 60380.4 433848.2 60067.5666666667 437419.266666667 64007.1333333333 436968.7 480564.933333333 79354.9333333333 107723.166666667 311804.4 196749.1 192497.533333333 193919.166666667 590684.6 592583.566666667
2534008.56666667 5065858.43333333 3056199.26666667 1969110.93333333 2405334.16666667 4036983.06666667 3768699.73333333 3495008.23333333 2988551.53333333 3855211.56666667 3848130.53333333 2307299.96666667 2714141.16666667 1323438.2 3486765.13333333 2820080.8 4628702.53333333 2428985.13333333 5026540.73333333 4505245
21051755.9 17310289.9666667 20898313 16271923.6 17129662.5 18177215.0666667 15059239.5 18983929.9333333 20393384.7666667 21805066.6333333 19254965.2333333 23510379.5 18814743.1 18551736.8 18110343.3333333 21451017.1666667 23029490.7333333 19209213.6 22598493.5666667 22752598.4666667
46212186 44385879.0333333 52459122.3666667 45746001.7 49058156.2 39070627.2333333 46121326.8666667 51008327.9 47967782.8666667 52285736.9333333 42988036.3666667 56400127.6333333 46786245.7333333 43715360.2666667 46205611.3333333 50604119.3 49431496.1333333 48430693.1 46749263.6666667 53312941.9666667
76982730.3333333 74392586.7666667 75757787 65350501.9333333 66651212.1 57206901.7333333 67984469.8333333 53279159.1 65329633.9666667 52409737.3666667 64626180.9 67551323.6333333 49907692.8666667 66151395.6666667 55586635.2666667 56062203.8333333 60016883.6333333 89933501.0666667 68827668.3333333 60927396.5
68464180.9 69252475.0666667 89205210.3333333 88703770 95295359.1333333 102583918.2 88286026.1333333 76096203.4 75491748.4 79969740.5333333 94546928.5 83567124 96768613.7666667 75432084.0333333 82516740.0666667 82708770.6333333 75501458.4333333 70621467.3666667 84888583.8666667 82693243
198083441.233333 198417379.266667 198390046.133333 198613597.333333 198418602.533333 198463225.066667 198642291.966667 198326175.4 198538283.633333 198466410.4 198640930.8 198559720.666667 198530655.9 198694859.5 198653477.433333 198841947 199347337.233333 200321556.2 201254302.633333 203187400.066667
280130357.7 280157529.866667 280161394.866667 280263823.7 280277884.333333 280155127.033333 280240752.033333 280213357.933333 280271749.2 280282827.766667 280278688.366667 280299945.866667 280293423.233333 280338311.266667 280323950.266667 280527616.166667 280833308.266667 281690547 282710985.333333 284165377.633333
409757188.666667 406564921.766667 409830858.333333 409708001.4 409743854.833333 409731927.533333 409969806.133333 406682058.9 409771415.666667 406927407.133333 406570294.4 409773888.8 406657889.766667 406588765 406739309.033333 406734924.766667 407104694.066667 407429109.166667 408254198.933333 409273700.866667
470767403.966667 475070968.766667 475101851.933333 475121657.066667 475088281.166667 475109274.4 475114235.9 475085615.733333 475104028.633333 475092451.9 475089469 475099191.5 475096345.866667 475111408.333333 475108625.3 475193079.566667 475304921.233333 475537802.566667 475991682.9 476490363.133333
500506524.733333 500433715.7 500545449.266667 500491263.3 500493539.433333 500494976.1 500634320.5 500495433.533333 500618692.566667 500635733.233333 500574215.766667 500498894.7 500615137.033333 500513689.833333 500513916.866667 500618513.5 500656524.566667 500654020.866667 500803199.166667 500901426.733333
504369002.866667 504368428.566667 504368231.4 504369270.966667 504369213.5 504368772.233333 504368348.266667 504369212.233333 504371257.5 504367512.466667 504369806.333333 504370046.033333 504370489.666667 504373052.333333 504382699.533333 504394734.133333 504422000.833333 504439760.4 504506232.5 504541987.533333
504373751.766667 504371493.2 504370640.5 504369615.9 504372179.733333 504370647.4 504372537.066667 504371466.4 504370676.7 504373577.7 504372515.666667 504371421.233333 504375527.3 504378943.866667 504385026.866667 504394732.2 504413181.533333 504438846.733333 504473493 504497986.866667
504374089.666667 504371724.066667 504373156.166667 504374983.433333 504374591.033333 504375037.366667 504374473.966667 504375617.2 504375478.066667 504375521.333333 504375172.1 504375142.6 504376089.533333 504381236.133333 504386535.966667 504399526.9 504422884.366667 504435456.033333 504442383.733333 504472260.766667
504376007.633333 504374935.433333 504374458.4 504376026.433333 504384780.866667 504377989.166667 504375186.933333 504375070.8 504374856.166667 504372658.666667 504374961.233333 504376909.366667 504378321.133333 504382464.9 504387417.366667 504395971.733333 504420343.866667 504440661.733333 504445718.766667 504446012.5
