260.9 354.533333333333 424.366666666667 388.9 419.233333333333 425.033333333333 437.333333333333 440.1 402.066666666667 413.766666666667 488.066666666667 424.733333333333 429.466666666667 448.766666666667 486.5 568.933333333333 487.333333333333 656.9 891.6 321.333333333333
2294.73333333333 2737.43333333333 2835.63333333333 2683.4 2842.9 2887.5 2663.4 3044.73333333333 3094.06666666667 2902.1 3305.06666666667 3123.3 3148.23333333333 3778.06666666667 3673.03333333333 4017.83333333333 4804.66666666667 5424.86666666667 5142.43333333333 2081.7
9901.9 13612.1333333333 15794.9333333333 16738.0333333333 16253.2666666667 16177.9666666667 17239.1 18634.1 20541.4 21079.9333333333 22162.2333333333 21740.5666666667 24165.7 30162.8333333333 32998.1 36498.7333333333 42346.7 48527.7333333333 39833.7333333333 8571.13333333333
18802.9333333333 19394.9666666667 23801.4 26985.1666666667 30595.9666666667 36046.2666666667 43394.0666666667 48937.3333333333 47200.1666666667 50012.6333333333 51668.5333333333 49069.3666666667 52335.3666666667 69264.0333333333 92164.8 97451.1333333333 115793.333333333 116451.933333333 81211.0333333333 17725.0666666667
35213 35146.5 35038.3 40489.2333333333 47175.8333333333 47159.3 54471.8666666667 61956.9 61172.0666666667 64284.6666666667 65432.5666666667 64988.6 81802.7666666667 106130.1 165812.966666667 176746.633333333 171697.066666667 163398.733333333 103102.666666667 36704.5333333333
85142.7666666667 454438.066666667 60472.4 59587.4 73832.4333333333 63094.6666666667 61261.3 62530.0333333333 65293.8 62744.0666666667 65529.3666666667 62036.9666666667 69633.8 123688.4 569803.266666667 205265.1 198301.133333333 618474.333333333 157093.466666667 57697.5666666667
3764287.96666667 4322059.43333333 3856864.9 3500611.76666667 1946240.9 4488324.93333333 3027501.96666667 4492274.93333333 2932547.1 2417041.63333333 3454919.9 3552624.5 3234533.96666667 2435961.33333333 2993511 3233671.43333333 5162843.66666667 5851299.86666667 3939969.1 4888393.23333333
18763818.9 24455135.4333333 18791873.1666667 19813663.4666667 16082443.5666667 19655506.2333333 21352858.1333333 24337042.8666667 24603346.7333333 20392282.1 22227016.2 20520482.6666667 18769652.3 20393677.7 20941348.0666667 19966923.8666667 19088580.1333333 25645183.1333333 17608121.5333333 21520374.6333333
46438335.9 50286383.6333333 51265805.1666667 50221120.8333333 45808140.1 51523402.1333333 54023856.4 50687944.5666667 46646426.3666667 49913036.0666667 52099308 51680009.4333333 53357030.1666667 51994719.3 61112506.3666667 57766613.4 46862397.8 54809297.7333333 51569976.4 44124620.1666667
69171197.0666667 63697961.1 66330310.2333333 72311768.2 70917024.5333333 64554112.7666667 69380506.6666667 73471376.6 78454970.9 56361184.8666667 64626746.1333333 51663675.6 67928192.7333333 76624153 64063437.8333333 79941121.1666667 65488601.8666667 51690548.7 70345742.6 66973454.8666667
77058888.9 82059354.9333333 82618241.6666667 81871698.1333333 76644840.5 87561418.5 81900013.6 82472889.2 88420637.9333333 89029834.4 96906219.3666667 96956297.4666667 81927373.6333333 87844963.6 88777848.9666667 87763984.4666667 80706818.3333333 75253912.7 94959676.1 81134294.8333333
198568389.833333 198811980.766667 198763880.833333 198745943.566667 198715000.8 198635923.1 198559800.733333 198494656.166667 198486633.266667 198393415.5 198316558.433333 198475616.666667 198450788.266667 198451120.466667 198316415.466667 198521742.366667 198614984.133333 198820313.766667 198814160.966667 198558982.433333
280201130.6 280325936.266667 280157547.566667 280187883.366667 280229748.366667 280147745.1 280199862.633333 280220784.233333 280233912.366667 280178656 280201374.1 280325555.366667 280190992.166667 280221398.366667 280216886.933333 280255062.6 280217192.233333 280348757.733333 280325314.533333 280214032.866667
409680305.433333 406814387.533333 409891294.166667 406667582.133333 406569598.033333 409787134.6 406700226.633333 406678943.333333 406916845.533333 409749286.333333 406499648.366667 407496982.166667 406553687.233333 413012573.233333 406564201.033333 406611829.833333 406547420.533333 406660186.933333 406629572.233333 409828616
475067340.466667 475106480.8 475088012.133333 475105673.233333 475084241.933333 475068723.433333 475081008.933333 475075091.366667 475083401.433333 475119250.933333 475086141.2 475083370.766667 475091774.233333 475126123.1 475096333.8 475094172.633333 475081054.666667 475108392.766667 475119232.4 475109389
500478663.633333 500622311.766667 500616964.366667 500619092.666667 500608870 500614569.2 500515842.1 500582873.466667 500549467.9 500491295.866667 500495081.033333 500499982.966667 500495011.266667 500516862.3 500503553.8 500548519.2 500614410 500535175.166667 500356486 500507635.766667
504368355.666667 504368296.733333 504368104 504365938.7 504368199.166667 504364821.233333 504370853.333333 504367443.1 504369401.6 504366859.566667 504369415.166667 504368858.9 504369727.333333 504368657.233333 504367993.666667 504370328.766667 504370946.133333 504369588.833333 504367579.433333 504371251.8
504371680.966667 504370176.266667 504371583.266667 504371569.2 504370191.533333 504371647.466667 504373577.9 504374398.333333 504372341.566667 504373759.333333 504374938.233333 504371976.4 504373053.8 504368927.066667 504371879.8 504371113.666667 504371275.066667 504373333.166667 504370453.066667 504373812.233333
504370060.033333 504374870.933333 504370457.533333 504372558.3 504372987.466667 504373980.233333 504372170.366667 504372065.466667 504371698.2 504372660.333333 504371193.266667 504374022.866667 504375919.966667 504372378.033333 504374891.466667 504374598.7 504373764.9 504374948.066667 504375718.7 504372816.366667
504373665.1 504373373.4 504374508.366667 504380961 504376563.533333 504380702.333333 504376275.433333 504377113.9 504377122.2 504376312.633333 504376100.9 504376902.033333 504379113.3 504379134.3 504378581.833333 504378428.666667 504378582.5 504378574 504379945.133333 504378587.566667
