34.4 33.5333333333333 35.8333333333333 40.7666666666667 51.1 68.3333333333333 88.1 102.133333333333 119.833333333333 140.366666666667 130.1 95.4666666666667 107.6 183.633333333333 230.5 609.433333333333 1808.63333333333 7528.06666666667 17294.1 1997.7
34.2666666666667 33.3333333333333 36.1333333333333 41.3333333333333 43.6 59.6 79.8333333333333 92.7666666666667 113.766666666667 115.566666666667 120.266666666667 91.1666666666667 122.266666666667 153.866666666667 293.033333333333 715.866666666667 1957.56666666667 7338.4 21023.8666666667 417.866666666667
34.7333333333333 32.8666666666667 33.9333333333333 38.2 48.5666666666667 61 83.8 91.6333333333333 119.766666666667 120.666666666667 134.3 98.9 134.833333333333 159.466666666667 216.066666666667 551.3 1662.93333333333 6813 17305.5666666667 541.5
34.5 31.9333333333333 33.8666666666667 36.8 44.7333333333333 67.2333333333333 85.2333333333333 102.333333333333 122.566666666667 154.133333333333 139.7 116.7 112.033333333333 110.133333333333 236.166666666667 509.8 1328.2 6067.83333333333 20254.7666666667 1113.46666666667
33.4333333333333 31.2 34.2 38.0666666666667 47.4 64.5333333333333 89.2666666666667 108.8 129.133333333333 149.666666666667 155.9 88.7666666666667 101.566666666667 122.1 249.533333333333 506 1364.63333333333 5946 19435.6333333333 5408.8
34.8333333333333 33.7333333333333 33.7333333333333 41.0666666666667 54.7666666666667 71.9 92.5333333333333 116.266666666667 132.866666666667 150.266666666667 161.566666666667 168.466666666667 166.466666666667 199.333333333333 487.433333333333 905.9 2095.1 6676.03333333333 21610.9333333333 14489.8
36.3333333333333 35.0333333333333 37.1 43.9 58.8 71.8333333333333 109.233333333333 132.233333333333 149.133333333333 166.6 195.333333333333 183.833333333333 249.666666666667 339.8 756.1 1529.7 3157.5 8638.3 22366.5 25934
38.4666666666667 40.2 44.1666666666667 50.1 77.8333333333333 98.1333333333333 119.933333333333 156.166666666667 179.233333333333 201.2 203.166666666667 232.2 338.333333333333 441.066666666667 1082.66666666667 2267.56666666667 4609.06666666667 10950.8333333333 26907.7333333333 35330.1
37.8666666666667 37.3666666666667 44.5333333333333 60.9333333333333 82.8666666666667 114.633333333333 138.566666666667 174.033333333333 189 217.733333333333 261.1 279.566666666667 341.433333333333 590.833333333333 1409.13333333333 2936.76666666667 5699.43333333333 12960.6 28870.1666666667 40998.8333333333
37.6666666666667 38.5333333333333 44.2 53.5333333333333 74.6333333333333 85.1666666666667 130.933333333333 153.3 200.2 217.833333333333 241.4 284.533333333333 355.833333333333 626.033333333333 1378.6 3176.16666666667 6741.43333333333 14452.5333333333 30893.7 46205.5333333333
34.8333333333333 35.7 41.2 46.0333333333333 66.5 89.1 122.766666666667 160.933333333333 183.066666666667 205.5 234.633333333333 268.166666666667 311.666666666667 629.733333333333 1379.1 3300.73333333333 7120.16666666667 15445.9 32217.7666666667 49039
36.7 35.4333333333333 39.4 42.5 48.8666666666667 67.2333333333333 72.9333333333333 83.5666666666667 77.7333333333333 99.4 76.0333333333333 81.8333333333333 139.466666666667 346.133333333333 1013.8 3138.26666666667 7366.23333333333 16444.4666666667 34242.7 52023.3666666667
33.3333333333333 35 39.9 38.9 49.2333333333333 58.1333333333333 77.7 112.033333333333 123.966666666667 140.2 133.133333333333 123.6 125.1 310.733333333333 1003.36666666667 3137.2 7383.3 16500.7 34442.2333333333 52180.7666666667
34.1666666666667 34.7666666666667 37.2 48.1333333333333 60.6666666666667 77.2 110.9 138.866666666667 153.1 173.066666666667 182.3 176.833333333333 197.266666666667 379.833333333333 991.933333333333 3200.33333333333 7616.13333333333 16667.9333333333 34606.6 52439.9
34.7666666666667 38.5666666666667 40.3333333333333 47.2333333333333 66.4333333333333 89 120.766666666667 152.366666666667 180.7 201.033333333333 225.8 213.933333333333 228.4 378.166666666667 922.566666666667 2993.43333333333 7495.16666666667 16859.8 34684.8666666667 53066.7
36.4333333333333 36.7666666666667 43.4666666666667 52.8 60.2 90.3666666666667 127.466666666667 166.9 174.9 189.4 185.866666666667 149.033333333333 255.5 406.7 877.1 2918.53333333333 7360.93333333333 16891.1333333333 34871.5 53066.4666666667
37.9666666666667 38.2333333333333 45.7 49.7333333333333 69.7333333333333 95.6 144.066666666667 164.066666666667 205.866666666667 228.233333333333 238.766666666667 169.4 267.433333333333 449.833333333333 1029.73333333333 2931.36666666667 7507.73333333333 17064.5333333333 34815.6 52990.8666666667
37.1333333333333 39.3 42.2 54.7333333333333 69.3 94.2 129.3 153.633333333333 204.566666666667 199.766666666667 222.6 168.533333333333 273.3 388 954.666666666667 2807.8 7668.83333333333 17173.8666666667 34806 52649.8
41.8333333333333 42.8 46.2 52.1333333333333 65.2333333333333 72.1666666666667 96.9 122.166666666667 134.5 181.766666666667 145.133333333333 152.9 175.833333333333 187.433333333333 582.333333333333 2308.53333333333 7827.76666666667 17228.6 34282.4666666667 52276.3
36.9 35.9666666666667 37.7333333333333 41.6 41.9 42.7 43.0666666666667 45.5666666666667 53.7 54.3666666666667 52.6666666666667 72.4333333333333 54.7333333333333 89.5333333333333 454.766666666667 1631 5663.26666666667 15406.2333333333 33456.4333333333 52227.2333333333
