374 717.966666666667 537.666666666667 509.633333333333 555.933333333333 613.8 685.533333333333 775.9 850.833333333333 900.666666666667 1008.8 1128.76666666667 1241.43333333333 2012.6 3280 5353.93333333333 9491.43333333333 16233.4666666667 29289.6 44488.0333333333
15720020.8666667 14641593.0666667 10469211.6 19423575.3666667 18785371.5666667 38439332 10086348.1666667 21081209.2666667 9873845.4 28096359.4666667 24554396.2666667 14091306.8333333 19259596.1 18710703.4 29239371.4666667 9956717.73333333 9549526.9 19346468.8666667 15799101.6666667 14024344.8333333
497276212.133333 499875546.233333 499087171.1 495435483.433333 499471071.066667 498812674.333333 501398651.2 497383958.666667 494262667.533333 497942994.666667 496995115.3 499897506.733333 500126112.766667 497677077.533333 499351248.933333 502202923.366667 496231210.533333 498422431.4 494882373.966667 500286552.866667
503317294.4 503317300.533333 503317294.4 503317292.833333 503317300.9 503317317.6 503317305.833333 503317309.233333 503317305.633333 503317302.066667 503317305.633333 503317296 503317318.533333 503317306.5 503317333.1 503317324.166667 503317431.233333 503317342.233333 503317316.3 503317776.033333
503317197.166667 503317190.8 503317198.6 503317210.066667 503317202.966667 503317212.133333 503317205.166667 503317255.466667 503317208.633333 503317209.8 503317203.2 503317208.866667 503317231.966667 503317225.033333 503317356.666667 503317259.9 503317437.533333 503317235.6 503317240.466667 503318229.966667
503317727.8 503317726.7 503317752.133333 503317826.266667 503317677.7 503317834.766667 503317696.066667 503317701.8 503317792.4 503317826.466667 503317818.133333 503317853.566667 503317650.233333 503317910.566667 503317997.233333 503317806.866667 503317972.533333 503317907.8 503317733.966667 503318929.266667
503400734.133333 503401070.466667 503400597.533333 503400653.033333 503400413.966667 503401229.533333 503400689.733333 503400867.066667 503400525.866667 503400805 503400719.433333 503400802.8 503400880.233333 503400552.7 503400978.933333 503400795.033333 503401362.9 503400953.033333 503401140.133333 503402546.2
504308445.566667 504308503.5 504308396.533333 504308347.3 504308605.1 504308444.7 504308521.366667 504308451.966667 504308443.233333 504308464.366667 504308422.6 504308639.566667 504308581.066667 504308627.333333 504308891.8 504309099.166667 504308834.566667 504308862 504310009.333333 504310848.2
504308189.8 504308132.333333 504308244.6 504308169.8 504308267.1 504308242.366667 504308397.3 504308258.9 504308316.1 504308522.966667 504308365.9 504308514.2 504308441.133333 504309019.6 504308921.666667 504309429.233333 504309790.433333 504309796.166667 504312011.5 504313516.266667
504242796.033333 504242699 504242573.066667 504242689.733333 504242676.3 504242477.8 504242808.033333 504242912.7 504243028.8 504242749.5 504242712.466667 504243121.7 504243336.233333 504244027.666667 504244186.333333 504245318.833333 504245614.633333 504246955.5 504253875.433333 504256340.966667
504308654.733333 504308680.833333 504308660.166667 504308499.1 504308966.033333 504308884.833333 504309180.866667 504308756.3 504309038 504308974.6 504309182.366667 504309476.5 504309730.733333 504310470.033333 504311802.133333 504313063.5 504315245.266667 504318670.133333 504327884.833333 504334068.6
504314805.8 504314880.433333 504316257.266667 504315721.8 504314886.533333 504315665.666667 504315460.433333 504315835.766667 504315166.866667 504315522.666667 504315823.133333 504315982.8 504317194.5 504317461.7 504320908.866667 504326357.3 504333553.5 504347924.866667 504381205.1 504409828.833333
504323253.433333 504323320.033333 504324295.333333 504324143 504323193.9 504324459.9 504324685.433333 504324261.933333 504324311.3 504324755.266667 504325278 504324697.866667 504325925.066667 504326300.566667 504331549.366667 504337179.833333 504350056.4 504368902.433333 504419466.333333 504459802.233333
504352202.9 504355170.533333 504353545.2 504353444.4 504354100.233333 504353162.566667 504353797.433333 504356388.2 504354235.833333 504358334.866667 504356438.6 504356246.133333 504356961.933333 504359143.833333 504364539.1 504371629.1 504387852.9 504422687.033333 504486982.966667 504546452.766667
504375889.6 504368528.466667 504370935.566667 504369647.366667 504369235.566667 504369897.866667 504371850.833333 504368777.066667 504371187.9 504369770.8 504371917.466667 504371908.366667 504372280.066667 504374001.366667 504379978.066667 504390363.333333 504411803.8 504450481.2 504528043.566667 504608067.133333
504382522.066667 504382307.333333 504381256.066667 504381538.8 504383408.7 504381950.133333 504381851.366667 504383289.9 504382824.066667 504383306.733333 504383729.7 504385419.066667 504384560.666667 504387013.8 504392308.866667 504402180.533333 504424036.166667 504468628.833333 504550245.133333 504599478.333333
504381869.433333 504383638.8 504383270.633333 504384348.6 504384440.466667 504383810.366667 504383391.5 504383941.833333 504386037.566667 504382446.8 504384764.233333 504384672.366667 504385206.733333 504387283.966667 504396601.4 504408377.333333 504435375.766667 504453174.666667 504518924.833333 504554137.833333
504383804.8 504383791.5 504382792.6 504382154.266667 504384324.3 504382983.933333 504384710.466667 504383591.366667 504382835.833333 504385427.033333 504384429.4 504383403.133333 504387514.4 504390415.766667 504396103.833333 504405800.533333 504423777.233333 504449404.866667 504483571.733333 504507885.033333
504384130.8 504382931.566667 504384315.433333 504386112.766667 504385717 504385991.266667 504385543.333333 504386514.833333 504386444.866667 504386533.4 504386248.133333 504386031.433333 504386860.5 504392015.733333 504396942.366667 504409983.9 504433146.6 504445500.133333 504452017.033333 504482139.633333
504385700.033333 504385431.4 504384802.5 504386519.4 504395071.033333 504388068.433333 504385516.9 504385337.266667 504385224.533333 504383278.366667 504385204.533333 504387115.2 504388373.066667 504392360.533333 504397082.1 504405885.766667 504429679.733333 504449942.066667 504455087.1 504455754.4
