355.566666666667 449 522.466666666667 474.7 505.933333333333 524.366666666667 530.8 529.9 492.233333333333 508.066666666667 586.066666666667 516 527.6 549.7 586.133333333333 665.733333333333 592.566666666667 761.866666666667 978.333333333333 396.2
14855012.4666667 4779162.23333333 19936587 4703203.56666667 26600340.5333333 25642935.3666667 14558241.7 21001251.2666667 26166502.6 4781203.9 9473069 9946516.16666667 9325823.5 20422956.1 9473547.1 4855455.43333333 19883058.2 14561099.1333333 10020.4333333333 15774048.2
500279034.033333 498833345.8 499390401.2 499495283.3 500291911.966667 500379922.266667 497102496.866667 496864583.933333 498701433.466667 499383735.533333 497287661.2 500260092 496376166.333333 497381570.433333 499463023.966667 502354939.2 501185983.166667 500255606.833333 499360388.9 502224759.833333
503317284.366667 503317308.933333 503317293.533333 503317295.466667 503317306.366667 503317298.3 503317306.366667 503317298.3 503317322.566667 503317292.566667 503317295.333333 503317299.4 503317300.1 503317304.133333 503317292.166667 503317291.733333 503317289.1 503317313.133333 503317316.333333 503317296.733333
503317202.6 503317215.4 503317209.4 503317207.7 503317202.066667 503317203.166667 503317211.733333 503317212.566667 503317218.2 503317205.366667 503317212.8 503317204.8 503317209.066667 503317235.4 503317213.6 503317232.233333 503317219.733333 503317207.7 503317213.266667 503317213.9
503317590.333333 503317472.8 503317551.333333 503317501.266667 503317511.533333 503317553.033333 503317692.666667 503317744.233333 503317571.8 503317449.866667 503317511.9 503317535.566667 503317506.433333 503317520.666667 503317622.7 503317501.866667 503317575.966667 503317584.733333 503317567.5 503317540.466667
503400822.666667 503401075.166667 503400900.733333 503400935.566667 503400567.566667 503401313.6 503400834.433333 503401093.166667 503401230.633333 503400607.166667 503400929.333333 503401269.266667 503400887.2 503400629.2 503400658.733333 503400727.2 503400952.6 503401260.833333 503400900.1 503400869.566667
504308440.666667 504308646.5 504308524.133333 504308531.5 504308328.666667 504308401.033333 504308434.566667 504308485.966667 504308464.933333 504308401.6 504308379.633333 504308357.1 504308612.966667 504308464.033333 504308567.366667 504308399.766667 504308406.533333 504308593.966667 504308571.933333 504308680.633333
504308143.766667 504308066.166667 504308074.533333 504308205.9 504308257.4 504308344.366667 504308599.966667 504308356.7 504308225.133333 504308191.166667 504308457.6 504308302.2 504308355.7 504308244.333333 504308588.5 504308356.3 504308155 504308396.9 504308314.533333 504308206.366667
504242606.2 504242723.866667 504242468.766667 504242525.933333 504242417.2 504242662.566667 504242790.966667 504242764.433333 504242731.533333 504242541.466667 504242742.933333 504242259.933333 504242687.9 504242844.033333 504242611.733333 504242965.533333 504242616.433333 504242402.766667 504242712.933333 504242775.6
504308803.3 504308941.266667 504308803.133333 504308924.6 504308557.4 504308803.3 504308841 504308802.566667 504309023.433333 504308784.933333 504309309.8 504308840.666667 504308792.533333 504308729.366667 504308564.466667 504308954.466667 504308787.333333 504308865.7 504308854.566667 504308840.133333
504314861.566667 504315254.533333 504315990.133333 504315164.2 504314505.366667 504314866.533333 504315755.966667 504315177.733333 504315650.333333 504314909.333333 504315978.7 504315654.333333 504316229.4 504315151.266667 504314945.4 504314957.233333 504314548.6 504316374.466667 504315252.5 504315446.7
504323643.633333 504324932.166667 504323600.266667 504324599.6 504325485.266667 504325298.366667 504324752.233333 504324721.8 504324497.966667 504323535.833333 504326472.066667 504323492.133333 504326511.766667 504321695.133333 504322796.1 504322190.366667 504324133.2 504323101.433333 504323967.733333 504323911.8
504350173.6 504354420.433333 504353539.033333 504355025.9 504357872.166667 504353222.1 504353877.133333 504353856.8 504355250.666667 504353920.6 504360238.366667 504355112.433333 504359245.133333 504349083.466667 504352715.433333 504352895 504354725.566667 504352707.166667 504353422.466667 504353879.766667
504371148.9 504369706.833333 504369836.766667 504368843.466667 504371463.733333 504369458.166667 504369705.966667 504368347.733333 504369415.666667 504370254.7 504374318 504370599.866667 504372838.633333 504368989.7 504368799.9 504369216 504370335.566667 504370844.866667 504369837.233333 504370032.366667
504382315.266667 504382999.166667 504382220.466667 504384307.966667 504383113.033333 504381022.8 504380871.466667 504385451.9 504382160.766667 504381644.8 504386432.233333 504383243.5 504386992.766667 504381210.133333 504381425.666667 504382608.633333 504383098.533333 504382991.1 504385981.666667 504385893.266667
504383501.166667 504383437.9 504382993.966667 504380747.8 504383446.866667 504379706.333333 504384794.166667 504381496.9 504383546.1 504380875.3 504383970.766667 504384014.8 504384304.966667 504383676.766667 504383551.633333 504385836.766667 504386147.366667 504384630.033333 504382511.833333 504383687.833333
504384198.733333 504382638 504383844.433333 504383729.3 504382742.266667 504383501.966667 504384653.266667 504385414.9 504383575.533333 504384809.833333 504385993.6 504384201.066667 504384741 504381307.8 504384563.666667 504383850.766667 504383774.066667 504385494.266667 504382561.7 504383607.433333
504381443.833333 504386173.9 504381818.733333 504384170.1 504384527.233333 504384714.866667 504382567.9 504382423.533333 504381826.3 504383090.5 504381561.233333 504384523.766667 504386232.733333 504383520.266667 504386629.166667 504386321.366667 504385413.5 504386782.166667 504386386.533333 504382532.4
504384369.266667 504383892 504384984.233333 504391469.6 504387138.366667 504390884.733333 504386072.066667 504386857.066667 504386796 504386170.766667 504386227.6 504386451.966667 504388701.666667 504388818.066667 504389449.1 504389373 504389189.166667 504389248.1 504389888.7 504387822.3
