57.3 59.2 70.6333333333333 88.4333333333333 121.066666666667 155.833333333333 194.5 232.066666666667 265.466666666667 302.366666666667 335.4 461.366666666667 600.333333333333 1114.96666666667 2167.73333333333 4243.53333333333 8371.7 16614.8666666667 33101.1 49406.9333333333
55.2666666666667 59.9333333333333 71.5 88.2333333333333 119.766666666667 156.1 192.066666666667 231.8 265.3 299.233333333333 330.166666666667 461.233333333333 595.966666666667 1118.86666666667 2166.93333333333 4234.16666666667 8353.13333333333 16561.9666666667 32984.0666666667 49401.8
57.0333333333333 58.8666666666667 71.8666666666667 88.1 121.6 156.166666666667 194.466666666667 233.7 264.466666666667 297.666666666667 330.566666666667 460.266666666667 598 1112.93333333333 2170.3 4241.23333333333 8353.43333333333 16564.2666666667 32982.1666666667 49396.8666666667
54.9333333333333 59.0666666666667 73.4 89.2666666666667 119 154.2 195.033333333333 229.9 263.766666666667 297.966666666667 327.733333333333 462.166666666667 596.466666666667 1113.03333333333 2163.4 4236.76666666667 8353.53333333333 16563.7666666667 32982.5333333333 49399.4666666667
56.4 60.2333333333333 73.1 90.1333333333333 121.633333333333 155 192.7 232.033333333333 263.833333333333 297.933333333333 329.666666666667 460.866666666667 596.1 1119.5 2157.83333333333 4244.2 8354.3 16559.8333333333 32993.8 49399.5666666667
55.7333333333333 59.1666666666667 72.2333333333333 89.8 121.466666666667 155.233333333333 194.866666666667 230.5 264.266666666667 297.666666666667 333.866666666667 464.866666666667 592.7 1114.86666666667 2157.33333333333 4248.76666666667 8353.8 16564.4333333333 32988.2333333333 49399.1666666667
55.0666666666667 58.6666666666667 71.1333333333333 91.3666666666667 120.866666666667 156.8 199 234.466666666667 265.733333333333 300.566666666667 341.033333333333 468.833333333333 597 1120.06666666667 2167.66666666667 4266.06666666667 8388.93333333333 16649.6 33086.1666666667 49441.7
58.6 62 72.4 88.9 125.3 163.333333333333 204.833333333333 245.066666666667 282 311.833333333333 340.4 477.566666666667 621.133333333333 1133.16666666667 2231.23333333333 4381.4 8623.26666666667 16834.9333333333 34646.0666666667 49750.1333333333
54.5666666666667 58.5 73.7333333333333 94.6666666666667 129.766666666667 171.233333333333 215.266666666667 253.166666666667 296 334.2 363.9 487.6 631.633333333333 1165.03333333333 2270.83333333333 4417.26666666667 8563.33333333333 17066.0666666667 34068.9 50156.2333333333
55.4 60.9666666666667 76.7333333333333 88 126.1 163.633333333333 213.033333333333 260.1 297.733333333333 323.5 359.3 505.533333333333 631.2 1173.3 2224.56666666667 4395.13333333333 8666.06666666667 17111.2 33901.3333333333 50500.9666666667
57.5333333333333 60.5666666666667 71.4666666666667 91.3 124.133333333333 168.133333333333 205.933333333333 249.4 283.333333333333 319.266666666667 359.2 504.7 637.033333333333 1171.13333333333 2244.66666666667 4394 8632.96666666667 17268.3333333333 34183.7666666667 51391.2333333333
59.0666666666667 60.3333333333333 72.8666666666667 92.1666666666667 123.033333333333 157.5 196.566666666667 235.2 281.966666666667 313.633333333333 336.7 461.166666666667 614.266666666667 1145.7 2231.06666666667 4446.76666666667 8795.16666666667 17535.5 34895.6 52268.7
59.0666666666667 62.6 73.7333333333333 91.2 123.466666666667 158.566666666667 200.266666666667 237.9 268.366666666667 307 338.6 471.633333333333 600.1 1147.33333333333 2232.83333333333 4451 8818.56666666667 17514.6 35158.7333333333 52336.8666666667
55.9333333333333 59 73.8 86.3 122.266666666667 159.733333333333 207.3 240.066666666667 273.9 307.9 343.133333333333 486.766666666667 620.433333333333 1148.8 2234.53333333333 4451.96666666667 8821.33333333333 17622.1333333333 35183.2666666667 52539.4
59.1666666666667 63.7666666666667 75.8666666666667 90.4333333333333 129.833333333333 161.066666666667 202.4 242.366666666667 277.533333333333 313.933333333333 345.333333333333 493.6 614.033333333333 1146.8 2216.46666666667 4452.16666666667 8894.03333333333 17791.8666666667 35477.2333333333 53120.0333333333
55.2333333333333 61.4 77.1333333333333 91.9666666666667 123.8 160.1 201.733333333333 244.9 275.766666666667 317.666666666667 351.766666666667 476.4 628.133333333333 1151.6 2218.7 4467.8 8908.43333333333 17818.0333333333 35531.8666666667 53113.9666666667
57.4 62.5333333333333 77.1 94.8 129.1 160.366666666667 201.833333333333 244.133333333333 278.666666666667 315.8 347.8 485.9 619.433333333333 1154.56666666667 2224.73333333333 4455.26666666667 8928.43333333333 17874 35506.6666666667 53042.5333333333
58 62.3666666666667 73.5 91.1 127.666666666667 161.433333333333 205.233333333333 245.333333333333 281.2 314.8 347 483.9 619.033333333333 1147.56666666667 2225.33333333333 4442.7 8947.66666666667 17901.6333333333 35437.3 52723.6
59.3333333333333 63.9 74.7666666666667 92.7333333333333 126.6 162.433333333333 202.366666666667 243.633333333333 274.433333333333 316.6 343.866666666667 487.7 616.2 1137.83333333333 2191.8 4405.16666666667 8966.83333333333 17922.3333333333 35498.1333333333 52548
54.9666666666667 58.1666666666667 69.6 87.2 119.7 154.733333333333 191.5 225.966666666667 258.666666666667 294 326.466666666667 460.2 588.2 1115.63333333333 2183.93333333333 4367.63333333333 8802.16666666667 17790.0666666667 35559.4333333333 52448.3666666667
