313.166666666667 2121.96666666667 8322.6 16536.3333333333 32968.2 49409.4 65851.9666666667 82309.2333333333 98734.7666666667 115173.166666667 131613.666666667 197318.1 263032.266666667 525870.933333333 1051549 2102849.76666667 4205458.83333333 8410789.3 16820814.9 25229716.3666667
313.233333333333 2113.93333333333 8306.16666666667 16514.5666666667 32933.6666666667 49360.5 65791.2 82215.4666666667 98635.9666666667 115055 131470.933333333 197150.566666667 262812.333333333 525486.233333333 1050835.93333333 2101597.96666667 4203211.06666667 8406484.86666667 16813109.4 25219462
314.666666666667 2123.43333333333 8304.33333333333 16517.2333333333 32929.5333333333 49360.1 65789.5 82216.6666666667 98634.7333333333 115052 131471.633333333 197143.533333333 262810.033333333 525486.766666667 1050847.56666667 2101593.56666667 4203246.13333333 8406539.56666667 16812970.1333333 25219656.6333333
310.366666666667 2117.5 8306.5 16515.5333333333 32936.5333333333 49356.1666666667 65792.3333333333 82215.2 98638.4666666667 115053.566666667 131469.933333333 197143.233333333 262808.066666667 525490.1 1050877.06666667 2101617.23333333 4203396.36666667 8406600.43333333 16812981.3 25220046.2666667
313.4 2119.7 8304.8 16513.0333333333 32933 49360.0666666667 65790.7333333333 82214.8 98643.9 115058.233333333 131471.466666667 197146.566666667 262815.566666667 525496.266666667 1050977.83333333 2101677.93333333 4203521.2 8406578.73333333 16813123.8 25220437.2
315.4 2117.1 8306.96666666667 16517.6333333333 32932 49364.5666666667 65789.3666666667 82221.1 98644.0333333333 115053.766666667 131488.833333333 197149.333333333 262824.8 525504.4 1051056.03333333 2101685.43333333 4203596.3 8406736.5 16813486.3 25221295.8
315.1 2119.7 8306.93333333333 16523.6666666667 32937.8666666667 49376.8333333333 65802.2666666667 82239.1 98666.4 115083.766666667 131501.566666667 197200.166666667 262876.666666667 525600.8 1051385.76666667 2102081.53333333 4204732.63333333 8407811.13333333 16815979.8333333 25223797.9333333
312.733333333333 2118.83333333333 8316.13333333333 16537.6 32973.1666666667 49418.0666666667 65879.5666666667 82296 98715.4333333333 115175.933333333 131621.633333333 197347.966666667 263118.3 526024.4 1051818.76666667 2103238.73333333 4205811.23333333 8410607.56666667 16821767.7 25234847.9333333
315.266666666667 2125.86666666667 8321.53333333333 16544.7333333333 32986.5 49448.9666666667 65908.6666666667 82394.1 98767.9333333333 115278.233333333 131781.133333333 197378.866666667 263152.3 526606.7 1052472.06666667 2104841.13333333 4208714.56666667 8415691.13333333 16830800.9 25244770.9666667
317.1 2118.86666666667 8332.16666666667 16549.5 33015.4333333333 49488.9666666667 65917.5666666667 82478.5 98966.2 115381.433333333 131835.366666667 197695.466666667 263622.366666667 527007.366666667 1053540.93333333 2105934.3 4209807.93333333 8418039.76666667 16831852.1666667 25243675.1666667
313.666666666667 2121.4 8320.23333333333 16540.1333333333 33004.6 49493.5666666667 65986.1333333333 82426.2 98962.7333333333 115428.066666667 131834.333333333 197687.4 263510.566666667 527138.633333333 1053707.36666667 2106632.16666667 4211769.53333333 8419269.86666667 16837778.5333333 25249886.7666667
311.966666666667 2128.96666666667 8345.03333333333 16584.8 33028.4 49463.5666666667 65966.9666666667 82395.2333333333 98942.4666666667 115412.566666667 131907.766666667 197760.233333333 263907.2 527827.1 1055765.06666667 2111326.96666667 4218739.9 8433786.03333333 16867909.4666667 25297163.9333333
312.666666666667 2135.8 8339.23333333333 16591.3666666667 33034.7333333333 49520.2666666667 66029.3 82554.8333333333 99082.1333333333 115621.766666667 132081.4 197988.566666667 264133.666666667 527940.433333333 1057130.53333333 2113764.96666667 4224861.86666667 8443169.86666667 16891152.6 25329816.8666667
311.4 2120.13333333333 8359.8 16661.9 33164.2 49649.3 66317.6666666667 82792.2333333333 99319.5666666667 115770.233333333 132253.866666667 198581.5 264544.2 528972.033333333 1059175.66666667 2118731.2 4234002.96666667 8469050.43333333 16935841.0333333 25396997.8
312.866666666667 2126.73333333333 8340.53333333333 16646.7666666667 33287.4 49748.2 66440.5 83072.4333333333 99369.2666666667 115963.033333333 132519.966666667 199002.4 265276.233333333 530722.5 1061178.93333333 2120781.4 4242955.33333333 8486193.8 16966544.1 25451374.1333333
313.933333333333 2126.1 8404.23333333333 16617.5 33257.2 49790.9 66343.3333333333 82999.7333333333 99372.3333333333 116117.233333333 132518.433333333 198896.4 265359.633333333 530521.1 1060908.6 2120447.83333333 4244512.73333333 8493034.06666667 16979786.4 25436658.3
316.7 2127.73333333333 8367.83333333333 16766.4666666667 33129.7 49653.3333333333 66341.2333333333 82951.9 99688.1666666667 115979.533333333 132728.766666667 198975.533333333 265138.566666667 531049.866666667 1062916.96666667 2125618.06666667 4253366.53333333 8477703.2 16947514.6 25389972.8333333
313.9 2120.86666666667 8362.83333333333 16641.7 33148.7333333333 49905.3666666667 66454.7 83078.2666666667 99481.6333333333 116294.633333333 132499.766666667 199319.966666667 265823.533333333 530826.2 1063053.9 2123390.6 4242535.56666667 8468814.66666667 16911985.9 25344367.9666667
312.333333333333 2139.73333333333 8363.2 16662.0333333333 33267.6666666667 49818.1333333333 66375.6333333333 82924.2333333333 99516.4333333333 116164.833333333 132710.633333333 199178.9 265387.6 531249.933333333 1061803.3 2124590.93333333 4250271.06666667 8470973.86666667 16881166.4333333 25317593.9666667
312.733333333333 2124.43333333333 8345.66666666667 16636.6666666667 33164.4666666667 49677.2333333333 66255.1 82846.4666666667 99435.7666666667 115874.933333333 132418.633333333 198869.966666667 265157.4 530405.366666667 1060707.36666667 2121322.2 4243470.73333333 8469084.56666667 16883117.5666667 25291141.7333333
