32019356462.4 NA NA NA NA NA NA NA NA NA NA NA NA NA
31224961961.4 31227114036.4 NA NA NA NA NA NA NA NA NA NA NA NA
29119833344 29112315555.2 29101840738.6 NA NA NA NA NA NA NA NA NA NA NA
22767138567.4 22750313784.2 22793746579.8 22749674802.2 NA NA NA NA NA NA NA NA NA NA
8867980190.8 8861156334.8 8866536705.2 8860621240.8 8854972852.4 NA NA NA NA NA NA NA NA NA
6919957433 6998790223.2 6921176494.4 6912031444.2 6907478169 6916110009.8 NA NA NA NA NA NA NA NA
5931577848.8 5927839902.6 5922750677.8 5920943609.6 5920971044.4 6052538949 5924597893 NA NA NA NA NA NA NA
6612718980 6612552290.6 6606209504.8 6603005748 6604223668 6603894341.6 6604275353.8 6768969534.2 NA NA NA NA NA NA
8535853878 8540876488.4 8535760664.4 8530144433.4 8601988042.6 8531145695.2 8530636745.2 8622545583.6 8563504491.4 NA NA NA NA NA
9806334239.6 9928603403.4 9800040426.4 9795210417.4 9792756035.4 10086227105.6 9798237517.6 9809664536.2 9831990948 10038983416.2 NA NA NA NA
8627116245.8 8620307289.6 8621618492 8624181489.6 8620030814 8619231333.2 8622630110.8 8632671318.2 8655712806.6 8688663758.2 8686923557.2 NA NA NA
7903251938.2 8092049248.6 7896691096.6 7892061591.6 7887303240.4 7891626996.6 7895199142.8 7902193090.2 7930010866 7958767042.6 7955381020.6 7954784482.6 NA NA
7649030424.6 7651403834.6 7640757857.2 7638009585.8 7636395357.2 7639196265 7639586954.4 7649283006.2 7674626787 7731061945 7704614453.6 7697785789.4 7700155260.8 NA
7647348445 7653114386.6 7646755882 7645213930.6 7642100687 7639513816.2 7648480490.2 7750343121.2 7679196723.6 7705518085.6 7704077168.8 7705033524.8 7704901383.4 7705960263
