30361383278.375 NA NA NA NA NA NA NA NA NA NA NA NA NA
30756147631.05 30369582651.15 NA NA NA NA NA NA NA NA NA NA NA NA
30803252052.05 30020158614.35 29856974168.25 NA NA NA NA NA NA NA NA NA NA NA
29812708849.425 29248222736.25 29346613731.8 26340147261.8 NA NA NA NA NA NA NA NA NA NA
29190016852.7 28961254820.85 28805298881.975 25970547847.7 21493010599.9 NA NA NA NA NA NA NA NA NA
28959779638.45 28898320334.6 28649719816.1 25497101136.55 21154523185.35 17183000439.975 NA NA NA NA NA NA NA NA
29321985865.125 28916600984.45 28532705684.675 25588447064.125 21070285760.05 17204359413.05 16773899423.25 NA NA NA NA NA NA NA
28852858707.025 28656829751.425 28349621576.85 25031386132.3 20393061727.675 16379744642.875 15919767109.4 12545388711.925 NA NA NA NA NA NA
27823207038.5 27166661612.725 26887477660.975 23790111259.9 19335736605.9 15482317329.4 15081563616.6 12048908985.675 9848516487.55 NA NA NA NA NA
27836687063.8 27502121288.825 27231622820.7 24152664149.1 19662331969.75 15805642000.9 15490888867.575 12384342138.675 10114879958.15 7800325889.975 NA NA NA NA
27211597580.525 26775518877.725 26562853048.675 23486199718.75 19071674374.35 15297071219.025 14945248707.225 11906563954.775 9739706567.575 7674178566.625 6666538987.15 NA NA NA
27151694264.475 26696765955.4 26500931902.5 23407872890.175 19024799044.775 15236746330.45 14888364068.125 11851221093.3 9692782167.175 7638585883.55 6667584757.6 6622067218.025 NA NA
27041677792.475 26627196755 26407531162.5 23339981947.05 18941810349.5 15161130369.5 14813740148.85 11773237882.8 9611165668.975 7552614492.975 6577933448.45 6577263178.625 6583941647.8 NA
26996015939.625 26582378786.25 26365340826.15 23253733428.875 18863951569.625 15076127658.1 14729847290.425 11678716036.25 9522455566.125 7478567864.625 6499033083.7 6504429790.3 6504847728.225 6529832251.025
