5185379800.95 NA NA NA NA NA NA NA NA NA NA NA NA NA
5088097647.875 5747845348.85 NA NA NA NA NA NA NA NA NA NA NA NA
5073922074.15 5091774344.525 6337568180.3 NA NA NA NA NA NA NA NA NA NA NA
5081941285.2 5059190001.025 5436811866.45 6799305771.4 NA NA NA NA NA NA NA NA NA NA
5086817242.175 5056426956.2 5152979854.925 5820418687.475 6677623875.35 NA NA NA NA NA NA NA NA NA
5091516515.15 5029791655.475 5152541758.725 5119025600.275 5014602774.1 5811274843.625 NA NA NA NA NA NA NA NA
5095942327 5028796979.35 5114048481.725 5327101497.15 4792220645.675 4631542931.3 6737199340.875 NA NA NA NA NA NA NA
5098950136.725 5031090197.225 5117243934.25 4927460042.525 5157311057.95 4758031345.775 5310279618.525 7699521725.65 NA NA NA NA NA NA
5100966269.35 5026100936.475 5087450363.2 5053026913.15 4585600658.95 4226627708.475 5015991779.025 6060707570.725 6831754345.75 NA NA NA NA NA
5094549287.325 5022680182.05 5016631322.1 4944369452.1 4791952626.4 4588792514.175 4652579253.275 6216303501.65 6155917279.825 6234915375.975 NA NA NA NA
5090887720.025 5057367690.4 5221332513.05 5311208848.75 4619166844.925 4385068632.625 5101985623.85 6202822348.025 6039794451.225 6036648967.1 5680614104.6 NA NA NA
5092050138.45 5020303456.125 5138966102.15 4896301033.45 4713833587 4058236386.925 4538939856.675 5973723034.825 6202040808.75 5991608101 5654116785.65 5675541504.2 NA NA
5092741981.95 5018038236.475 5020182230 4718558271.9 4329499158.55 3603280360.45 4313578387.5 6016318547.2 6073584549.3 5980555371.65 5646424858.525 5661233390.35 5651429887.975 NA
5093676966.65 5016665430.925 4986328408.625 4464534528.875 3629380701.475 3058972201.325 4035131480.15 5813679792.775 6170428113.85 5996275762.4 5638854723.1 5629692456.6 5631712090.75 5635636956.475
