31904212638.8 NA NA NA NA NA NA NA NA NA NA NA NA NA
31930333529.2 31080778888.6 NA NA NA NA NA NA NA NA NA NA NA NA
31855625655.2 31093190787.6 28959809027.2 NA NA NA NA NA NA NA NA NA NA NA
31831786299 31086324072.8 28985909908.4 22639726918.4 NA NA NA NA NA NA NA NA NA NA
31867359314.6 31093446847.2 29042399298.4 22639096144.8 8812894433.8 NA NA NA NA NA NA NA NA NA
31879229662.4 31114310832.6 28988198172 22645166987.4 8825154749 6885075676.6 NA NA NA NA NA NA NA NA
31889932937.2 31106808620.8 29013669063.4 22707237965.6 9155965313.2 6882910513.6 5897779119.8 NA NA NA NA NA NA NA
31902398326.4 31119586854.6 28989948224.2 22659554861 8826427910.8 6899762821 5901293401.2 6591463567.6 NA NA NA NA NA NA
31870264739.6 31097786617.6 28949219198.8 22691065999.4 8849867069.2 6922455579.4 5930394444.2 6603848129.4 8535649084.6 NA NA NA NA NA
31978479410.8 31175198689.6 29047990811.4 22709151952.2 8882745843.2 6945496850.4 5947940935 6819535411.8 8557782228.2 9821419602.6 NA NA NA NA
31945551194.4 31112677034.6 29037353812.4 22712645158 8891065407.4 6946870568.8 5953616250.4 6627865459.4 8559484173.8 9824085754.6 8644347001.8 NA NA NA
31935035229.2 31144935825.8 29025199291 22708379182 8880286878.8 6949065784.6 5959554631.2 6628336884.4 8552003347.8 9810295759.6 8642880830.8 7920916061.8 NA NA
31945222291.6 31112943870.2 29036828134.4 22718054334.6 8868747227.6 6942001191.4 5950351831 6638390568.8 8560480199.2 9815222334 8643855084.8 7924957308.6 8876461733.8 NA
31946735763 31196207479.2 29073604895.6 22684298961.2 8885732455.8 6939417465.2 5963767712.4 6641638482.6 8560271505 9822841669 8645162177.4 7921652617.6 7650769608.4 7671850855.2
