5004549640.25 NA NA NA NA NA NA NA NA NA NA NA NA NA
4927996233 4948815043.05 NA NA NA NA NA NA NA NA NA NA NA NA
4973436135.15 5077973249 5077685890.55 NA NA NA NA NA NA NA NA NA NA NA
5046419263.05 5120553539.25 5176568250.15 4994108674.95 NA NA NA NA NA NA NA NA NA NA
5326556413.8 5307877425.15 5359004862.35 5158109860.35 5083834611.25 NA NA NA NA NA NA NA NA NA
4744573005 4476988595.7 4693003070.85 5174041151 5097007021.4 5005527486.35 NA NA NA NA NA NA NA NA
4454842803.55 5238384353.95 5007133836.95 5859010947.85 4850258089.25 4608780561.75 4639863158.75 NA NA NA NA NA NA NA
5370989378.7 5376021648.25 5349931550.85 5375831984 5343794012.75 5348639224.3 5344258214.4 5350045225.8 NA NA NA NA NA NA
5406953370.25 5411210594.6 5411210443.05 5412120796.55 5403502379.45 5398797338.8 5406056441.1 5429114919.85 5407841979.4 NA NA NA NA NA
5493707604.35 5496607633.45 5546598442.4 5551370907.75 5545210824.9 5544521164.5 5545565775.95 5561911109.65 5545412358.5 5516072135.3 NA NA NA NA
5413478206 5468646119.75 5445358693.7 5368581892.95 5442933937.15 5436048764.15 5461104529.9 5405530965.2 5409324630.35 5477369555.5 5473229232.55 NA NA NA
5577599417.55 5581718758.55 5584849386 5595496660.1 5585153453.1 5583238930.85 5590294803.5 5589510886.85 5591477669.7 5596499142.85 5598083494.75 5606006433.85 NA NA
5578763743.65 5579624328.95 5581256545.75 5575607084.05 5575681098 5578146652.25 5576574447.2 5581434817.1 5580280201.55 5594349014.1 5595100303.4 5606098532.9 5604203940.15 NA
5572918683.7 5572812505.2 5575865361.9 5571371989.45 5571020473.3 5572759376.3 5571605589.45 5578306979.75 5578762182.25 5585572325.05 5587188015.7 5596651249.6 5596092591.05 5582205296.7
