32259660794.4 NA NA NA NA NA NA NA NA NA NA NA NA NA
31472632569.8 31462581603.2 NA NA NA NA NA NA NA NA NA NA NA NA
29346557437.6 29321365489.2 29339311966.8 NA NA NA NA NA NA NA NA NA NA NA
22963219504.2 22957180931.8 23058306372.4 22960530497 NA NA NA NA NA NA NA NA NA NA
8932656006.4 8933492620.4 8939624572.2 8928946631.8 9030604001.2 NA NA NA NA NA NA NA NA NA
7279496136 6967448692 6969917187.2 6971067889.2 6968606618.8 6969874778.4 NA NA NA NA NA NA NA NA
5970404579.6 5969816209.2 5968494608.4 5970822426.6 5966936821.8 5964235328.4 5964008593.6 NA NA NA NA NA NA NA
6655153540.2 6661598010.2 6656238365 6660147531.6 6678612580.6 6654255748.2 6650563874.6 6654942949.6 NA NA NA NA NA NA
8601699445.4 8604593421.6 8606626638.8 8610707280.2 8599887506 8589116847.2 8574126133.8 8605252538.6 8643343883.4 NA NA NA NA NA
9885869692.2 9875585798.2 9891148257.8 9884805147.2 9868813484.4 9851150721.4 9839651736.2 10536269268.8 9899026429.4 9877312178 NA NA NA NA
8696455899.2 8698501835.8 8694458763 8697497800.8 8693620604 8675547710.6 8732698363.2 8689826644.6 8689204722.8 8691544057.8 8692394072.6 NA NA NA
7954080445 7959186591.8 7956590952 7953610066.4 8128565465.6 7946870237.4 7934013440.8 7945340856.2 7955133922.6 7994116742.4 7954332089.4 7957322032.8 NA NA
7700512444.4 7753178271.8 7702359161.8 7700499158.8 7699479036 7694368916.2 7696625772.8 7690849665.6 7698474925.6 7702550032 7703027995.2 7698159042.8 7702775706.4 NA
7709399818.8 7706925504.8 7710848465 7707032368.2 7705171482 7695826888.2 7689318333.2 7694261024.8 7705864220.8 7708395429 7703152339.2 7704424477.2 7703092301.2 7705142597.2
