27489416219.25 NA NA NA NA NA NA NA NA NA NA NA NA NA
27473842030.225 27072930161.325 NA NA NA NA NA NA NA NA NA NA NA NA
27667647623.15 27130786964.125 26954865431.275 NA NA NA NA NA NA NA NA NA NA NA
27551884269.175 27209035414.05 26992268618.15 23828176668.1 NA NA NA NA NA NA NA NA NA NA
27654935359.6 27187672982.725 27059573929.75 23862103101.475 19352671761.875 NA NA NA NA NA NA NA NA NA
27625132081.35 27200599090.15 27063804560.6 23873981375.3 19330777211.075 15446179244.6 NA NA NA NA NA NA NA NA
27608882393.325 27266863565.3 27068963968.925 23900472116.2 19364864148.85 15454141328.3 15077857158.25 NA NA NA NA NA NA NA
27754449160.875 27334249310.5 27171854321.425 24013867424.25 19496899287.2 15578405974.7 15206589598.325 12074788829.625 NA NA NA NA NA NA
27855939316.5 27382294206.725 27218400292.35 24054792331.95 19533390523.65 15611517423.45 15233645955.725 12117277232 9897067180.5 NA NA NA NA NA
27796760856.125 27380633745.8 27240049684.35 24054322206.675 19540882215.95 15642531672.45 15274017094.925 12121787952.1 9911321901.075 7775858472.625 NA NA NA NA
27756646466.55 27363571065.475 27250734037.225 24062192244.1 19525280541.3 15627548642.775 15249653459.175 12109949086.8 9889340353.375 7758639628.175 6746710620.075 NA NA NA
27819504314.125 27482593095.4 27266143191.325 24069365647.775 19541393677.125 15634652007.825 15247604041.9 12141739017.8 9920700420.35 7784635465.425 6775062327.125 6755608446.325 NA NA
27758917446.65 27383505782.375 27224530909.275 24065695513.825 19532437671.75 15613227516.675 15279148389.95 12131485183.6 9913891513.175 7777439230.475 6770843790.175 6763285892.4 6740784961.025 NA
27795925666.8 27304728449.1 27237409509.75 24066363483.15 19536535956 15627127337.525 15235124600.8 12133533016.175 9904390499.575 7777602108.375 6762782733.125 6753873559.225 6731157764.85 6683237145.725
