6365963033.8 NA NA NA NA NA NA NA NA NA NA NA NA NA
6377730977 7259541026.8 NA NA NA NA NA NA NA NA NA NA NA NA
7350690385.2 8189507707.6 6376175634.8 NA NA NA NA NA NA NA NA NA NA NA
7819848272.6 8043070910 7940809701 9399813305.4 NA NA NA NA NA NA NA NA NA NA
6858200696.2 7259259956 6213148470 5520876764.8 3861775927.4 NA NA NA NA NA NA NA NA NA
6362840345.6 5996037867 5529541812.4 4721577967.2 5348854886.8 4829330725.4 NA NA NA NA NA NA NA NA
5464978618 5347784077.6 4898120610.6 4608724818.4 5309793100.4 5134002327.4 4517584876.2 NA NA NA NA NA NA NA
4923676467.4 4880460102.6 4588993320 5245723401.2 5585872625.6 5916371549.2 5804242122.8 4446347473 NA NA NA NA NA NA
5347834478.2 5687045225.4 5820460696.2 6217223724.4 5949673746 5938481800.4 5848609997.6 5909880682.6 5589508971 NA NA NA NA NA
6918722962.6 6984341238.8 7473915430.4 7235480546.8 7182132257 7237660001.4 7263427787.6 7469391166.2 7587384907.2 7510884863.8 NA NA NA NA
6899109612 6964619627 6813428000.8 6771415465.2 6792771465 6871693583.2 6908632798.4 6979281951.4 7075972181.8 7079910841.6 6823350797.4 NA NA NA
6519853347.2 6594033564.6 6558936690.2 6503484196.8 6422904530.2 6444310574.2 6846845037.8 6525492853.8 6506571198.6 6600130342.6 6647120153.6 6535321287.2 NA NA
6385114540.8 6377682221.2 6397297027.6 6611445806.8 6319388259.4 6328443908.6 6346462324.4 6380699597.6 6435313178 6436095045.6 6455230122.6 6468777981 6406579559.6 NA
6387015165.4 6411534612 6397279395 6393705980.6 6358194948.4 6371535165.4 6381683873.8 6405351344.2 6454385906.4 6482338520.4 6476891667 6477415720.6 6435032729.8 6439455574.4
