7711927.475 NA NA NA NA NA NA NA NA NA NA NA NA NA
1229833.025 46451022.7 NA NA NA NA NA NA NA NA NA NA NA NA
290257.05 3701340.125 84225156.725 NA NA NA NA NA NA NA NA NA NA NA
263131.65 2311969.9 23677843.4 142409836.9 NA NA NA NA NA NA NA NA NA NA
238847.45 2174057.05 7599810.05 74066000.675 183508760.025 NA NA NA NA NA NA NA NA NA
218906.65 539277.85 7858043.375 32493666.875 73072360.7 169027964.95 NA NA NA NA NA NA NA NA
235020.525 438837.05 6262160.7 44980309.95 60335569.9 92294494.4 231311026 NA NA NA NA NA NA NA
208942.325 484605.325 6710024.925 23751684.425 81187110.95 100892998.8 136421045.125 315546081.65 NA NA NA NA NA NA
172972.875 267105.475 5011702.625 30880672.2 51765784.3 71855674.125 122041845.95 217309858.375 285531118.675 NA NA NA NA NA
139832 420347.35 1528374.825 25991727.3 64558785.875 93740389.575 102589200.575 228991774.175 247092063.55 272012505 NA NA NA NA
162309.125 2504484.3 13571691.125 47991486.3 55969767.65 84206240.025 131176099.7 231654516.4 244416860.175 265173019.95 252546159.85 NA NA NA
139682.625 287499.25 8965579.95 24090563.575 61885740.225 65761603.35 98361437.35 218986786.275 255240922.25 263070397.975 252078388.1 253332086.2 NA NA
133180.825 192248.975 2240847.375 15108501.575 40183631 39214308.525 84459829.95 221919750.1 247412663.05 262865373.225 252134200.45 253151333.95 252588024.775 NA
139236.65 195669.625 258644.925 569932.25 794882.525 6881048.45 67727251.475 209714633.6 252303570.5 263295363.65 252375143.15 252531182.175 252570469.65 252601187.425
