49764.4 NA NA NA NA NA NA NA NA NA NA NA NA NA
155365.4 1298613 NA NA NA NA NA NA NA NA NA NA NA NA
2457198.8 7457863.4 974823.2 NA NA NA NA NA NA NA NA NA NA NA
7098591.4 9844263.4 15552441 51815719.4 NA NA NA NA NA NA NA NA NA NA
21491333.2 39507474.8 41488095.2 54087143.8 15814548 NA NA NA NA NA NA NA NA NA
27104548 49276617.2 33716500.8 105156032.2 74424814.2 75191404.4 NA NA NA NA NA NA NA NA
47497242.4 46488821.2 55237000.2 82954635.2 79628526.2 62781799.2 72410315 NA NA NA NA NA NA NA
86224244.2 95136821.4 123817949.8 119051892.8 80685976.6 104985103.6 100998124.6 130392809.8 NA NA NA NA NA NA
155235644.6 175046833.8 197067854.2 190802209 159217383.6 161481025.6 153842496 175019183 189658804.2 NA NA NA NA NA
250807118 255514270 250827463 266767310.8 246006982.6 268368640.4 269315172 269424466.8 286208653.2 283344508.8 NA NA NA NA
265745218 270420022.4 259510581.6 258494384 260530011.2 259265280 266933003.4 270722800.2 274233915 273153855 259656678.4 NA NA NA
254221051.8 254107682.8 257166640.6 249954057.6 249108048.2 250163084 252271727.6 253929102.2 252529870.8 255597100.4 258211784.4 252448708.6 NA NA
247727098.8 249037163.2 249646800 249573067.2 246940658.4 247870552.6 248305430.2 247977107 248949661 250026961.4 250774150.4 251627655.6 248655152.6 NA
250870482 251971912 251443521.2 251011261.8 249832850.4 250111959 250479777 249991120.2 251592746.4 252087175.8 250812281.8 251895335.2 249912882.4 250029330.6
