53.9 NA NA NA NA NA NA NA NA NA NA NA NA NA
56.55 122.95 NA NA NA NA NA NA NA NA NA NA NA NA
53.225 125.45 307.125 NA NA NA NA NA NA NA NA NA NA NA
54.375 125.575 466.825 582.45 NA NA NA NA NA NA NA NA NA NA
41.275 152.3 392.3 575.5 506.2 NA NA NA NA NA NA NA NA NA
45.25 146.95 314.95 454.325 543.5 732.65 NA NA NA NA NA NA NA NA
52.925 163.825 318.325 524.575 533.1 435.225 471.175 NA NA NA NA NA NA NA
58.875 137.1 222.825 1076.55 361.85 209.175 232.175 299.35 NA NA NA NA NA NA
49.325 85.65 309.525 288.975 397.4 372.025 389.95 321.475 668.95 NA NA NA NA NA
48.2 134.5 446.725 530.2 524.2 516.075 362.775 430.8 63.65 1214.85 NA NA NA NA
60.3 133.95 276.675 598.95 480.725 604.8 550.5 195.3 44.175 1019.65 1386.325 NA NA NA
48.425 101.725 279.05 526.55 378.6 344.45 337.325 127.175 187.45 29.675 2073.225 3026.125 NA NA
45.975 102.4 309.45 387.125 430.325 430.95 446.55 93.175 94.025 31.875 72.35 4843.475 16054.55 NA
52.55 125.375 1234.225 554.125 571.6 839.275 751.475 144.7 50.475 34.175 73.675 2979.55 18542.475 73034.125
