53.75 NA NA NA NA NA NA NA NA NA NA NA NA NA
107.3 62.65 NA NA NA NA NA NA NA NA NA NA NA NA
304.2 183.9 220.6 NA NA NA NA NA NA NA NA NA NA NA
602.75 502.8 531.45 246.45 NA NA NA NA NA NA NA NA NA NA
739.9 373 334.85 291.45 1476.55 NA NA NA NA NA NA NA NA NA
270.8 507.3 373.6 457.75 320.05 303.15 NA NA NA NA NA NA NA NA
284.3 331.65 453.95 288.3 268.65 214.2 208.1 NA NA NA NA NA NA NA
574.05 510.6 288.75 886.8 568.8 480.15 374.8 568.4 NA NA NA NA NA NA
292.6 536.45 435.5 293.8 634.65 534.4 416.2 1495.65 148.35 NA NA NA NA NA
1701.85 2034.55 2050.85 1137.15 1483.3 2260.65 1917.05 2092.6 2118.05 1855.3 NA NA NA NA
4954.95 4297.95 5832.65 4390.8 4230.35 3604.45 4910.3 3874.9 4975.1 5153.35 5286.45 NA NA NA
12656.55 11848.4 7534 8264.2 8106.3 8603.9 10539.5 11629.8 10453.65 8618.65 11506.55 10125.85 NA NA
16460.9 20667.65 21054.7 21292.7 17098.55 17873.6 18969.85 19049.9 17144.55 21962.6 15693.15 16021.4 23291.8 NA
59886.6 65888.2 60630.8 69956 63868.55 65731.75 61862.7 65833 58621.85 64319.25 68310.4 67949.75 72962.05 88263.65
