77838.85 NA NA NA NA NA NA NA NA NA NA NA NA NA
76282.85 124325.8 NA NA NA NA NA NA NA NA NA NA NA NA
100324.45 144075.75 8834946.55 NA NA NA NA NA NA NA NA NA NA NA
76696.05 119099.25 3713390.3 27792266.15 NA NA NA NA NA NA NA NA NA NA
96290.95 120569.9 4536532.4 46224073.9 80228307.05 NA NA NA NA NA NA NA NA NA
102124.25 103775.9 5623711.45 41799467.3 73616784.9 101709462.25 NA NA NA NA NA NA NA NA
87736.35 116987.55 9886753.4 38764848.85 116082601.15 99504722.35 136552265.9 NA NA NA NA NA NA NA
81499.1 1342199.75 3761134.1 43195133.75 100990649.65 105943866.9 113858745.25 180194218.65 NA NA NA NA NA NA
125034.3 102818.85 9700853.3 38949737.35 81043310.8 129026111.95 112938148.95 180731325.8 207586425.25 NA NA NA NA NA
109575.95 1380324.7 3754317.25 37709813.15 88571717.15 135019142.25 102958411.1 180727341.15 207648724.85 240750310.85 NA NA NA NA
139052.75 164069.9 8414468.85 35092049.25 72556574.85 141920359.05 123736926.1 180719750.75 207617534.75 235123216.6 243759900.4 NA NA NA
167669.45 212648.2 7494820.35 42668299.15 82941066.15 117429601.75 133885271.15 180804304.05 207563233.85 237988524.5 240911746.25 252024919.1 NA NA
157235.85 2462870.6 3107586.75 40763955 82273814.1 115718700.2 112238861.2 180332080.3 215780590 235107723.6 241469610.3 251638338 252162701.45 NA
167051.45 227142.55 18951091.15 37659062.6 79987569.3 65499069.85 101599272.25 180909018.95 207698215.95 239167292.75 241545184.75 251825436.95 252156774.2 252165699
