78.3 NA NA NA NA NA NA NA NA NA NA NA NA NA
108.5 141.3 NA NA NA NA NA NA NA NA NA NA NA NA
285.5 387.95 628.75 NA NA NA NA NA NA NA NA NA NA NA
413.85 451.55 750.6 15731.9 NA NA NA NA NA NA NA NA NA NA
650.6 488.05 773.9 37957.8 60290.1 NA NA NA NA NA NA NA NA NA
1091.45 798.35 1223.8 20689.1 75913.8 145046.35 NA NA NA NA NA NA NA NA
815.3 732.65 7241.9 38314.25 99083.5 141246.65 195815.55 NA NA NA NA NA NA NA
578.65 819.95 10229.9 42299.9 105718.95 121094.85 192392.7 356848.15 NA NA NA NA NA NA
496.45 635.85 5253.4 24190.95 72932.55 176737.2 240760.85 364572.85 346551.5 NA NA NA NA NA
2274.85 2120.6 11821.7 44135.4 83634.25 158646.65 203979.35 406128.85 400196.1 371306.45 NA NA NA NA
6398.75 4494.85 10189.7 52630.85 110168.1 182054.4 217202.8 408641.95 410674.55 408093.25 397183.25 NA NA NA
8674.75 11200.5 22816.4 57464.6 127181.95 173143.95 259770.8 410809.5 418698.35 420313.3 414351.55 424528.75 NA NA
14818.25 19080.1 31666.45 82330.55 132803.95 207434.95 253971.45 423578.65 427109.45 423359.75 423943.45 427830.1 432880.1 NA
60591.95 68131 86464.95 131145.65 183967.3 234001.45 324333.85 432758.55 438283.85 435834.5 438501.85 444638.4 440911.15 451438.9
