28.7 NA NA NA NA NA NA NA NA NA NA NA NA NA
71.2 142.5 NA NA NA NA NA NA NA NA NA NA NA NA
70.45 238.5 443.45 NA NA NA NA NA NA NA NA NA NA NA
2238.55 978.45 3890.6 48914.3 NA NA NA NA NA NA NA NA NA NA
5569.95 5211.55 11038.8 81650 71867.65 NA NA NA NA NA NA NA NA NA
3976.15 3342.6 18599.05 134270.7 122465.4 124187.75 NA NA NA NA NA NA NA NA
7105.4 6316.45 33558.35 185902.5 157866.15 163899.5 184177.4 NA NA NA NA NA NA NA
6042.65 7090.85 50216.95 209406.95 250204.9 271141.45 283403.05 353234.8 NA NA NA NA NA NA
5013.85 6772.6 50140 189619.55 201214.85 199897.15 213418.95 286417.2 342104.9 NA NA NA NA NA
2909.7 5160.95 42928.35 88156.7 131414.05 141851.95 159633.75 201778.15 235165.6 363342 NA NA NA NA
3770.2 6223.05 39554.35 103616.6 159309.65 172146.35 221926.15 223544.3 201861.95 336945.75 399675.2 NA NA NA
6660.2 7517.05 52335.1 229386.45 206380.2 291885.6 362827.35 360211.95 355199.55 382533.75 378397.2 420789.7 NA NA
6958.1 8628.35 54588 221010.65 243960 328140.25 319359.6 342812.2 373137.5 384634.2 390796.8 422072.45 434396.85 NA
7450.85 9181.8 46435.65 180191.8 219268.15 331289.75 323648.25 356985.15 373221.55 378291.05 385707.85 416250.05 430033.15 441211.85
