44949.2 NA NA NA NA NA NA NA NA NA NA NA NA NA
101136.6 109537.8 NA NA NA NA NA NA NA NA NA NA NA NA
509274.4 1048315.4 722553.2 NA NA NA NA NA NA NA NA NA NA NA
2453249.2 3002925.4 3558667.8 2263622.6 NA NA NA NA NA NA NA NA NA NA
12180628.6 11265691.6 11264366.6 12022490.2 11866832.4 NA NA NA NA NA NA NA NA NA
17398662.4 17642078 18035553.6 17587778.4 17653078.2 18426721.8 NA NA NA NA NA NA NA NA
24857057 25723443.2 24994928 26138811.6 26511237.8 25121385 25279310.4 NA NA NA NA NA NA NA
59532857.8 59173620 58801428.6 59218074.4 57295833.6 58984976 58900908.8 58598363 NA NA NA NA NA NA
142156969.2 143007144.2 150818717.4 156541039 144542616.4 133285987.4 149879455.8 141354894.4 132196130 NA NA NA NA NA
262847385.2 260741977.4 244121009.4 247781584.8 276205952.2 241498337.2 262420070.6 262902748.2 254390193.4 264527154.8 NA NA NA NA
257936476 258065124.8 258576009.2 253005582.4 250878968.4 258539273.8 259728565.2 257045529 253191924.4 259461770.8 262266431.6 NA NA NA
247911306.2 248024510.6 252907593 250402607.2 249024174.8 247573027.6 248123697.8 248963803.8 249447176.2 249658358.8 243317733 246349439.6 NA NA
245964898.4 246783160 247568903 245916971.6 247349045.4 247622624.4 246592165 246851500.6 244928514.6 246680281.4 246340667.8 247021391 246348039.4 NA
249469502.6 249452820.8 248947965.4 248475691.4 248703771 250155797.6 249290342 248739900.4 249046388 250366860 249614359 249891148.2 249450037.2 248787409.6
