192.2 NA NA NA NA NA NA NA NA NA NA NA NA NA
242.8 255.6 NA NA NA NA NA NA NA NA NA NA NA NA
310.8 273.6 365.4 NA NA NA NA NA NA NA NA NA NA NA
2510.8 357.8 406.6 509.2 NA NA NA NA NA NA NA NA NA NA
412.4 512 526.6 468.6 749 NA NA NA NA NA NA NA NA NA
594.4 549.2 616 613.2 384 1037.2 NA NA NA NA NA NA NA NA
622 621 585.8 976.8 945.8 1160.8 1403 NA NA NA NA NA NA NA
775.8 796.6 690.8 963 1262 1199 941.8 14056.6 NA NA NA NA NA NA
893.8 817.8 1094.2 1168.2 3156.4 1294.8 1171.4 7717 1749.6 NA NA NA NA NA
1176 1269.6 1143 1158.8 1316.8 1604 1577.4 2106.2 1594.6 1944.8 NA NA NA NA
2263.8 2251.2 2151.4 2580.6 2832.2 2147.6 2939 3160.6 3233.4 2616.8 2277.6 NA NA NA
4452.6 5567.2 4391.4 4628.2 4808.2 5336.4 5509.2 5266.2 6298.6 4425 4381.2 4694.4 NA NA
9806 9311.8 9251.2 10820.4 9198.8 12369.8 12364.6 13885.8 11171 11268.8 9682.4 13187 10058.2 NA
97478.6 101395.6 105464.6 101166.4 95782.6 97010.4 106683.6 106077.2 104524.2 118712.4 129648 118014 112074.6 126632.2
