261.7 NA NA NA NA NA NA NA NA NA NA NA NA NA
274.85 428.55 NA NA NA NA NA NA NA NA NA NA NA NA
266.05 541.95 931.85 NA NA NA NA NA NA NA NA NA NA NA
2440.5 1247.5 4453.85 49682.9 NA NA NA NA NA NA NA NA NA NA
5756.45 5611.1 11594.05 82774.75 72738.05 NA NA NA NA NA NA NA NA NA
4181.95 3702.15 19437.15 135726.05 123650.55 125385.2 NA NA NA NA NA NA NA NA
7334.4 6824.5 34755.4 187448.75 159075.6 165097.95 185395.45 NA NA NA NA NA NA NA
6269.35 7796.1 52092 211288.8 252069.55 272897.4 285207.6 355204.4 NA NA NA NA NA NA
5235 7360.8 51930.4 191403.4 202913.05 201616.6 215198.85 288315.35 344096.7 NA NA NA NA NA
3130.4 5670.3 44084.85 89207.8 132484.55 142931.45 160694.8 202992.45 236354.45 364999.45 NA NA NA NA
3969.85 6800.3 40657.1 104341.15 160422.9 173183.5 223069.9 224631.5 203054.55 338747.05 402074.3 NA NA NA
6875.4 8140.85 53894.4 231154.5 207816.55 293330.95 364555.4 361899.35 356904.55 384534.8 381068.3 441934.95 NA NA
7167.45 9294.7 56181.7 222542.4 245460.8 329586.65 320728.4 344340 374741.45 386648.55 393334.55 446156.8 509476.9 NA
7679.35 9931.2 47718.75 181342.15 220763.4 332717.1 324985 358554.1 374852.25 380103.55 388168.2 437415.3 506865.15 507864
