1047364535.15 NA NA NA NA NA NA NA NA NA NA NA NA NA
1031259721.75 1031259599.9 NA NA NA NA NA NA NA NA NA NA NA NA
1023249888.05 1023249979.25 1023250688.85 NA NA NA NA NA NA NA NA NA NA NA
913895220.25 913894689.3 913895396.45 913894613.35 NA NA NA NA NA NA NA NA NA NA
740309556.5 740308932.3 740309141.05 740309551.3 740309976.25 NA NA NA NA NA NA NA NA NA
591004662.7 591003883.1 591004694.45 591005293.4 591004340.2 591004491.3 NA NA NA NA NA NA NA NA
577198556.8 577199559.6 577199449.9 577200610.75 577198433.6 577199110.8 577199524.7 NA NA NA NA NA NA NA
457037136.85 457037468.3 457037651.35 457038722.25 457037596.25 457038707.7 457038921.05 457038482.8 NA NA NA NA NA NA
371677742.8 371679067.2 371677226.25 371678404.5 371679256.2 371679519.55 371678363.05 371678083.1 371680665 NA NA NA NA NA
290529628.05 290530052.65 290529388.45 290530873.6 290528956.65 290530196.9 290531355.45 290530242.35 290530661.35 290533645.1 NA NA NA NA
252180352.1 252176281.2 252178827.3 252183953.5 252177670.65 252179259.9 252176711.75 252181960 252182499.95 252177721.6 252176940.85 NA NA NA
252172732.9 252171051.05 252168508.85 252163550.25 252171304.4 252170617 252163605.8 252167751.7 252168634.35 252170854.8 252172332.65 252172922.15 NA NA
252167383.3 252172642.5 252166777.3 252167362.7 252167586.05 252167434.7 252170674.3 252171502.9 252172611.55 252166646.1 252167896.1 252171552.15 252175435.25 NA
252165434.7 252166864.55 252172799.3 252177065 252168494.15 252170712.6 252172627.1 252170956.85 252166895.65 252171073.4 252170443.7 252171820.3 252175624.05 252172310.35
