266 NA NA NA NA NA NA NA NA NA NA NA NA NA
268.8 242.4 NA NA NA NA NA NA NA NA NA NA NA NA
368.4 321.6 563.6 NA NA NA NA NA NA NA NA NA NA NA
546.6 370.8 530 328.6 NA NA NA NA NA NA NA NA NA NA
562 516.2 479.8 468.8 494.6 NA NA NA NA NA NA NA NA NA
569.6 529.6 566.8 547.2 550.8 609.4 NA NA NA NA NA NA NA NA
644.6 611.6 617.8 595 626.6 512.2 639.4 NA NA NA NA NA NA NA
764.2 750.8 735 780.6 723 640.2 750.8 674.4 NA NA NA NA NA NA
959.6 917.4 903.6 974.2 895 763 880.8 884.4 951 NA NA NA NA NA
1148.4 1174.8 1166 1196.6 1254.6 1162.4 1134.6 1229.2 1161.4 1156.6 NA NA NA NA
2248 2305.6 2143.6 1825.6 2242.8 2246.6 2296 2259.2 1488.4 2238.4 2189.4 NA NA NA
4466.2 4404.8 4442.6 4405 3597.6 4328.6 4427.2 4509 4468 4436.4 4703.8 4416.6 NA NA
12188.6 10739.2 9684 10020.8 9838.2 10827.4 9963.2 10514 9793.2 9946 10324.2 10254.2 10090.8 NA
100337.2 104520.4 95135.8 94024.6 93923.8 100001.6 106387.6 95386.6 91532 94400.2 99381.2 99796.8 98856.8 89709.6
