1047364820.15 NA NA NA NA NA NA NA NA NA NA NA NA NA
1031261055.75 1031262856.55 NA NA NA NA NA NA NA NA NA NA NA NA
1023261539.4 1023274285.4 1023281263.7 NA NA NA NA NA NA NA NA NA NA NA
913899360 913922014.55 913959890.3 914047505.45 NA NA NA NA NA NA NA NA NA NA
740314224.3 740315462.9 740360386.75 740391705.15 740629364.15 NA NA NA NA NA NA NA NA NA
591009214.55 591014994.9 591036354.3 591184070.75 591522473.9 591171042.35 NA NA NA NA NA NA NA NA
577205104.45 577206657.4 577227866.15 577363548.3 577510560.7 577471589.9 577533213.85 NA NA NA NA NA NA NA
457043166.55 457044214.65 457072014 457178547.65 457341834.95 457287659.15 457327946.65 457353434.9 NA NA NA NA NA NA
371683044.3 371686604.55 371697231.9 371773413.65 372013154.2 371959042.95 371891989.95 371959632.1 372222677.25 NA NA NA NA NA
290533791.25 290524405.7 290557812.7 290616163 290737948.85 290831330.1 290767337.95 290812164.7 290810484.45 290839317.5 NA NA NA NA
252174730.95 252168818.9 252190549.1 252265231.6 252363727.45 252376031.45 252511475.05 252672947 252739342.45 252993854.35 252508444.85 NA NA NA
252164533.55 252171774.5 252172422.25 252225468.2 252266664.5 252311268 252499833.5 253046632.55 253497885.5 253902335.3 252491113.95 252319083.6 NA NA
252164406.4 252167033.85 252167116.85 252169508.8 252189554.3 252204046.1 252343845.05 252786498.9 253220056.1 254174336.35 252222433.85 252331231.1 252241664.7 NA
252168277.6 252170518.25 252167180.2 252173091.8 252191513.25 252207127.7 252345156.05 252884114 253556249.4 253895166.15 252464037.6 252212731.35 252260655.3 252228635.05
