1025514492.8 NA NA NA NA NA NA NA NA NA NA NA NA NA
1027921612.6 1020201025.6 NA NA NA NA NA NA NA NA NA NA NA NA
1032211338.8 1020200936 952955195.6 NA NA NA NA NA NA NA NA NA NA NA
1022509047.6 1020201066.8 952880947.4 751468564.2 NA NA NA NA NA NA NA NA NA NA
1028690643.6 1020200991 952969518.4 751468508.2 292537288 NA NA NA NA NA NA NA NA NA
1033921548.4 1020200999.2 953058251.4 751467857.4 292537023.4 228219099.6 NA NA NA NA NA NA NA NA
1031100630.2 1020201210.2 952930625.8 751469921.8 292537022 228218446.6 195419933.6 NA NA NA NA NA NA NA
1025604502.4 1020200973.8 952975477.6 751468158.4 292537303.8 228219469.8 195419213.4 218008978.4 NA NA NA NA NA NA
1021583942.6 1020200959 953133611.6 751468419.8 292537657.8 228218899.6 195419504.4 218009016.6 281706874.2 NA NA NA NA NA
1030252319.8 1020200910.8 952926201.6 751468447.8 292537070.2 228219262.8 195419735.6 218008641.2 281705478.6 323602643 NA NA NA NA
1032985839.2 1020201123.8 953143511.4 751468804.8 292537394.8 228218774.2 195419604 218009005.8 281705416.4 323601629.4 284731719.4 NA NA NA
1021283700.6 1020202373.4 952968160.4 751468228.6 292536810.8 228218896.8 195419947 218008480.4 281704645.4 323600810.6 284732381.8 260567972.6 NA NA
1032502698.6 1020200871.6 953091131 751468651.4 292536754.2 228219356.2 195419563.8 218008650.6 281704985.6 323600575.2 284732106.2 260568330 252163127.8 NA
1033136780.6 1020200847.6 952994390.6 751467872.6 292536965.8 228218988 195419930 218009074 281705487.6 323601306.4 284732010.2 260568568 252163192.6 252162674.8
