277.4 578.1 1734.4 3431.3 2169.9 2686.4 2723.8 1626.7 1665.6 4728.2 9242.8 138472.1 485786.3 490224.4 491903.3 492262.8
317.3 517.7 1413.5 2802.4 1454.6 2187.2 3444.7 1149.2 1507.2 25473.9 11112.5 137716.2 485464.1 490130.3 491951.3 492248.3
275.9 490.4 1752.6 3853.1 3169.1 3020.2 2076.2 1240.6 2282.9 4441.9 13162.7 143495.5 486111.8 489792.8 491716.1 492267.8
281.9 583.6 1862.1 1761.9 3810.1 1217.1 2329.9 2102.2 1794.6 7119.9 10924.4 152934.5 485219.3 489665 491886.3 492375.7
277.2 609.2 1361.9 2653 1477.9 3105.9 2044.7 1432.4 1374 4240 12469.5 144644.5 484997.5 489804.6 491701.1 492331.1
315.4 581.6 1484.2 3317.6 3018.3 1443.1 1907.4 1313 2130 4616.5 11640 147284.8 485816.6 490365.8 491821.5 492184.5
265.9 607.9 2393.4 2367.3 2646.1 2138.2 2080.6 1720.7 1838 4931 13966.6 149377.4 484263.7 489695.8 491928.1 492264.8
295 460.4 1527.9 2229.4 2131.2 1742.8 1968.9 1640.5 3413.1 4287.5 10145.2 160188 485425.3 489802.4 491755.4 492304.4
312.3 686.3 1820.7 2650 2654.3 1307.2 2179.8 1595.5 2386.2 2650.3 12797.4 146199.6 484847.7 490214.5 491560.7 492171
289 528.1 1770.5 3358.1 2674.3 1000.2 1853.9 1104 1329.5 3127.4 11579.7 181491.6 484531 489858 491725.6 492331.8
303.5 505.8 1490.1 2529.9 1490.8 1784.2 1519.6 1430.7 1152.1 3535.2 5937.8 141388.3 484762.7 489400.3 491762.7 492199.9
302.6 562.9 1671.2 2465.2 1620.6 1156 1822.7 1238.6 1069.7 2033.3 8254.3 131533.1 486211 489799.6 491838.9 492114.6
288.2 537.7 1408.3 1407 2186 2484.2 1173.6 1292.5 1685 2235.7 6072.6 127454.1 485689.8 490048.1 491834.7 492092.5
306.1 555.8 1827.6 3069.3 1588.1 1379.2 2105.5 1650.9 28542.4 3870.9 7052.2 133354.2 485577.4 489873.3 491589.4 492056.4
298.4 655.3 1840 2092.3 2395.7 3035.6 3075.9 1548.7 1381.7 2981.5 8373.4 140312.7 485401.2 489928.4 491469.2 492025.8
302.3 534.9 2240.4 3528.8 2822.4 2211 2191.9 1567.1 1912.1 2661.7 8181.6 144529.6 485893.5 489832.4 491458 492155.1
