1047366319.225 NA NA NA NA NA NA NA NA NA NA NA NA NA
1047368101.975 1031276704.825 NA NA NA NA NA NA NA NA NA NA NA NA
1047367606.125 1031266210.175 1023290637.6 NA NA NA NA NA NA NA NA NA NA NA
1047366924.1 1031265094.675 1023264913.25 913987692.275 NA NA NA NA NA NA NA NA NA NA
1047367441.925 1031265049.8 1023259151.35 913946710.65 740474911.175 NA NA NA NA NA NA NA NA NA
1047367477.975 1031264622.225 1023262654.675 913916149 740365160.1 591234242.3 NA NA NA NA NA NA NA NA
1047367578.8 1031264895.1 1023256230.675 913915358.1 740379078.475 591159768.35 577541959.925 NA NA NA NA NA NA NA
1047367390.075 1031264234.35 1023256780.65 913915308.25 740357878.95 591121893.825 577453314.15 457947843.65 NA NA NA NA NA NA
1047366884.4 1031263664.425 1023256449.025 913917873.65 740366821.95 591133875.025 577470636.425 458082741.875 373000091.7 NA NA NA NA NA
1047366306.35 1031263885.5 1023253444.05 913908427.3 740360319.575 591114499.55 577476446.35 458085493.9 373112945.4 292241794.9 NA NA NA NA
1047366694.05 1031265041.85 1023257495.3 913918063.65 740369099.675 591133136.225 577481977.875 458151323.925 373397601.4 292227518.575 253638589.425 NA NA NA
1047368470.65 1031266502.475 1023258139.2 913909757 740360089.55 591147442.425 577548630.775 458460322.45 373303932.3 292567451.35 253614328.5 253341735.925 NA NA
1047370135.85 1031266723.725 1023256859 913902675.875 740333775.125 591072394.55 577435114.55 458706920.625 374227636.525 293116861.175 253615217.25 253159652.675 252597290.15 NA
1047369331.575 1031265697.35 1023255852.4 913899103.9 740309685.325 591005796.1 577264012.3 459203955.1 376629057.225 294849426.975 253831939.575 252539889.6 252579209.425 252609000.1
