2182344842 2182351324 2182392079.5 2182354280.5 2182321526.5 2182485508.5 2182385110.5
4809042936.5 4807247108.5 4806751829 4803925209.5 4799832365 4796963643.5 4796438762.5
4810437310.5 4808505478 4808011403 4805152401.5 4801081654.5 4798106256.5 4797620842
4812370454 4810486648 4810393081 4807255091 4802788417.5 4800222642.5 4799720617
4812788362.5 4811175360 4810412449.5 4807580499 4803301358 4800414110.5 4800215919.5
4816366057 4814837958.5 4813236660 4809897839.5 4806172138.5 4803511659 4802661183.5
5349276856 5469617622.5 5331285979 5321473344.5 5307244123.5 5489693586.5 5508666936
5712362387.5 5620268849.5 5551640341.5 5544345998 5725439407.5 5586538340 5771347769.5
6327362121 6285618785 6257133059.5 6261955793.5 6171390778 6214692921 6188651721.5
7363224369 7319385980.5 7297740778.5 7263749676.5 7196923114 7184331229.5 7182391726
11832447428.5 11753239553.5 11736428534 11588969990.5 11487944085 11318939798 11268839350.5
14701412233 14553722938.5 14484719285.5 14332013870.5 14136264896 13900541630.5 13827732033.5
19221771493 18984280552 18907004662 18653641440 18364924406.5 17937212966.5 17817370615.5
21498692596.5 21202456749 21116530085.5 20841961709 20469428277.5 19952459927 19753798713
