2189069775 2188920542 2188868749 2189200383 2189245814 2186930203.5 2185389433
4830648595.5 4829952726.5 4829390010 4821799859.5 4815033990.5 4806928735.5 4802654204
4831385417 4830339640 4829481708 4822139098 4815312028 4808734060 4803372860
4831345205 4830475995 4829698747.5 4821882572.5 4815850313.5 4810073730.5 4804899829
4833934175.5 4833020994 4831704725.5 4823546442.5 4816562650.5 4812201506 4806837426.5
5174734588 5093933357.5 5263936427.5 5034623635.5 4959711203 4857478036.5 4873821234
5661864601.5 5751357671 5619720586 5378337552 5547374962.5 5374551303 5409991687.5
5972292025.5 5950213124.5 5852235903.5 5711153383.5 5757754122 5581166019 7142939424
6851465869 6839204174.5 6792606024.5 6570835281.5 6381749172.5 6310208015.5 6289315711
8154596481 8142834223 8156519478 7811158783 7502107911.5 7366037893.5 7283378990.5
13185360099 13153198669.5 13046376983 12449418557.5 11895199536.5 11576031477.5 11402726700.5
16131985146 16138253064 16106863214.5 15278341395 14641252391 14224957450.5 14011403313.5
20686760153 20670877122.5 20672055865.5 19712576825 19037168402 18466777991.5 18020927177.5
22669623383.5 22712454428.5 22881152069 22141051009 21712126619.5 21056487828.5 20738154583.5
