4762.5 4842 4349 4842 4612.5 4722.5 4633
42417 40593 41181.5 42480 42482 42386.5 41138.5
105817.5 104529 103886.5 104392 104543 102003.5 102154.5
219785.5 215463 233583.5 225881.5 213799.5 230260 231021.5
235004 247894 240708.5 245414.5 237275 243935.5 262949
333496.5 361143 301511.5 290342.5 314031 325221 304059.5
29239841 34672308 28768833 28779723.5 28782552.5 40421259.5 42114253
46798272.5 41165189.5 37202209.5 39705894.5 51172907 42884381.5 56272653
79243155 79120856.5 77247942 78371079.5 75868733 79103941.5 78910167
136085324 135635814.5 135309215 135918487.5 135471317.5 137539824.5 137098909
396663491 397413970.5 397529902 397154330 397626236.5 396823936 396944686
561027464.5 561033067.5 561181712 561054383.5 561062493 560980410.5 560675163.5
813699213 813461440 813627120 813535075.5 813654285.5 813494187.5 813404754
943532452.5 943244703 943213375 942999838.5 942440664 942170753.5 942111905
