6047 6594.5 6674.5 5623.5 4823.5 3480.5 3326
46976.5 47781.5 47847 39840 28710.5 29280.5 19746
77732.5 69294 50560.5 69410.5 42552 73552 39240.5
107785.5 117721 99614.5 97087.5 111580 98692.5 101574
213152.5 221215 220964 180805.5 147943 135752.5 130822.5
18864579 13684276 23648323 11692177 8082550.5 2332877 3791028.5
43454003 46943141 41044746.5 30042100 41676573 31639252 32189040
55507851.5 54385740.5 49423771 44996539.5 49659019 40740583.5 138687163
101228834 100867993.5 99031196.5 91499670 83687462 81047654 83417235
175219826 173707082.5 174698646.5 161678862.5 148866915.5 144589347 142333533.5
462307108 461836939 459136769.5 440953049.5 420456010.5 410869653 405557853
631629994 630712068 628179570.5 609376444.5 588196255 576980196 570636095
884419728 883160839.5 880880732 863022107 843234200.5 831423246 824182407
1008656040 1008651427.5 1008646108.5 1008644871.5 1008633902 1008623504.5 1008615606.5
