19428.5 24237 25916.5 30113.5 21715 16325.5 14486.5
1006635804 1006634080 1006634550 1006634501 1006632904 1006631890.5 1006632634.5
1006639421.5 1006639030 1006638021 1006638095.5 1006636030 1006635008 1006634438
1006640559.5 1006639425 1006638387 1006638228.5 1006636056 1006635237.5 1006634534
1006641709 1006640427 1006639468 1006639055.5 1006637027 1006635782.5 1006635043.5
1006809125 1006807362.5 1006808751 1006804930.5 1006801689.5 1006800440.5 1006800597
1008620389 1008618973 1008618550 1008622137 1008619918.5 1008618618.5 1008617588.5
1008649025 1008652480.5 1008653369 1008640872 1008626758 1008621242 1008618254.5
1008729485 1008710248 1008716469 1008689186 1008634981.5 1008615501.5 1008609505
1008896186.5 1008885673.5 1008881608.5 1008818517.5 1008705362.5 1008653617 1008634873
1009743566 1009691791 1009757928.5 1009646861.5 1009250101 1008859952 1008722793
1010500415.5 1010265396.5 1010194930 1010529020.5 1010101790.5 1009214672.5 1008857485.5
1011530709.5 1010666344.5 1010510511.5 1011489896 1011897691.5 1010712762.5 1009374853.5
1008700334.5 1008691155.5 1008685476.5 1008685631 1008675594 1008668662.5 1008660060.5
