11907 8871 12922 11764 11176 14024 11284
1006630909 1006628749 1006631047.5 1006629783 1006630959 1006631083 1006629391.5
1006633833.5 1006633835.5 1006633834.5 1006633833 1006633836 1006633833 1006633836
1006633905.5 1006633897.5 1006633888 1006633891 1006633895 1006633894 1006633897.5
1006634166 1006634159 1006634179.5 1006634146.5 1006634122.5 1006634104.5 1006634124
1006797767 1006798978.5 1006797969.5 1006797043 1006797262 1006798852.5 1006799126
1008616455 1008616405.5 1008616414.5 1008616380 1008616382.5 1008616484 1008616415
1008615585 1008615719 1008615218 1008615117 1008615482 1008615981 1008615697.5
1008600418 1008601035 1008599550.5 1008599185 1008599591 1008599272 1008599903.5
1008619537 1008620716.5 1008619841.5 1008619384.5 1008617553.5 1008619430.5 1008619122
1008636112 1008637202 1008636309 1008635309.5 1008637180.5 1008635889.5 1008635507.5
1008658161 1008659823 1008653997.5 1008657505 1008653369 1008654860.5 1008653502.5
1008724439 1008726940 1008723676.5 1008719947 1008717063.5 1008715889 1008716244
1008759926 1008759557.5 1008759675 1008759283.5 1008755389.5 1008753996 1008752150.5
