"sizea" "2048" "3072" "4096" "5120" "6144" "7168" "8192" "12288" "16384" "32768" "65536" "131072" "262144" "524288" "1048576" "1572864"
"2048" 30798426526.9 30503401269.1 30403351375.5 26649652134 21552271904.8 17371642912.3 16893003441.9 13438955889.9 10734216753.6 8089006712.1 6828072525.3 6719025809.4 6663458163.4 6616498464.7 6594031671 6584629951.5
"3072" 31090667200.2 30890591568.2 30267036278.1 26450666338.8 21255590747.5 17261498504.5 17017428385.2 13512683476.1 10629866356.7 8008982779.7 6789254025 6712342634 6657138623.6 6612615310.3 6595147083.7 6599550135.8
"4096" 31450856501.7 30558471656 30542096969.1 26681042350.1 21759751104 17154421194 16992280012.8 13397169039.8 10627239382.7 8026353545.2 6793824985.3 6700261692.4 6658423099.5 6618206435.8 6590355098.4 6588708753.6
"5120" 30683160605.4 30603797232.6 29904329146.3 26593264474.3 21928911401.4 17512645458.1 17002514769.7 13376056946.5 10517774935.1 7985752547.5 6770004481.6 6693552103.1 6652380263.3 6612287185.7 6588562104.6 6584918239.7
"6144" 30151378712.7 29384068732.2 29006095123.6 26199784339.6 21601951035.9 17434430299.3 17036757674.9 13231062994.7 10524319443.1 7954605328.5 6761325075 6688499084.7 6639522943.3 6610055874.1 6591668113.1 6585729442.5
"7168" 29489092099.2 29122994137.8 28558515529.1 25584164980.6 21280069114.6 17454075328 16746853931.1 13049229196.6 10466350385.1 7935571155.3 6746367077.6 6678213260.3 6633419917.6 6603286774.3 6587779922.4 6578596892.8
"8192" 29414309680.7 29017962337.3 28811795193.6 25846291529.7 21403160165 17189695276.6 16828732565.7 13003191881.4 10384288131.4 7902576378.9 6733554460.8 6673522000.7 6631608507.9 6605493520.7 6586746705.5 6582595654.5
"12288" 29154524269.2 28595667632.3 28307760328.4 24973296552.6 20330593004.7 16339131280 15833127602.2 12542280879.9 10066012099.3 7783037321.4 6679840940.3 6632809942 6620430384.4 6593137482.6 6582530868 6576753315.7
"16384" 27851333066.7 27362732089.1 27038704163.7 24029641845.9 19415452688.8 15585531888.3 15259302996.8 12151847419.8 9889631553 7683953246 6622344447.9 6611564906 6604253426.5 6583266151.7 6573173026.4 6577467805.3
"32768" 27812882949.9 27382151497 27332550451.6 24071648570.5 19797388283.1 15892940107.2 15470843995.1 12392346400.2 10082534199.6 7789374371.4 6664299467 6650247550.7 6613167340 6590559905.7 6584551048 6576789842.2
"65536" 27214151859.6 26758946500 26588156643.8 23483392752.7 19074301877.6 15299477542.1 14935839401.5 11898278278.9 9736314291.2 7672918940 6675671185.9 6617407642.5 6603709636.1 6591470074.6 6584954077.5 6582307063.7
"131072" 27122460648.4 26705802006.8 26502142920.5 23412481481.2 19024640370.7 15226103654.8 14897000635.9 11840002397.4 9697463820 7632529258.8 6662184823.8 6620311738.7 6608331061.3 6599890123.2 6592070386.1 6593475851
"262144" 27038600212.7 26621881464.8 26410063133.3 23341449264.9 18941077564.2 15166830407.2 14818154725.8 11769960014.3 9614488930.7 7551180669.5 6581648519.9 6581325764.9 6581264898.1 6585800918.3 6582744626.4 6583675526.5
"524288" 26997503406.6 26581011221.7 26366655884.7 23274106487.9 18870113077.5 15084236621.4 14739539475.2 11690354798.4 9554648541.7 7486187372.2 6505676417 6512527888.9 6509475130.6 6533824814.9 6532880045.1 6533031479.9
"1048576" 26993125194.3 26578824143.7 26360237807.6 23264151758 18866441739.2 15092874769.4 14741631142.8 11700494897.7 9531995852.6 7476653190.8 6513914602 6513505279.7 6504580423.1 6505956183.4 6502688314.1 6494172143.4
"1572864" 26980165916.9 26559858306.3 26346935980.7 23235904095.8 18828369185.4 15052885524 14700099181 11656195414.8 9501189266.5 7440684879.1 6555191185.8 6527617098.2 6499919288 6484408517.3 6476657157.9 6472391148.6
