"sizea" "2048" "3072" "4096" "5120" "6144" "7168" "8192" "12288" "16384" "32768" "65536" "131072" "262144" "524288" "1048576" "1572864"
"2048" 5021354658 5026475756.3 5013439378.5 5018348866.2 5022356762.7 5025615244 5029687938 5034229127.6 5033097219.1 5025611934 5022901872.8 5023556787 5025046295.9 5022736208.2 5023250450.4 5022421279.8
"3072" 5438309266.3 6068489204 5014945841.3 5263339095.3 4972376915.2 4963221461.6 4958834100.5 4969318933 4957555159.5 4950579277.1 4951890233.1 4959152904.4 4961928500.9 4961936692.3 4946930549.2 4946822189.1
"4096" 6149358879.5 6561399190.8 6844776028.8 5346891800.8 5793851685.8 5112819551 5135461492.6 5143191318.6 4964901829.8 5030075843.5 5215553059.5 5056913207 5120666011.1 5059729652.6 5138982964.2 5025660756.6
"5120" 6644596222.9 6568209315.1 7514139996.7 6887839725 7130576231.4 5641089848.7 6392872730.9 6301870387 5104576097.7 5169496796.4 5552228688.8 5214878039.6 5118461812.6 5943161344.7 6171197140 5375969767.7
"6144" 5800989093.3 6339570003.1 7564249756.3 7886466814.1 7582168619.8 6245959904.7 5985615125.6 5260786361.8 5649715304.8 5710020124.5 5237608375.6 5832129538.6 5843817551 5205331875.2 4854478915.2 5115794673.4
"7168" 5198557506.6 6218000980.1 6572578057.5 8335078811 7495599641.2 6551510086.5 5485003821 5057495576.7 5126020145.4 4665172664.9 4530091480 4752213495.6 4571326104.4 5392261653.9 5175149804.5 5144469294.2
"8192" 5897348486.1 6546505809.8 6679557049.9 7269299125.3 7193465550.8 6617143441.1 7771633806.5 6047957393.7 5611185053.8 6420931146.6 4990401206.9 6132962044.4 4642370299.6 5042681934.7 5186598768.8 4936255004
"12288" 5917173874.6 6266261357.5 6603838993.6 6880682827.2 7270335014.7 7224445120.3 7764861385.1 8318104488.5 6992606055.7 6665285248.3 6702831889.8 6493900084 6699789151.4 6697668171.4 6489946811.1 6480890857.8
"16384" 5569599509.3 5832199165.3 6072932109.6 6282271433 6710464279.4 6645166033.7 6971639369.6 7547089128.5 7545573270 6625578450.3 6317404328.4 6584849573.8 6172286814.1 5892489406.2 6306765252.3 6038354764.7
"32768" 5255906322.2 5319270039 5438865498.1 5535492462.7 5868160847.3 5737171355.9 5905377716.7 6383175603.3 6482467455.4 6413264867.9 6071700252 6030034669.2 6078749951.9 6077680157.2 6113772699.7 6076446736.3
"65536" 4895280098.5 4959357260.4 4973666481.3 5036283103.4 5066906874.2 5146958559 5270808058.7 5622407479.6 5688341663.1 5707410425.6 5667495032.3 5662334238.1 5657370675.6 5658269303.2 5663771999.2 5663078542
"131072" 5023834792.5 5025519828.9 5028470148.2 5074806950.2 5092282548.6 5249097127.3 5300690444.2 5619521074.1 5668448135.2 5701606334.7 5660348886.5 5650365547 5645331583.3 5655509443.5 5646665076.2 5649193841.5
"262144" 5017323480.1 5020042926.6 5020987972.5 5037905232.3 5086314439.6 5163527221.6 5301311728.6 5607849511.3 5675447807 5719949712.1 5646089812.1 5637836408.7 5640279000.2 5638260236.6 5634965748.2 5634260003.9
"524288" 5002033448.2 5003632188.9 5004126201.7 5002400973.5 5007219775.7 5023077337 5216267380 5588529968.4 5713444408.4 5750300860.6 5635184027.2 5628269416.2 5624093705.2 5632745994.6 5624594549.6 5625813091.7
"1048576" 4992946614.5 4991637022.1 5004462682.9 4993193007.7 5005008136.4 5039343889.2 5211723129.1 5584800619.5 5720629661.4 5760364616.5 5612861856.2 5603898865.6 5596555706.5 5602307910.8 5608454690.5 5610246847.8
"1572864" 4991432097.6 4992656238.2 4996199678.5 4995383069.4 4996179864.4 5016288964.9 5210508782.3 5585014814.5 5711234212.7 5755759571.6 5607130119.9 5576558691.7 5584041564.3 5574647964.5 5580124880.2 5579883762.2
