"sizea" "2048" "3072" "4096" "5120" "6144" "7168" "8192" "12288" "16384" "32768" "65536" "131072" "262144" "524288" "1048576" "1572864"
"2048" 5069948711.8 5685127704.4 6327152355.2 6273834176.9 6096921961.9 5479117046.4 5569029823 5919698591.1 5583796542.6 5220311746.9 4926818876.5 5067047027.2 5066817255.6 5050031669.1 5044455292.9 5036872092.3
"3072" 5075546319.1 5883665887.2 6840309707.1 6808542151.2 6561073859.8 5825993599.6 6052859771.3 6248277607.7 5815794943.6 5368796138.7 4972572420.6 5072046869.4 5067450115 5052988831.9 5041674634.6 5038355072.2
"4096" 5087239331.1 5091463525.4 5880007730.1 7122296182.6 6617614795.1 6877555487.2 6670323071.1 6773736756.1 6053106929.9 5492050871.2 5065863169.3 5090948671.7 5091824120.8 5063285603.5 5073650004.6 5055050766.4
"5120" 5080569003.9 5059779929.8 5565766408.5 7110047392 6625773372.9 6670381675 7850530075 7573262614.6 6357058399.4 5669355725.7 5185671604.1 5169240158.8 5151157659.8 5254834907.2 5273948517.4 5162693405.4
"6144" 5085383442.4 5023595571.3 5395344376.1 5531558214 6750658731.4 7143525473.5 7680484126.3 7253222661.6 6806885464.6 5958123748.2 5252759092.5 5345507829.4 5331631026.5 5259024464.5 5213400870.2 5239053553.6
"7168" 5091184066.2 5022157301.1 5074662314.7 7870009481.6 5571485068.5 7282742760.2 7350530247.4 7299257412.3 6783136773.8 5829303676.6 5216515469.6 5307576037 5283382699.2 5359233929.4 5340529654.2 5336360549
"8192" 5095676453.3 5049295611.1 5148352658.3 5200797598.7 5229831690.9 4285632434.2 6844035364.9 7807085903.9 6981295239.2 6132262847.8 5356401245.3 5467872343.5 5343938732.5 5366604274.5 5377469859 5363501039.4
"12288" 5100787147.3 5025826704.4 5101125869.7 5068508160.3 5254039502.1 4887238513.3 5818578161.3 7725976624 7655754526.6 6426194959.4 5659177207.1 5645457964.9 5644574424 5644924790.7 5639684682.7 5634797062.8
"16384" 5100278091.5 5023995272.8 5050138363.6 4918323858.8 5295892735.2 4875397532.4 5542463521.4 6624168476.1 6901235000.9 6464593309 5690797479.3 5679560593.4 5683516450.9 5687045768.6 5682168106.1 5688141203.1
"32768" 5094482501.3 5018974421.3 5026160844.7 4746824668.8 5503022067.6 4499373805.5 4900247248.9 6373799653.1 6770456531.2 6265633340.6 5700817760.5 5704890884.6 5697944345.2 5697066722.7 5689992483.8 5696767142.1
"65536" 5090898866.7 5016422848.4 5037946515.3 4808923236.9 4224433615.2 3995805147.3 4524801457.5 6252970434.9 5871976027.3 6015861606.7 5660607846.3 5669183011.1 5655355798.9 5651582723.1 5656056527.5 5660073401.4
"131072" 5095539451.9 5017712932.6 4993298876.8 4795981732.4 4071801360.8 4395473263.8 4543901521.8 6659064048.6 6287568746.9 6016234274.6 5651055743.5 5649993740.5 5643069057.3 5655316577.5 5646766738.7 5648508476.1
"262144" 5094642045.9 5019912880.7 4991070575 4591799835.5 4067705559.8 3808820692.3 4583992969.6 6259286594.1 6312186515.9 5962063654.2 5640096006.7 5638756532.6 5644192649.4 5641778734.7 5639679164.6 5637989941.8
"524288" 5091517197.7 5016753396.6 4983189763.1 4458195621 3629545233.4 3052503659.8 4069511340.2 5875539627.3 6119963490.2 5986485923.8 5633617117.2 5632926338 5628688828.6 5638685982.6 5630606864.3 5630069652.9
"1048576" 5091820820.8 5014335440.6 5043709306.1 4451765902.5 3667763087 3216325847.1 4072666656.8 6024127507.6 6138914854 6000080163.2 5610117275.7 5610307890.9 5601973413.5 5608203774 5616286400.1 5614991709.6
"1572864" 5089453041.9 5013226125.9 4990630463.4 4472177991 3621464454.1 3089203353.2 4075003084.2 5834078142.6 6275065322 6072694003.3 5599834822.4 5580190780 5589010900.4 5579016770 5585236749.9 5584441804.2
