"sizea" "2048" "3072" "4096" "5120" "6144" "7168" "8192" "12288" "16384" "32768" "65536" "131072" "262144" "524288" "1048576" "1572864"
"2048" 5004464338.9 5004603675.6 5005181875.3 5004748659.1 5005646266.1 5004854107 5005323566.2 5005055717.8 5005669469.6 5005866985.5 5005575249.7 5006639363.5 5006070876.6 5006380708.2 5006300863.3 5005845524
"3072" 4968727662.9 4927528474.9 4927893387.9 4928448469 4927957093.5 4928069634.6 4969047762.4 4929465906.6 4929423643.5 4929724201.2 4929388014.4 4930584923.9 4930033015.4 4930069663.1 4930312989.5 4929832431.5
"4096" 5047879980.1 4956810015.3 5043626868.8 4954185517.8 4939297169.4 5051392380.6 4928223519.5 5045648367.8 4914521376.8 4991577358.3 4959708906.4 4983312224.6 5012373434.5 5020211747.4 4955042850.1 5009120161.6
"5120" 4951407229 5058848143.8 5006498356.7 4973747444.3 5062497805.5 5114703055.3 5202542717.6 4789519735.5 5040313447.1 5346791112 4817300852.3 5327819910.6 4868828351.3 5108868497 4915082881.3 5024009641
"6144" 4938673116.4 4364293890.4 5057764693.8 5265339046.1 5260979993.2 4767691317.3 5244287059 5146138102 4588230343.1 4722693796.7 5100265955.3 4997025729.1 4793987833.4 4768401845.2 5028966643.1 5042458826.7
"7168" 4250858525.7 4825549050.4 4477247838 3867535091.7 4845569854.6 4562173767.1 4400768536.9 4078533148 3918949806.4 3847689824.9 4739978009.6 4348713553 4147421307.3 4825057653.7 4487786435.3 4571799166.3
"8192" 4613488924.9 5336942507.2 4196661368.9 4622893697.5 4638291149.1 4474573900.8 4208155023.4 4603319038.7 5891553401.4 4571363261 4603721901 5447656082.3 4572499710.6 5059686369.3 4613965580.9 4163016194.4
"12288" 5326886247.4 5336712965.1 5328876987.2 5326668293 5329379661.6 5320828175.5 5330624465.6 5320427377.2 5319188189.1 5330905989.1 5314412191.1 5317841824.5 5324718552.2 5304020238.4 5291635913.7 5283371504.6
"16384" 5366573081.2 5382856613.8 5383643396.1 5379297366.3 5393667943.8 5389621035.1 5384877236.9 5380839149.9 5380300555.7 5369940132.1 5373814546.9 5375184606.7 5374520934.3 5358016585.7 5337531938.3 5333522045.8
"32768" 5497655290.2 5490645978.6 5493851624 5484642703.2 5490617406.2 5501686540.2 5495599902.2 5487576684.8 5494213966.7 5482133436.2 5493911070.6 5499711093 5492900606.5 5472372730.9 5460090540.6 5451463886.6
"65536" 5364525067.3 5406807958.2 5348636574.5 5345473361.2 5377264621.6 5376457963.5 5378399309.7 5383705135.1 5408009742.7 5353674709.9 5411268395.8 5386603328.4 5415832836.4 5358506721.5 5348392909.5 5343597818.2
"131072" 5579169477.5 5583259869.7 5585040914.2 5592818792.4 5578543485.7 5590679403.5 5579532732.3 5584268229.7 5578307038 5564125710.5 5577233603.8 5594963119.2 5582161303.7 5559827315.7 5555425546.7 5538920605.4
"262144" 5601493783.5 5603620703.6 5595030538.4 5592663432.4 5594628346.2 5599848412.4 5597938612.2 5603599228.1 5593852845.7 5592189804.7 5594680271 5605660097.5 5605738000.1 5579312938.3 5568354576.2 5568785326.6
"524288" 5591405137.8 5589215256 5588299391 5590837153.4 5587006221.4 5594558216 5584443244.6 5590702518.2 5591181387.6 5592615572.8 5593412801.3 5599650327.1 5600383400.6 5581038699.8 5575653570.6 5568251218.8
"1048576" 5587674971.6 5577081329 5584460133.1 5584023313.7 5583877238.3 5587680891 5590527411.5 5582745428 5586228155.2 5584466280.6 5586264584.7 5594197461.7 5595433051 5584080175.3 5574975201.8 5569090564.3
"1572864" 5593176420.6 5581564346.9 5582047576.3 5585941470 5587064910.9 5586157970.2 5587382117 5583491111.9 5580298139.9 5584054766.3 5585166012.7 5592284848 5592495091.1 5578212473.2 5573408815.4 5569575971.9
