"sizea" "2048" "3072" "4096" "5120" "6144" "7168" "8192" "12288" "16384" "32768" "65536" "131072" "262144" "524288" "1048576" "1572864"
"2048" 30445977476.4 30736379615.9 30992575009.8 30087441042.7 29567016580.4 29443849883.7 29293813126 29036042239.4 28545831217.2 28236763286.3 28046598122.4 27845276961.1 27690589768 27755527430.8 27723825066.9 27755983136.6
"3072" 30319950275.7 30593231169.6 30358516675.4 29730968957.4 29052752743.7 28826470967.2 29073398635.1 28789819027.6 28045968105.1 27575780330.3 27422721717.2 27316555311.5 27415390614.7 27260660930.1 27341774198.7 27527639610.8
"4096" 30501215049.6 30198780502 30420467045.4 29682709523.4 29228157703.8 28562203595.9 28692333031.6 28361633464.4 27839926952.7 27486634373.7 27301535651.2 27103176176.2 27183424487.7 27153693276.2 27063541247.8 27121657642.5
"5120" 26890600988 27096099832.7 26763088357.9 26477159074.3 26305243678.4 25795656354.6 25642652068.3 25184364937.3 24595997633.9 24233034410.5 24042272479.9 24011798602.4 23928326111.3 23944982256.1 23933454017.9 23920640120.9
"6144" 21811983195.8 21590444656.9 21474586187.3 21648321821.7 21543842947.4 21251554112.4 21215656176.4 20565206692.8 20112749505.5 19706958643.1 19528345890.3 19470701760.1 19398223081.1 19455874690.2 19464496920.2 19435610010.5
"7168" 17344623029.4 17383802799.7 17128304227.9 17169371613.1 17321683704.4 17382184886.6 17029984163.4 16521083458.1 16193836126.1 15779920940.9 15620761520.5 15565690345.6 15529200740.7 15525339563.5 15544764717.5 15544023218.5
"8192" 16868248418.3 16920045004 17014617087.9 17018856642.5 17102048765.1 16729900906.4 16787212217.4 16123330349.5 15769519707.6 15340586023.3 15234558636 15179530438.1 15155852375 15164286500.6 15156923140.3 15179527630.8
"12288" 13510818590.7 13398628551.8 13346926568.3 13190723594.3 13020492684.8 12902453413.1 12786826839.4 12596423263.5 12344993424.1 12150203912.2 12045388760.6 12014610291.2 11981845211.2 12029002828.6 12019572294 12018774713.8
"16384" 10296101743.7 10145806234.2 10103018760.9 10165518732.2 10030444397.7 10045974431.2 10064685525.6 10012194400 9965455764.7 9839108840.5 9783500972.1 9756643429 9765656747.9 9772551342.6 9787292974.2 9805964794.5
"32768" 8130793319.9 8127038063 8252244120.5 8133749787 8265858236.9 8206061586.9 8173167274.9 8145971588.9 8040814478.5 7839250922 7704486348.9 7662758674.7 7647558205.3 7665547507.1 7679165958.8 7672203540.5
"65536" 6763488817.9 6730177808.7 6781227981.8 6746198201.6 6742027191.2 6745480131.3 6735317435.6 6739424249.1 6742534453 6743851634.3 6698485226.8 6618216161.9 6646037236.3 6661950510.1 6668122493.1 6670651059.8
"131072" 6649407249.2 6651786875.9 6649895095 6640726187.3 6636859500 6635665514 6646169921.6 6642295242.5 6641484743.2 6638564216.5 6639800854.3 6638062429.5 6653491990.2 6661618405.7 6659639986.3 6665744821.3
"262144" 6629313671 6630836465.6 6635599074.9 6641345948.2 6637606790.2 6644096431.8 6645533222 6639586919 6646180975.9 6637832304.4 6635861677.5 6635941493.3 6633239240.2 6641318207.7 6639809690.4 6638752949.7
"524288" 6565765510.4 6566997696.3 6567267002.5 6545045167.9 6538845204.7 6530201770.8 6537222602.9 6531188310.9 6555921302.2 6541966804.2 6530425201.3 6536112664.7 6534970617.8 6559229975 6556803531.5 6558868894.6
"1048576" 6545533828.8 6546227476.9 6546285422.7 6520546438.6 6522045545.6 6523472563.5 6524407122.5 6525261203.5 6519984752.2 6517438094.9 6524141259.6 6524231658.8 6514970531.1 6517845643.1 6514339438.4 6506145310.2
"1572864" 6530112169.9 6527377830.5 6530209560 6486829905.5 6477319632.1 6480243130.8 6477955780.1 6476275584.4 6482835666.7 6478119136.8 6555990884.8 6530974011.1 6505366189.6 6491106820.8 6483629130 6478566965.9
