"sizea" "2048" "3072" "4096" "5120" "6144" "7168" "8192" "12288" "16384" "32768" "65536" "131072" "262144" "524288" "1048576" "1572864"
"2048" 87.8 355.9 1362.2 3050.1 1716.4 2257.6 2198.5 1082.2 1015.1 3126.8 4485.9 12036.1 26931.4 74474.8 156143.4 162742.5
"3072" 123.2 268.1 1005.8 2420.8 1107 1740.1 2951.6 602.7 924.3 23911.1 6136.5 10410.6 18853.8 73384 160412.6 175367.6
"4096" 82.9 200.1 1385.2 3502.1 2798 2594.6 1636.5 632.6 1607.1 2764.7 8614.2 13498.1 20311 74019.2 182608.6 168752.1
"5120" 114.3 289 1459.7 1337.4 3410.3 734.8 1791.1 1581.8 1187 5640.2 5567.1 13574.7 19454.3 64709.1 164831.2 204048.6
"6144" 98.9 353 935.5 2167.8 1006.4 2717.6 1604.1 927.3 655 2451.9 6980.3 12192.1 17420.8 62615.4 155291.2 202845.8
"7168" 143.3 289.2 1110.1 2871.4 2476.2 977.3 1359.6 731.7 1479.9 3198.8 6268.6 10069.9 19859.6 67417.7 171054.3 164583.8
"8192" 65.7 320.9 2056.5 1918.9 2208.6 1662.3 1571.9 1180.3 1198.2 3305.1 8786.2 10656.4 20570.3 66761.4 161132.2 180452.5
"12288" 105.8 164.7 1116 1767.9 1716.5 1328.5 1495.7 1146.9 2784 2799.3 5315.3 12669.9 19454.6 63868.7 176521.5 199892.7
"16384" 122.3 424.4 1472.7 2267.4 2305.8 935.4 1803.8 1026 1714.3 1267.2 7291.7 11485.7 17563.1 69623.4 167694.3 194367.9
"32768" 106.1 261.8 1392.5 3046.7 2342.9 636.3 1463.4 559.9 585.6 1893.3 6670.9 54112.8 20532.1 70610.4 173193.8 208162
"65536" 113.2 197.4 1109.5 2161.9 1069.4 1422.2 1138.2 852.1 429.5 2197.4 744.9 10542.2 18707 65409.8 157538 183949.3
"131072" 124.1 286.6 1312.1 2020.8 1197 745.3 1355.8 644.5 329.5 582.4 2310.2 4934.7 15683.1 69484.4 165149.2 144872.7
"262144" 100.6 250.2 1042 1002.5 1758.4 2105.4 719.5 694.4 983.3 759.9 758.3 5159.5 19798.2 78021.4 151901.2 41164.7
"524288" 146.6 302.2 1456.2 2694.4 1136.7 953.9 1689.9 1073.4 27792 2294.2 1357.4 2359.7 20003.2 78760.2 74820.7 31481.2
"1048576" 101.6 387.3 1483.9 1710 2018.8 2671.8 2688.9 947.4 647.3 1497.8 2535.9 1975.8 15798.8 74855.3 13872.5 20894.7
"1572864" 139.9 289.9 1891 3104.6 2445.8 1808.9 1708.4 1008.6 1198.9 1109.2 2465.2 5265.4 3324.8 7568.7 18282.3 19560.9
