"sizea" "2048" "3072" "4096" "5120" "6144" "7168" "8192" "12288" "16384" "32768" "65536" "131072" "262144" "524288" "1048576" "1572864"
"2048" 131.3 266.2 1401.1 3250.6 3963.9 1744.8 3290.4 2045.1 1041.7 3565.3 4602.5 7578.9 14736.8 43122.5 140694 165168.4
"3072" 134.8 249.5 738.8 3011.4 950.2 3306.8 3124.4 3983 4175.1 3779.7 8889.3 11543.6 16952.4 54690.1 147486.7 206670.1
"4096" 100 422.8 3636.8 2046.8 28090.2 4296.3 17923.1 14286.5 6568.4 27587.4 15619.8 21236.2 36465.2 90241.5 220773.5 266913.3
"5120" 236.7 10389.9 3316.6 10695.5 7415 41467.6 19050.3 57423.5 31072.1 85697 41060.6 60773.3 64686.1 123865.6 242466.8 323701.3
"6144" 1868.3 8302.8 8846.7 129030.1 68048.6 114511.2 75006 112616.8 62296.4 71040 97577.9 110630.1 121359.7 186705.1 280164.6 379560.7
"7168" 2701.8 3186.2 22907.5 110604.1 90961.4 152620.5 92690.2 152010.8 106678.2 121546.8 179600.6 170697.9 171288.7 263636 366028.3 426235.6
"8192" 4460.5 4227.6 26987.9 237731.7 181993.1 158844.1 219150.3 230580.9 285723.4 236728.2 211100.5 255186.8 265853.3 326976.9 363076.3 410271.3
"12288" 6030.1 8047.4 52965.5 193256.2 288078.2 267312.5 307325.5 354930.6 355016.5 395116.6 409066.3 411873.1 414864.7 436024 464474.4 483833.6
"16384" 5835.8 8416.2 51946.4 226879.1 225206.2 232851.2 273495.9 300184.3 337893.3 406282.4 416318.2 413887.8 445542 445543.8 456206.4 477495.5
"32768" 3929.2 5688.5 47748 157836.7 191898.8 178097.6 193789.3 251678.1 200881.9 382794.7 400926.6 414810.3 420143.5 437700.2 457093.4 479514.9
"65536" 5902.5 5535.3 36223.4 131059.8 125258.6 179506.1 199171.8 207682.6 279990.4 300352.2 407113.4 408648.1 419774.4 430546.7 451046.9 477141.1
"131072" 5295.5 6932 45016.1 133427.6 190367.3 212081.8 221716 227490.2 246623.3 247897.4 344569.3 426457 434106.5 451523 458431.5 485243.3
"262144" 4262.4 7155.5 51605.5 188078.9 212671.7 267855.2 249967.7 329565.4 305996.9 296661.6 328881.7 420824.2 435590.4 463877.7 477902.2 484625
"524288" 6261 6313.3 41922.6 193286.4 190159.5 226680 230720.8 325044.5 342769.1 319543.4 314992.4 415134.9 431276.4 474913.1 486964.7 499582.1
"1048576" 3939.6 4075.5 45830.6 152826.5 199793.6 246857.6 231376.6 218763.3 272524.9 308925.6 251640.6 432402.8 427221.1 468247.9 482557.4 489196.2
"1572864" 3065.9 2980.9 38538.8 197222.8 147642.8 216233.1 215243.6 249756.8 265319.3 342222.2 255213.3 423091.8 442432.3 451646.7 470516.9 498409.9
