"sizea" "2048" "3072" "4096" "5120" "6144" "7168" "8192" "12288" "16384" "32768" "65536" "131072" "262144" "524288" "1048576" "1572864"
"2048" 575709.6 45175229.6 88474718.4 116236169.5 159206228.3 167155748 179621662.8 244828730.9 250241109 253037487.6 244951576.3 251807208.4 252171993.5 252183421.9 252177192.9 252184264.8
"3072" 681601.5 55011966.1 120985081.4 149175095.4 191591752.6 192588237.2 213616352.5 267600479.4 266802969.2 262680946.1 247425638.3 251968155.8 252195473.1 252184235.5 252185177.3 252186672.2
"4096" 928755.3 3643416.1 55093000.8 173158170.5 192372829.5 262038334.3 254020415.9 299696814.1 281970865 269539184.4 250050220.8 252108299.7 252187491.1 252202947 252190348.3 252208767.2
"5120" 177047.5 2330038.4 34052852.9 163088103.9 181019556.6 241107881 313669480.4 335613129.8 295068639 274217230.1 250410617.5 252248329.7 252328218.2 252278813.1 252277395.8 252270588
"6144" 129052.3 488755.4 21765257.7 57131473.7 183118749.2 259282416 298672563.8 316692926.7 310851278.7 280163849.8 250864778.1 252349991.5 252440149.7 252418904.5 252382648.1 252358292.7
"7168" 170386.3 248198.9 4228715.6 192504750 104546952 257588569.1 274793888.4 314067893.7 306457152.4 274272829.1 249301385.9 252190218.5 252415699.1 252460902.8 252511676.2 252503319.8
"8192" 147488 1665931.5 8424356.9 39716546.9 86683952.7 76082021.1 231072054.8 336702136 313826219.3 281397014.9 250739966.8 252435407.2 252480284 252506542.2 252454570.3 252439853.7
"12288" 159171.3 229521.3 5914619.1 32926970 88547379.5 109432170.4 166945756.9 315027475.5 338495590 288150010.9 252740240.7 252829467.4 252710540.4 252731820.4 252840923.6 252819317.1
"16384" 122291.4 178575.9 3478646.1 24736449.1 91747641 109880081.9 152639232 251446967.1 290037918.9 288142777.8 253153294.2 252898981.3 253286773.2 253590188.9 253193021 253466234.6
"32768" 88911.7 184103.7 2081287.6 16344501.1 105990944.6 90406824.5 118420931.8 240337905.6 286323944 275755457.4 253696385 253914922.9 253673510.5 253656749.3 253425816.8 253677302.9
"65536" 100958.7 119730.8 2829061.4 19861132.1 33514457.8 62383318.3 97202793.3 235521090 234687583 264649038.7 252410794.5 253207775.6 252524493.9 252354339.7 252460091.5 252691998.7
"131072" 115106.9 159951.4 644317.2 18862845.2 24739649.3 86741071.2 98280876 259793922.7 260565186.6 264915860.2 252210622.3 252410681.3 252243437.3 252694824.7 252248713.1 252425352.1
"262144" 123612.4 175899.1 416517.7 7414792.1 24643945.8 51638879.7 101758331.2 235491819 261817703.2 261473488.2 252265799.2 252359828.5 252304139.4 252239439.2 252199741.1 252200013
"524288" 104154.6 146695 224254.9 316443 816660.9 6873183.9 69259451.3 213144787 248036877.9 262352289.8 252250468.7 252336955.5 252255077.6 252241628.3 252265125.2 252274720.7
"1048576" 118181.8 160834.2 3489532.6 299653 2649077.5 14683731.8 69298588.9 222497968.8 249131221.4 263007076.2 252233596.7 252259740.2 252302906.4 252303000.4 252292494.5 252292578.2
"1572864" 143672.6 150536.9 705991.6 882735 501343.2 7795728 69502080.2 210367290.1 257261860.3 267440535.6 252296461.5 252204270.3 252283905.3 252303215.2 252296788.2 252324718.9
