"sizea" "2048" "3072" "4096" "5120" "6144" "7168" "8192" "12288" "16384" "32768" "65536" "131072" "262144" "524288" "1048576" "1572864"
"2048" 1028630.2 1142483.6 149523.6 196691.2 168405.3 146766.5 177691.8 186811 149615.6 102802.3 123838.2 95965 128343.7 134323.3 135276.5 136139.6
"3072" 32619804.8 70252737.4 3208928.4 19148822 1086749.9 388509.6 274645.1 771359.4 218896.9 155870.1 310747.2 774225.5 916228.8 893877.1 166050.7 171220.5
"4096" 79860292.9 105613514.3 120754246.5 24606131.1 50854730.3 9569275.2 11036728.1 11647854.1 1920854.6 5922614.6 16211299.5 7421755.6 11076566.7 7770888.3 12289295 6183477.4
"5120" 141973246.5 137351381.9 194456129 147829506 159745843.9 66383623.4 106649764.6 102044413.2 36135516.4 40616514.1 62764132.2 43068734.5 37952474.5 84538967.1 97432830.1 52692580.4
"6144" 140984705.9 177087129.7 253828358.6 268792051.4 235226805.6 147350347.8 128447058.5 88931968 111231054.8 115378032.9 90242682.3 123515311.1 125374529.1 88200706.7 68439135.8 82702254.3
"7168" 150080527.2 216709916.5 240594500.9 325292674.3 281987680.2 205449745.8 141927092.4 117717209.2 121937810.3 95502763 90953199.7 101881637.4 92226041.9 140341644.4 127099623 124731348.2
"8192" 202140030.8 243397061 251111805.9 284521123 270939762.6 234787911.2 288064804.6 178292780.2 154876118.8 204682194.2 120085462.6 188046073.6 100035720.5 123756849.2 132513826 116822462.5
"12288" 245597147.4 268283583.4 288786058.2 302318771.5 316494568.1 309759090.7 333751790.5 350198345.5 270566675.2 254581978.9 258418508.1 246209846.8 258682347.9 258173018.1 245829870.7 246004006.4
"16384" 250873239.6 267743831.6 283199415.9 292383173.6 307095344.9 299944290.8 313172937.4 333021310 328597339.5 275187206.6 259471246.5 276137389.9 250802234.8 233782760.3 259088957.9 242037315.4
"32768" 256868968.9 260854806.7 267932005.1 271434927.3 277786641.2 271877046.6 276404796.8 287215578.8 288653470.8 283810669.8 267053943.6 264347747.6 267047517.9 267024902.2 269701216.4 266997452.9
"65536" 244929954.8 248638998.3 248906549.4 249691405.2 248943743.9 248821693.9 250334587.5 253166812 254046964.3 254045369.3 252411251.4 252246663.4 252160180.1 252218826.3 252179230.6 252136435.2
"131072" 251949672.1 252032656.9 252085520.2 252123829.2 252009509.9 252230919 252332838.5 253026234.9 253702657.6 254253898.3 252803879.4 252385468.8 252238490.5 252710976.9 252262079.1 252413366
"262144" 252169378 252165146.7 252172690.7 252209833.2 252259566.7 252339117 252560652.4 253493408 254422179.2 255624682 252804590.2 252374538.2 252275298.2 252253000.8 252211517.5 252187252.6
"524288" 252179903.9 252175648.4 252182415.3 252189124.5 252194223.7 252211034.2 252357468.1 253563715.7 256137117.5 257042262.6 252816544.4 252333388.9 252270856.1 252277380.3 252242412.9 252274003.3
"1048576" 252180905.5 252187374.2 252180157.5 252186309.9 252196328.9 252231063 252357150.7 253473711 256724231.6 257599979 252812782.2 252302897.5 252283181 252297455.3 252295666 252331413.6
"1572864" 252188410 252186719.5 252191381.1 252194299.1 252191824.9 252212989.7 252357801.7 253641823.7 256314424.4 257323295.3 253314042 252246559.1 252314617.5 252279386.4 252310353.1 252342590.9
