"sizea" "2048" "3072" "4096" "5120" "6144" "7168" "8192" "12288" "16384" "32768" "65536" "131072" "262144" "524288" "1048576" "1572864"
"2048" 267.6 302.3 299.6 283 249.5 279.5 341.2 263.5 260 291.4 255 271.8 253.3 252.8 263.4 256.8
"3072" 502.8 482 392.9 480.5 405.1 460 472.9 443.7 477.1 1073.6 454.4 440.5 464.3 512.9 425.8 454.6
"4096" 2297.4 1129 1665.6 1486.3 1681.3 1585.5 1192.2 1257.1 1345.5 1089.9 1499.6 1299.6 2087.1 1904.8 2362.8 1688.6
"5120" 3252.3 2673.9 2964.7 1135.7 3699.4 1875.7 2254.6 2221.1 1471.3 2236 2061.9 2756.2 1322.5 3756.5 3811.6 4241
"6144" 2732.2 3243.3 2354.2 2621.9 1707.1 4443.1 2349.8 1864 2693.7 2079.7 2721.2 1584.5 3161.5 2470.8 2659.8 4195.8
"7168" 4121 3453.2 1753.4 2464.8 2633.9 1438.1 1826 2313.8 2109.5 1396.8 2373.1 2657.1 2661.4 1945.2 3291.9 2259.4
"8192" 1090.5 3975.3 3258.5 2605.6 2783.1 2760.8 2262.9 2287.1 2464.8 2998.1 2063.4 1836.6 2383.2 3288.1 3936.3 3591.2
"12288" 2083.2 1724.5 1734.8 1706.8 2530.2 2171.4 1964.2 2980 1886.2 1876.9 1747.6 2051.2 3026.8 2767.6 3310.1 4093.8
"16384" 3027.7 2328.6 2420.6 2573.6 2283.2 2833 3370.4 2072.3 2480.6 1932.2 2663 2011.3 2802.9 2599.8 2765.1 2879.5
"32768" 5390.3 3340.6 6018 4462.1 8325.5 4122.9 4685.3 4768.6 5656 3861.8 4120.9 37810.9 5745.1 5204 5860.2 7562.9
"65536" 9932.3 10470.2 10864.8 7731.6 7828.6 8742 13508 11150.2 9950.8 9186.8 8414 10323 10247.8 8585.6 15928.4 15640.8
"131072" 117679.6 126155 119359.5 135851.9 143030.5 120782.9 127384.9 137273.2 134761.1 118918.8 140353.8 120885.5 123916.5 143102.8 143681.8 143239.4
"262144" 485512.9 485001.2 485523.5 484569.6 486280.8 485347.3 485544 484054.4 484346.7 484559.2 485704.9 484177.1 484235.7 484903.6 483567.6 483798.9
"524288" 489768 489661.8 490003.7 490282.1 489673.5 489739.8 490167.8 489547.8 490874.2 489721.4 489415.9 489946.5 489641 489782.9 489562 489363.8
"1048576" 491626.5 491670.4 491804.6 491874.5 491554.3 491673.9 491606 491705.9 491594 491512.9 491640.8 491591.2 491697 491483.9 491404.6 491234.1
"1572864" 492135.5 492172.6 492098.4 492163.5 492186.1 492128.3 492170.1 492215.5 492154 492216.5 492203 492071.8 491845 492015.7 492031.5 491854.2
