"sizea" "2048" "3072" "4096" "5120" "6144" "7168" "8192" "12288" "16384" "32768" "65536" "131072" "262144" "524288" "1048576" "1572864"
"2048" 1047364889.8 1047365123.6 1047368214.2 1047366723.6 1047365458.6 1047366078 1047366682.3 1047366805.3 1047366332.1 1047365789.2 1047367091.4 1047368045.5 1047369236.9 1047367245.4 1047367765.5 1047367026.9
"3072" 1031260686.8 1031264551.4 1031261342.1 1031283964.6 1031262607.3 1031262764.3 1031262114 1031261866.2 1031261481.9 1031262261.1 1031262861.6 1031263201.4 1031263064.7 1031264163.3 1031262617.1 1031261682.6
"4096" 1023265342.2 1023272411.6 1023275649.9 1023266901.7 1023351241.2 1023259637.6 1023255139.7 1023254326.2 1023252506.5 1023253304.2 1023255909.3 1023258226.2 1023255502.6 1023255134.5 1023255616.5 1023252402.8
"5120" 913897992.6 913920344.4 913913483.1 914151785.2 914177061.4 913916643.3 913911741 913903347.1 913902658.7 913900329.3 913901111.2 913900371 913900837.4 913911942.2 913902883.8 913904115.3
"6144" 740312329.7 740316692.9 740336837.7 740601611.2 740582609.3 740482117.1 740341863.9 740347789.8 740322458.7 740321992.1 740341274.4 740326749.9 740335920.3 740332321.1 740349661.6 740343530.8
"7168" 591009199.4 591012590.9 591024119.6 591144058.3 591277766.3 591134639.6 591117116.6 591088059.7 591081754.7 591097497.7 591109705.9 591077873.5 591090782.3 591084039.4 591066841.2 591067540
"8192" 577202139.7 577228747.1 577247077.1 577377066.1 577475727.5 577391646.9 577464405 577402241.7 577404861.5 577364172 577416762.8 577361871.8 577439143.2 577414189.9 577414612 577396435.3
"12288" 457044013 457048596.1 457070497.8 457172390.2 457285382.2 457374307.2 457450319.8 457850714.4 457901184.2 457920013 457772884.1 457864861.4 457691848.6 457747746.8 457897597.5 457847950.1
"16384" 371682020.9 371688869.6 371701625.5 371794477.8 371905863.4 371896423.2 372016547.6 372535783.6 372783750.9 372962073.2 372934435.9 372640094.5 373106252 373506492.1 373009667.9 373354139.3
"32768" 290534621 290539352.5 290548822.4 290595647.1 290690967.1 290693075.9 290821015.6 291414362.2 291486304.1 291987550.7 292214774.1 292426471 292165044.3 292145344.6 291895843.8 292173153.1
"65536" 252186596.4 252182386 252203221.9 252241113.1 252279240.3 252386551.7 252521428.2 253181008.8 254056490.2 254078752.9 253108471.9 253222194.2 252530674.3 252369515.3 252474787.2 252710324.9
"131072" 252174998.3 252182227.3 252196660.7 252242929.7 252258405.3 252447905.7 252563636 253033476.5 253709821.3 254261267.8 252814046.9 252396033.1 252248587.2 252719504.9 252271993.8 252422687.5
"262144" 252177321.5 252173433.3 252181245.9 252216327.5 252265054.1 252345218.7 252566097.2 253499665.5 254429117.1 255631088.3 252813947.4 252383985 252285300 252262676.1 252221360.1 252197342.8
"524288" 252186667.2 252182807.7 252189412.1 252194911 252199268.2 252216829.8 252362149.9 253568779.9 256142387.5 257048109.8 252826127.9 252341890.7 252279383.2 252285955.8 252251749.9 252282188.7
"1048576" 252187283.2 252193027.7 252187090.6 252192075.4 252201092.2 252235580.6 252361766.2 253478827.6 256729347.7 257605510.4 252821477.7 252310628.7 252291904.6 252305492.8 252303505.9 252338065.7
"1572864" 252193391.6 252191908.6 252197148.2 252199011.2 252196438.2 252217996.6 252361984.3 253646316.6 256320207.6 257329710.2 253321862.3 252254755.6 252321912 252287714.4 252317341 252350331.1
