"sizea" "2048" "3072" "4096" "5120" "6144" "7168" "8192" "12288" "16384" "32768" "65536" "131072" "262144" "524288" "1048576" "1572864"
"2048" 1047364959 1031261349.7 1023266240.4 913898279 740311550.1 591008370.6 577205476.6 457042697.6 371683935.7 290532889.7 252184995.5 252185125.9 252180312.5 252190377.9 252184360.6 252190677.7
"3072" 1047365276.7 1031267396.6 1023274538.8 913901173.9 740317753.2 591012800.8 577208890.7 457060168.7 371688753.6 290534096.8 252188564.9 252190643.8 252202295.1 252191201.2 252191429.5 252192544.2
"4096" 1047372334.2 1031266206.4 1023272079.4 913923077.2 740357679.3 591046501.5 577250635.6 457091228.6 371705272.7 290560743.8 252201474.2 252199358.9 252195057.8 252209303.4 252196877 252214399.2
"5120" 1047365817.5 1031263858.9 1023269603.2 913965284.9 740445564.3 591237770.9 577317260 457197276.6 371841012.6 290710060 252358637.5 252348342.4 252333792 252285632.3 252283961.8 252276156.3
"6144" 1047366683 1031263883.8 1023260584.2 913904517.2 740560803 591259174.6 577471539.7 457326256.5 372075018.1 290886595 252439555.4 252476721.6 252446271.7 252424137 252387651 252364033.5
"7168" 1047366553.1 1031264219.7 1023258496.9 914015699 740395739.4 591530790.8 577654929.7 457427519.9 372034649.5 290830503.1 252341491.4 252460795.4 252421384.1 252466550.3 252516354 252507945.3
"8192" 1047366687 1031264331.2 1023256959.9 913898561.3 740354901 591139084.2 577538219.7 457303039.5 372034799.9 290889566.3 252459413.9 252560988.5 252485059.4 252511105.2 252459595.4 252444549.9
"12288" 1047366792.7 1031264030.3 1023265672.4 913911923.9 740351456.9 591121303 577470193.2 457949379.6 372376151.6 291226365.8 252749767.2 252836002.8 252717406.6 252738638.4 252846786.4 252825035.7
"16384" 1047366594.7 1031263616.1 1023258915.3 913899769.5 740327410.8 591095964.6 577442143.8 458149269 373009093.8 291492467.1 253163975 252906943.9 253292626.6 253594438.9 253198774.2 253470915.5
"32768" 1047366545.1 1031264114.1 1023257096.5 913922841.7 740352808.6 591079273.1 577484233.1 458247452.3 373032728.3 292030249.4 253725116.4 253922170.9 253681177.7 253664352.7 253433784.8 253684570.3
"65536" 1047367036.2 1031265770.6 1023258703.5 913918731.8 740337307.9 591188502.8 577545309.2 458497940.6 374325990.9 292585336.7 253103879.1 253218002.4 252534472.6 252364725.3 252470311.7 252701691.7
"131072" 1047370538 1031266100.6 1023255329.5 913908776.8 740348840.9 591265265.4 577635514.2 458392740.7 373910227.9 292794617.6 252805204 252420185.7 252253209.4 252703597.5 252258819.7 252434050.6
"262144" 1047370293.8 1031268685 1023259346.8 913898216.4 740344097.6 591116428.2 577638897.9 459251948.6 375266760.5 294331612.6 252798344.5 252369242.6 252312412.3 252249435.3 252209980.8 252209247.2
"524288" 1047368060.1 1031265992.9 1023256847.8 913897060.6 740309730.5 591006939.2 577270593.2 459418054.2 378416055.3 295939272 252820546.4 252344686.3 252263787.9 252253971.2 252273309.9 252282661.5
"1048576" 1047367930 1031264226.7 1023256710.5 913896749.2 740312245.5 591019279.7 577278840.1 459285419.1 379544311.5 296585786.3 252805382.6 252269066.3 252310465.1 252310797.1 252300259.1 252300986
"1572864" 1047366245.3 1031262807.1 1023253659.7 913896510.7 740309708.8 591007086.8 577272808.6 459580765.9 378878246.5 296294525.7 253305207.2 252214284.1 252292839 252310421.5 252304823.1 252333032.5
