"sizea" "16" "128" "512" "1024" "2048" "3072" "4096" "5120" "6144" "7168" "8192" "12288" "16384" "32768" "65536" "131072" "262144" "524288" "1048576" "1572864"
"16" 15234016573 15252496478 15243822118 15247553201 15254178842 15253030771 15443681470 15260296770 15266451202 15246997959 15341140891 15242370198 15237154502 15390255772 15244059992 15232880326 15233257818 15218543894 15247530112 15221919292
"128" 15418323296 15295538848 15421381898 15413555579 15417833736 15420671287 15417872465 15417384676 15417677106 15416339394 15418202720 15398313530 15400161946 15421975612 15418743137 15421522024 15419067892 15418661197 15293263589 15418008391
"512" 15829537933 15830669364 15829912917 15829140014 15832607745 15828632936 15828749381 15828234035 15828381492 15834545141 15833722558 15828261285 15812669215 16502246879 15839501547 15829776931 15836292041 15839502267 15817478267 15835494986
"1024" 15831243944 15833599485 15831784317 15831098853 15845651905 15844234110 19452295748 15830223696 15830491042 15830584334 15829795298 15840698813 15846492634 15835014594 19659517508 15843982117 15868062796 15843960845 15845146771 15857426445
"2048" 15838366618 15856700006 15857083797 15848179354 15846290560 15837424113 15838714489 15850785467 15844345861 15838378684 15849907309 15847433389 15852326323 15858219818 19249949828 15856926031 15870851616 15876548272 15885193713 15854797573
"3072" 15855336171 15862364584 15873170954 15887651813 15865059686 15858220082 15870337728 15862831685 15857885224 15922223051 15854284731 15930946249 15865620487 15879796613 15866946871 15922672252 16423369672 15850501738 15890463882 15874477204
"4096" 15928426924 16312100969 16172633994 15970521750 15901118452 19840941079 16733573520 16398515497 16337636558 15922880508 16308091052 15901392334 15876034900 15908871212 15876503924 15881001017 15889917915 16021169085 15902158990 16135789677
"5120" 16239126510 17147055449 16808347869 17133580720 17429125217 17006267065 17024216663 17203470460 16996922698 17032592355 17036027344 17123028496 17410719810 16671160111 17469273480 17156784547 16994509568 17964644692 17137364061 17104626469
"6144" 18875933441 18540325279 18927151587 18990978630 18603003223 18259520886 18366321460 18851759172 19291980131 18742109571 19154243315 18673117226 18700993550 18612319815 18309216430 18392493238 19224065271 18434117402 18602312049 18652752809
"7168" 20603696903 20606245525 20969795433 20294648707 21101294913 21035128299 21316607448 20990456512 20769546597 21280024337 20731133586 20407538555 20204968364 20858556398 20533857154 20899036035 20830711378 21519637324 21439400556 21252569232
"8192" 24002279425 23945803426 24307376867 24303517921 23730647556 23901794933 24083700075 24569097692 24055699440 24483115455 24150400805 23976892201 23909861547 24128866969 23514437762 23604060315 23984766948 24165729279 24472390669 24296948498
"12288" 34642501634 34665060194 34513733936 34469338632 34726738946 34603345098 34531873811 34574202129 34536426952 34577124661 34682923338 34498460511 34456690823 34569094241 34474153615 34714677610 34738743109 44121652575 34767545610 34814158938
"16384" 38157519106 38214353829 38475018588 38511883561 38178933780 38222405559 38178721387 38207698949 38202722742 38163633395 38237256883 38175404824 38226681308 38182173177 38218282838 38264809182 38846657676 38291988270 38299758542 38307834219
"32768" 40466344701 40468221846 40456463017 40458822587 40442332563 40464548516 40455626641 40458011904 40501261474 40466362803 45058942671 40475390035 40466262476 40474188924 40462678280 45419574687 40482488268 40482604757 40503079414 40512097378
"65536" 40730551247 40728095328 40728717399 40738679517 40733813741 40742694853 40718143181 40736301364 40732587194 40735476669 40894593188 40720477664 40733954582 40730564936 40727539167 40738588352 40739513267 40751205118 40761728246 40810570610
"131072" 40655949196 40668364080 40658203920 40662439273 40664894199 40657850038 40663759706 40658866607 40649422497 40661228884 40662427482 40667583169 40663397596 40656605994 40667845722 40654575993 40677696658 40689855547 40713424149 40732444604
"262144" 40639530795 40639040024 40629592758 40633479856 40640163245 40638246809 40633346498 40637463539 40634850734 40641518319 40639170428 40641128158 40623168249 40634393030 40638038078 40649640364 40639968747 40667631184 40684542664 40721152862
"524288" 40641517673 40640045102 40632720161 40624924622 40640467686 40638584631 40636368518 40634178165 40624944970 40640053006 40630703315 40641292458 40632737807 40639741663 40645777678 40635918016 40656642269 40662605377 40704698946 40709476689
"1048576" 27092616659 27082459472 27083385285 27089553574 27082825524 27088260326 27088241235 27091458617 27088230141 27091278050 27091675523 27089300854 27090765539 27094168314 27093210400 27097449872 27101116430 27110337291 27126158972 27177797174
"1572864" 41729668181 40631656343 40636385980 40622819567 40635616502 40629278414 40630867910 40630752235 45471423623 40637848080 40632179249 40634393060 40630800804 40638327592 40633124202 40644428312 40646867881 41758381795 40678516313 40751895300
