"sizea" "16" "128" "512" "1024" "2048" "3072" "4096" "5120" "6144" "7168" "8192" "12288" "16384" "32768" "65536" "131072" "262144" "524288" "1048576" "1572864"
"16" 645611479 647548640 643465404 649345493 642883473 643073550 645968028 642675743 642899784 644688488 644981067 640894453 645707671 645720390 641747001 641156139 646138800 642521638 644053899 643545984
"128" 1091274154 1091186287 1091057470 1090974782 1091131817 1091246268 1090971713 1091028007 1091192219 1091239253 1091163931 1091219789 1091187422 1091049066 1091084891 1091123104 1091376144 1091254916 1091193721 1091055424
"512" 2397023568 2396981266 2396986637 2397006969 2396982339 2396444567 2397003020 2397248056 2397272634 2397016090 2396449020 2317652513 2397038183 2397063165 2397586387 2397817937 2398137108 2398404815 2398932108 2398409102
"1024" 2397142437 2397159667 2397163134 2397155537 2397163353 2397150990 2397147690 2397159738 2397143081 2397141788 2397182500 2397129301 2397193956 2397218974 2398229230 2398038101 2398942417 2398825985 2399828479 2399110313
"2048" 2397476897 2397501259 2397518021 2397531949 2397563829 2397475742 2397447608 2397477578 2397479480 2397564362 2397490762 2397537593 2397507834 2397594859 2399341581 2399555986 2399673816 2400177204 2399641589 2399519087
"3072" 2397845866 2397827388 2397867167 2397878047 2397896360 2397863452 2397853693 2397994897 2397937077 2397787704 2397787516 2397889573 2397845818 2397962574 2400209752 2400237998 2400384142 2400981271 2400607351 2399896921
"4096" 2405584825 2529949446 2529832803 2530334292 2529453274 2399022409 2536832920 2401328158 2399285325 2668247873 2529547392 2538446718 2788279436 2399271725 2531927661 2400888038 2402247350 2534113105 2535763693 2401418751
"5120" 2610011308 2621419077 2514910946 2728610782 2814000497 2620194778 2637606407 2871113190 2741420780 2966323874 2828933743 2738182283 2635955400 2411497431 2856518377 2443950881 2995457789 2854975197 2753777442 2865827140
"6144" 3540612387 3705136178 3717783841 3717083506 2691847409 2690647260 4022311678 3629804284 3661857652 3161582440 2720532035 3438520946 3505473532 3804588752 3916805158 3827823649 2747952499 2740089083 3992977740 3651557801
"7168" 5065220830 5475056169 3018561915 3195959180 3161422451 5198609176 5035084062 5083205235 3084288330 3166378631 3094519473 5211271562 3025078818 2926413748 3017232835 3043207381 3051062087 3020595718 3109611661 3094357173
"8192" 3583974521 6834374244 3635431596 3481403424 3536687705 6539783192 3582740886 3556989310 3497248241 6470595762 6924030412 6999632859 3604644381 3597814905 3480888936 6581025748 3529540810 3596315948 3602502153 3564963788
"12288" 5540380016 5557568420 5562327217 5542652494 5531406714 5539184761 5554388212 5541351253 5518963987 5540203711 5521414405 5524395802 5534852184 5532642847 5533479747 5543151748 5552326590 5560520499 5597839836 5599450322
"16384" 6779516004 6781632160 6775770285 6774275164 6778881432 6776299929 6775478876 6782701315 6773207435 6774768289 6777034424 6767512509 6790780951 6787966240 6785412693 6787794475 6789829777 6804763360 6820227593 6839064017
"32768" 8661242478 8661291550 10126455199 8668704833 8669393166 10119135004 8651676659 8685148904 8750121162 10136699762 8662338379 9053070436 8647204037 10132343554 8667957783 8706231850 8660442052 8674228892 8714795258 8728208006
"65536" 10053704853 10055101930 10049186933 10058560301 10041926097 10047870524 10055838716 10060157378 10046809554 10061084757 10059926109 10044723633 10060587007 10055191664 10057172174 10055107942 10078531906 10071344119 10101509444 10119744450
"131072" 10020902854 10039516293 10029997907 10018827395 10027045763 10027180721 10026199464 10019758830 10019178246 10028300730 10030775974 10033068678 10027867382 10022064165 10028673693 10041393448 10029962972 10046680964 9985024058 10092603838
"262144" 10004157847 10016732878 10004443860 10004642790 10015919742 10011076968 10009718422 10016743203 10010514452 10010087445 10007647133 10004542070 10008557166 10009825648 10005890391 10001054751 9999888245 10029354889 10062499423 10084914387
"524288" 9976399715 9980546033 9994726007 9972010356 9988375685 9981538781 9985828267 9977851605 9989759969 9979451487 9971207867 9981353625 9979290065 9979456769 9980237483 9988374064 9992996840 9990701046 10031707567 10049587150
"1048576" 9969179979 9961787885 9969439539 9960690384 9982478155 9963291594 9973963556 9971602449 9972481942 9977764228 9969935354 9970299487 9967798513 9984522654 9973178114 9972883905 9969731256 9993602005 10020228264 10043684943
"1572864" 9967939489 9968020799 9968291899 9967479228 9964785842 9967731463 9975209291 9962043550 9957954673 9971928079 9975041368 9969163683 9960635459 9976931029 9974731851 9956778550 9977599949 9983751942 10015515098 10041750996
