"sizea" "16" "128" "512" "1024" "2048" "3072" "4096" "5120" "6144" "7168" "8192" "12288" "16384" "32768" "65536" "131072" "262144" "524288" "1048576" "1572864"
"16" 9053 56173 218127 422501 857661 1286706 1724166 2159603 2584530 2994604 3438565 5150411 6847494 13587235 26826491 53544867 106957682 213215922 425701946 639211810
"128" 7913 53873 215801 424739 852802 1295622 1721304 2153554 2569546 3011025 3413850 5194297 6800380 13540255 26846529 53508743 106674664 213047581 425873684 639111004
"512" 8348 55246 212710 423894 864375 1300311 1714643 2150137 2582735 3012596 3422496 5140361 6846715 13536909 26794837 53534976 106620141 213131477 426027519 639196681
"1024" 9548 54926 214913 429054 859851 1290909 1715996 2150064 2577311 3016055 3445123 5157387 6833178 13535880 26782894 53489670 106989595 213214653 425790687 638880881
"2048" 8617 54604 212183 426964 859272 1303640 1734143 2147929 2557106 3010227 3431786 5129166 6879213 13551960 26933410 53521715 106776933 213071534 425822010 639243347
"3072" 9268 54992 211022 425784 865899 1298583 1735483 2143440 2567630 2993520 3406518 5143702 6840033 13563573 26885196 53457963 106699761 213123892 425760773 638862283
"4096" 8803 55742 217291 429869 868223 1297219 1713310 2163559 2568043 3053781 3465989 5206940 6963646 13543168 27023047 53458941 106477734 213918743 428156713 638266129
"5120" 9093 56628 219114 440806 878308 1320847 1731699 2175836 2605157 3060473 3504423 5216755 6928702 13506919 27355905 53365590 109090115 216718636 430777889 650058235
"6144" 9184 57237 217448 440760 891736 1367107 1841935 2257266 2702033 3221680 3699409 5354855 7125200 14200532 28043678 56014098 109363119 217623780 444244305 661966231
"7168" 9947 57211 226839 447841 908459 1410041 1858562 2250167 2826268 3260457 3669843 5484076 7291098 14343033 28597149 55972252 110889363 220126103 437820740 656059589
"8192" 9637 58452 223982 492994 893452 1433745 1827255 2317937 2789477 3266727 3746314 5602558 7330697 14593922 29141578 57081617 111716832 221369745 438209817 658086763
"12288" 9984 58027 224558 456645 916441 1382965 1845027 2570623 2745645 3572586 3833634 5538382 7498304 14707151 29013979 58003486 112892974 223287099 443742738 663980150
"16384" 9255 60973 252179 457015 923409 1398582 1840696 2346388 2764210 3221291 3694219 5557076 7380417 14638976 29148834 57784508 113527627 224864365 446113552 668251591
"32768" 9466 59399 226737 445878 894102 1373792 1805261 2248182 2736487 3224143 3794464 5513323 7932590 14817197 29319556 57914897 113696790 225658345 447364880 670317126
"65536" 10388 57672 226732 443887 890556 1354269 1801954 2251753 2722019 3203790 3710301 5458039 7462786 14824477 29127507 57565578 114214240 226099737 448669981 672348117
"131072" 9522 58341 225820 444690 897344 1354240 1805669 2274704 2716967 3218669 3603430 5632719 7465505 14512116 29000086 57590488 113061561 224482649 446098684 672250674
"262144" 9630 57224 227287 452988 897623 1354868 1798520 2273786 2739147 3210870 3722982 5514838 7465572 15015800 29114371 57479059 113234009 223972085 447112000 671718423
"524288" 9189 58770 227421 448008 899116 1364455 1825717 2265394 2731216 3189523 3665339 5655706 7462391 14796862 29253873 57579798 112849012 224635802 448460304 672169401
"1048576" 9172 58782 222832 444738 903553 1369892 1809402 2265269 2718534 3220960 3727548 5698300 7540684 15142026 29463515 58017351 113729056 224871290 446502650 673905600
"1572864" 10786 66684 259023 508910 985671 1457703 2316068 2516271 3420533 4001881 4492187 6540975 8354033 15652184 29683337 57689596 113612756 224815657 448319545 671223548
