"sizea" "16" "128" "512" "1024" "2048" "3072" "4096" "5120" "6144" "7168" "8192" "12288" "16384" "32768" "65536" "131072" "262144" "524288" "1048576" "1572864"
"16" 7957 50112 197341 381932 759138 1095227 1482072 1850780 2308735 2636652 3007771 4512745 5919664 11197490 21826484 43148503 85273193 169405501 336647282 504568088
"128" 7788 52080 192303 382668 759690 1134989 1531802 1927962 2305881 2697402 3039185 4510720 5889713 11253402 21494687 43021457 85151924 168944170 336127423 503885929
"512" 7427 50075 192371 364325 703229 1038380 1374559 1719868 2067261 2406385 2763431 4100341 5462989 11245649 21812126 43045141 85219230 169299780 336414685 504770446
"1024" 7680 51533 202017 388916 775809 1157726 1550334 1948335 2333031 2686934 3067978 4516302 5525893 10919701 21826701 42961190 85028133 168806903 336611482 504750216
"2048" 7589 49761 197472 397153 779729 1180917 1564793 1960239 2351507 2707490 3125574 4512039 5849394 11158568 21703690 42824433 84928112 168625273 335949309 504128547
"3072" 8321 50788 202813 398960 800817 1198036 1580541 1970250 2347936 2715309 3071792 4440751 5795278 11035374 21633131 42732746 84738802 165895302 335792183 498184460
"4096" 8106 53205 206809 401008 805608 1236029 1585797 2035053 2324431 2746323 3135358 4474155 5833949 11113439 21675078 42737702 84737454 168869918 343585123 504520344
"5120" 8316 52649 210352 424691 841635 1254835 1638827 2053379 2423382 2806870 3133552 4575923 6173430 12045260 23613070 45973544 86714843 173641872 346583355 513275102
"6144" 8200 53919 215261 434478 779802 1272378 1678311 2083364 2469344 2855594 3097676 4836965 6255797 12286791 23517086 46618940 95068759 188812721 378742636 550516951
"7168" 8224 52450 213822 421332 834650 1267939 1657629 2074095 2462405 2849510 3259076 4903950 6253198 12289400 24217532 48133939 95848357 179981802 357294218 535981192
"8192" 9212 62166 208673 415798 862902 1462286 1630567 2294256 2442863 2817833 3190767 4712018 6218051 12278664 24207512 48339410 93818424 183587069 363200903 572239364
"12288" 8089 53069 216350 440867 916646 1364991 1835422 2316762 2742988 3172344 3568794 5189604 6568644 12791750 24733049 48605477 96173749 191484987 378154483 572808385
"16384" 8130 53653 217188 443903 938175 1368057 1852632 2287062 2712059 3181859 3133888 5191733 6164737 12726791 24099931 48495033 96133054 191148743 381388865 571344985
"32768" 7628 56489 190480 379947 740840 1136927 1531614 2310518 2296778 2685713 3106294 4559485 6090851 12032469 24203198 48921590 96317442 192901320 380391757 569323391
"65536" 7642 49383 189342 380183 754715 1131814 1541350 1917091 2319460 2715615 3101043 4557391 6022747 11894004 23854223 47635713 95851258 190771608 378724483 567582064
"131072" 7997 47354 186401 364972 748635 1109554 1505001 1906637 2308405 2655162 3063709 4504368 6055248 11902359 24069813 47238539 94164011 189129714 377839335 564790140
"262144" 8380 48031 186532 376203 735435 1117680 1510954 1885578 2295345 2653053 3060172 4556442 6018759 11841185 24737831 48271689 96099456 189520083 377518772 564891815
"524288" 7739 47251 187622 375922 1063906 1139261 1517089 1919069 2296222 2680748 3037133 5010173 6063732 11962580 23785001 48643921 94272979 188449881 376177525 562750526
"1048576" 9849 53332 240055 377819 740901 1110159 1808546 1903371 2285762 3381806 3069074 4535661 6020451 12675922 24100166 48135185 95961377 190059497 373112953 558599790
"1572864" 11787 79005 312854 542906 1236800 1608071 2113925 2736069 3100420 3537173 3934245 5585882 7050010 13115796 24673828 48957312 95960202 189025054 375489899 547403869
