"sizea" "16" "128" "512" "1024" "2048" "3072" "4096" "5120" "6144" "7168" "8192" "12288" "16384" "32768" "65536" "131072" "262144" "524288" "1048576" "1572864"
"16" 434 531 821 767 1368 1565 1163 1078 1034 1235 1108 1684 1930 2783 3769 5253 8669 16676 29563 45632
"128" 2054 2866 2569 2706 2354 2111 2414 2093 2053 2109 2130 2057 2056 2052 2131 2746 5675 4332 7777 6228
"512" 8198 24235 20615 15608 16398 10605 9828 10417 9842 11649 9287 10531 10195 17312 16738 29758 39253 50494 58652 55204
"1024" 54997 60823 53947 36046 34653 26265 24665 25031 30047 29444 27845 26423 31811 34840 56872 88322 138402 162207 170033 174150
"2048" 102058 175458 192238 173775 115292 97430 106516 112934 106399 101721 99357 114861 114393 138669 192061 258100 402654 431662 407615 287761
"3072" 142976 154261 307877 328711 270308 242625 281027 266230 258985 439572 262941 484712 256997 319996 347985 292276 4499887 313960 612504 249682
"4096" 593401 3876699 2299067 789036 368590 915431 6913838 5036302 4064596 621847 3842076 535987 400393 570849 386916 378922 544327 1322257 554075 2243390
"5120" 5243189 11920444 7825838 10546686 13472155 8615224 9411951 11253818 22147979 9436529 9118261 10050449 30241182 5706434 29187359 9970746 9011313 16217470 10197063 10006950
"6144" 23789757 22538912 25478758 26139060 22466199 19393509 20428364 25239422 28611958 23261682 27269426 23637518 22812755 22798938 20573978 20048663 22367729 20304346 22371415 22999140
"7168" 39193452 39852858 45095332 38388100 44066381 43728842 46196569 43478204 42564145 48480175 41199907 37980180 34419953 44161726 38953473 43065302 42397661 47161062 47343993 46283728
"8192" 74194897 71867002 77021467 74511884 72253809 72014609 73733589 77970760 72146834 71161493 71967826 71640131 70993234 72586020 67097867 67448650 70100809 72657954 75521797 74747384
"12288" 200227111 201505372 201073357 199472588 200382482 199937332 199485889 199660629 198932923 199924820 200643936 199568508 199183649 200775486 199277890 200661706 200332660 200871349 201237925 201959778
"16384" 281573220 281656059 281562462 282966888 281917271 281589390 281908990 281379202 281858224 281726992 281543058 282021379 281572759 281855606 282731814 282272496 282327461 282810063 283461145 284104222
"32768" 407296186 407227906 407232872 407308875 407276624 407089859 407364777 407190191 407486130 407077736 407405364 407220799 407263398 407705850 407406248 407450017 407739426 408009772 409122635 409092510
"65536" 471089549 470976258 471081802 470916130 470874493 471090030 470886596 471259259 471190986 471029623 471000593 470952134 471321133 471118684 471032786 471085162 471197539 471668040 471920338 472466950
"131072" 500213536 500225699 500229910 500168879 500272454 500177873 500268887 500179850 500286127 500180052 500242958 500243074 500217958 500182576 500273325 500220033 500319545 500255947 500392241 500395574
"262144" 504376172 504371084 504377477 504375261 504374362 504378643 504370339 504372281 504377702 504384209 504378454 504346653 504383515 504384485 504389702 504373423 504383438 504388809 504385552 504392223
"524288" 504386663 504376584 504379483 504379882 504376440 504371428 504376910 504376912 504379525 504376266 504388929 504379045 504386043 504381185 504384701 504386706 504388481 504389851 504393000 504389600
"1048576" 336257972 336256554 336254213 336249816 336255633 336254486 336255579 336254329 336255120 336253996 336256611 336257957 336253946 336258177 336259716 336231552 336259775 336259243 336267563 336260381
"1572864" 504380444 504383525 504385997 504386373 504383541 504389170 504386576 504381326 504380246 504357604 504386671 504388027 504383633 504384862 504387382 504388508 504386944 504381533 504362735 504392977
