"sizea" "16" "128" "512" "1024" "2048" "3072" "4096" "5120" "6144" "7168" "8192" "12288" "16384" "32768" "65536" "131072" "262144" "524288" "1048576" "1572864"
"16" 257 256 256 256 316 258 256 258 256 259 257 263 257 336 302 329 603 786 823 300
"128" 2052 2051 2123 2048 2058 2048 2050 2049 2302 2048 2052 2052 5041 4082 2051 5009 3683 8081 5152 2050
"512" 8350 8248 8203 8393 8324 8372 8771 22747 23680 9640 8254 8496 8703 8380 37313 47616 49478 52945 49757 8867
"1024" 17149 17036 17325 17848 17438 16751 17289 16949 16679 16915 16681 16757 17353 17740 78509 62903 93493 79971 104081 17735
"2048" 34907 36473 35258 37498 36330 34346 34575 34461 34361 35829 34908 36147 34752 35228 146916 153026 145727 160155 80396 35480
"3072" 54457 53510 54277 55029 55845 52843 54958 59957 56546 53620 53595 55109 53464 55282 192893 188598 187892 202899 129497 56732
"4096" 250168 8442706 8441624 8441332 8464348 76858 8922018 210759 89967 17276061 8453140 8989460 25141102 84391 8501095 183005 239570 8566908 8519253 92058
"5120" 13188226 13621480 6924431 20574040 25767250 13560014 14684776 26558550 19286187 35608907 26863939 21050616 14558115 289434 28144034 2154585 37229995 28216893 21503600 28168424
"6144" 72429145 82192869 77586759 82947902 16769528 16842257 102539914 77556212 79681728 47283959 17975306 65009910 69093922 88202885 91792563 88703745 20307469 19956618 95967494 70884228
"7168" 166289287 193168991 35464655 47613691 45393736 176373395 163474421 164074115 40261523 44622221 40642639 175496939 36987535 30347036 35995451 37160980 38073708 35448194 40932483 39869424
"8192" 70538440 278658693 73967954 64030312 69225615 262226725 70419595 68950261 66665401 253249790 282947580 287075174 71428626 72867574 64259412 260675482 67615799 70405890 71136531 68800635
"12288" 198575287 198902837 198573927 197943466 197547999 198632493 198870785 197514215 197304191 197164506 196366353 197487776 198271815 197771428 197367817 197024020 198003130 198310208 198687910 198130760
"16384" 280017584 279896416 279992839 279808137 280236625 279969727 280266159 280323880 280039725 279878900 280160938 280081146 280753298 280358798 280110026 280203698 280153580 280412488 280074182 280466124
"32768" 406878616 406961481 503568113 407721841 407830952 503564076 407247829 409203707 413062481 503571390 407007133 433151410 406894762 503568309 407561847 409755630 406742997 406975989 407651017 407171882
"65536" 504056598 504054988 504056578 504058038 504054508 504056915 504056395 504058494 504054635 504055040 504056035 504051799 504053344 504058633 504055215 504058952 504053009 504050958 504057186 504052064
"131072" 504276395 504276983 504276950 504277704 504275541 504284693 504277848 504276029 504277063 504277203 504276148 504264385 504276273 504278825 504272751 504273767 504252227 504276004 500254298 504277343
"262144" 504311387 504311537 504310850 504311735 504310973 504311628 504310866 504311054 504311942 504311298 504312060 504310889 504311018 504314607 504339701 504376109 504374051 504312930 504312159 504311281
"524288" 504311522 504311268 504311360 504382522 504311167 504311609 504312072 504311126 504310923 504311152 504383184 504310977 504311696 504315331 504318882 504312759 504314246 504342371 504322757 504311196
"1048576" 504311440 504380400 504311274 504311036 504311770 504370825 504310944 504311018 504346789 504311154 504311021 504310940 504350646 504317291 504355002 504342315 504337924 504364411 504315451 504313660
"1572864" 504311307 504311318 504361163 504318607 504380016 504369086 504311126 504387908 504310978 504344176 504386086 504317769 504377995 504366853 504355396 504379183 504378906 504379163 504381397 504335699
