"sizea" "16" "128" "512" "1024" "2048" "3072" "4096" "5120" "6144" "7168" "8192" "12288" "16384" "32768" "65536" "131072" "262144" "524288" "1048576" "1572864"
"16" 292 2085 8224 16424 32807 49191 65587 81986 98357 114784 131203 196947 262486 525339 1050544 2101175 4202905 8409959 16821014 25219001
"128" 290 2076 8223 16412 32802 49186 65585 81960 98363 114754 131171 197028 262639 525204 1049640 2101361 4202740 8406206 16812816 25217558
"512" 292 2079 8214 16431 32796 49199 65578 81955 98354 114735 131133 196716 262361 525188 1049624 2100989 4202599 8405973 16811995 25218410
"1024" 290 2076 8225 16414 32802 49190 65586 81979 98394 114806 131272 196988 262405 524746 1050439 2101343 4202895 8405924 16812009 25218919
"2048" 293 2082 8226 16417 32809 49195 65576 82020 98463 114853 131290 197002 262649 525415 1050615 2101328 4202957 8406261 16812198 25218042
"3072" 290 2085 8226 16416 32816 49212 65639 82055 98501 114907 131313 197060 262790 525469 1050160 2101207 4202993 8406252 16812816 25223573
"4096" 294 2088 8232 16442 32836 49236 65651 82058 98561 114972 131316 197057 262673 525438 1050773 2101275 4203194 8406421 16810690 25218894
"5120" 294 2085 8233 16459 32842 49338 65688 82122 98588 114938 131378 197163 262763 525492 1050810 2101844 4206165 8413132 16823436 25235866
"6144" 302 2082 8253 16447 32849 49319 65749 82179 98593 115056 131774 197147 262797 525569 1051874 2104646 4205164 8412317 16819786 25255018
"7168" 296 2089 8243 16458 32850 49302 65769 82217 98607 115058 131479 197116 262842 525466 1050861 2101479 4202830 8415167 16831323 25247241
"8192" 286 2090 8239 16455 32869 49222 65774 81989 98656 115063 131500 197139 262839 525498 1050830 2101524 4212927 8420262 16839012 25216284
"12288" 298 2081 8231 16418 32834 49202 65591 82008 98395 114864 131207 197104 262753 525329 1050791 2101516 4218631 8405581 16870991 25216304
"16384" 304 2085 8231 16420 32807 49195 65593 81978 98388 114996 131501 197007 262838 525478 1050844 2101572 4204887 8405525 16811329 25216317
"32768" 300 2093 8257 16459 32876 49307 65739 82001 98645 115052 131470 197189 262855 525518 1050873 2105428 4206463 8471991 16814858 25217081
"65536" 296 2094 8248 16461 32878 49298 65740 82185 98617 115095 131479 197178 262842 525488 1050820 2101965 4211136 8415086 16815287 25219465
"131072" 293 2092 8251 16453 32885 49321 65750 82207 98646 115071 131515 197178 262870 525542 1050830 2101488 4203693 8414432 16822228 25216100
"262144" 306 2093 8254 16461 32877 49307 65746 82191 98602 115076 131467 197180 262845 525505 1053947 2112222 4258436 8419160 16812054 25216163
"524288" 296 2088 8254 16454 32822 49295 65752 82217 98644 115070 131518 197072 262835 525515 1050856 2119907 4207429 8412332 16810813 25215861
"1048576" 302 2095 8231 16464 32886 49297 65662 82195 98621 114766 131491 197184 262851 525346 1050718 2102736 4241619 8429525 16810579 25215929
"1572864" 295 2089 8230 16418 32806 49190 65576 82054 98373 114897 131150 196910 262663 525218 1050765 2112399 4209742 8406631 16825241 25215744
