"sizea" "16" "128" "512" "1024" "2048" "3072" "4096" "5120" "6144" "7168" "8192" "12288" "16384" "32768" "65536" "131072" "262144" "524288" "1048576" "1572864"
"16" 27 24 31 52 49 61 120 112 128 118 173 262 130 86 202 125 3252 6722 20885 384
"128" 28 26 33 28 65 79 105 158 134 200 177 231 124 159 264 282 2568 6776 18453 341
"512" 31 33 42 30 77 105 118 98 155 154 213 215 139 224 422 188 495 5592 19259 727
"1024" 24 32 41 53 20 96 85 86 161 136 157 190 141 138 621 259 1392 5492 20096 2026
"2048" 26 34 39 38 87 82 102 126 183 184 235 225 138 151 239 637 1600 3856 16862 6595
"3072" 30 34 43 44 65 61 143 143 173 205 172 159 102 208 415 642 1337 5181 19979 14968
"4096" 38 37 35 50 80 123 88 151 152 179 171 193 69 382 511 823 2211 7163 23091 18612
"5120" 36 39 31 35 40 87 91 116 107 167 211 70 144 177 452 1713 5358 9564 23324 29621
"6144" 36 32 33 37 51 112 110 130 147 153 150 228 81 172 644 1900 4473 13490 26883 37266
"7168" 41 40 39 53 81 70 95 138 135 186 260 208 123 190 559 2546 5434 14259 28852 45829
"8192" 38 38 37 38 95 102 72 133 173 189 201 168 214 211 582 1813 5740 13981 30634 53319
"12288" 37 33 36 55 61 80 96 139 131 185 199 221 168 203 577 1984 6310 15293 33352 52611
"16384" 26 33 34 36 90 76 157 144 145 153 213 74 150 302 581 2051 7323 15450 34196 53267
"32768" 29 33 43 38 87 112 75 131 161 184 246 121 76 109 417 2025 6824 16013 34211 55579
"65536" 27 35 46 44 80 110 79 110 215 233 262 193 198 138 380 2359 8073 17208 34513 53472
"131072" 31 36 42 38 71 123 105 175 165 231 283 273 199 161 530 1722 6955 15617 34401 53320
"262144" 37 34 49 45 60 131 121 126 192 249 264 274 135 233 531 1804 6521 16404 34891 53208
"524288" 39 40 53 37 71 106 136 175 220 176 244 201 200 145 569 1915 7751 16461 34819 52512
"1048576" 38 38 41 64 40 96 147 162 197 230 251 330 263 85 1080 1724 6189 16909 34811 51325
"1572864" 27 30 36 36 42 43 46 39 36 36 38 37 49 67 551 657 4530 13604 32865 50859
