"sizea" "16" "128" "512" "1024" "2048" "3072" "4096" "5120" "6144" "7168" "8192" "12288" "16384" "32768" "65536" "131072" "262144" "524288" "1048576" "1572864"
"16" 327 378 382 330 383 341 360 338 326 336 328 378 327 499 413 427 715 869 893 326
"128" 5580 3316 3112 10120 3633 9767 6925 3945 18538 5493 4216 6404 8755 4877 3852 6368 11939 10033 6457 3671
"512" 503316830 503317580 503317583 503317636 503313814 503116268 503316752 503317557 503314837 503317490 503116180 471890967 503317666 503317536 503311794 503314236 503312047 503315784 503311637 503122619
"1024" 503317323 503317297 503317288 503317293 503317291 503317319 503317298 503317283 503317297 503317256 503317250 503317281 503317329 503317300 503317268 503317261 503317290 503317280 503317288 503317248
"2048" 503317207 503317231 503317230 503317195 503317190 503317220 503317165 503317168 503317208 503317216 503317199 503317177 503317183 503317216 503317187 503317181 503317499 503317175 503317212 503317188
"3072" 503317235 503317347 503317663 503317378 503317362 503317260 503319172 503317297 503317290 503317294 503317311 503317417 503317281 503317305 503317309 503317406 503317307 503317319 503317413 503317379
"4096" 503400488 503401694 503401571 503401721 503401539 503400366 503401716 503400242 503400514 503402765 503401539 503401636 503403859 503401601 503401590 503400272 503400275 503401598 503401494 503400311
"5120" 504308183 504308287 504308131 504308489 504308316 504308216 504308392 504308457 504308245 504308485 504308367 504308269 504308138 504308025 504308508 504308236 504308480 504308360 504308393 504308390
"6144" 504308164 504308181 504308510 504308256 504307332 504307437 504308667 504308350 504308159 504307881 504307510 504308117 504307995 504308521 504308656 504308689 504307490 504307520 504308606 504308331
"7168" 504243700 504243785 504241518 504241542 504241613 504243753 504243622 504243961 504241889 504243600 504241993 504243533 504241660 504241689 504241750 504242760 504241556 504242985 504241576 504241747
"8192" 504308981 504310558 504310059 504308474 504307518 504310380 504309073 504309262 504307342 504310813 504310425 504311614 504307819 504307515 504307189 504310426 504309199 504307967 504307823 504308011
"12288" 504311646 504313523 504313981 504313800 504314330 504310728 504313253 504315991 504312678 504315029 504318045 504313574 504310795 504313314 504311935 504315680 504317757 504314487 504313166 504317318
"16384" 504325003 504320919 504320785 504321119 504321230 504318648 504321613 504320329 504322582 504319192 504323959 504324242 504322133 504323480 504323969 504326519 504326733 504322115 504324792 504318927
"32768" 504351739 504359193 504322269 504363166 504359743 504322080 504349292 504352899 504351792 504321482 504352929 504341110 504349009 504323704 504346742 504347265 504353874 504351077 504357697 504360311
"65536" 504325621 504325623 504326023 504326579 504325554 504325678 504326053 504325926 504325572 504325783 504325575 504325355 504325740 504326665 504326222 504326192 504325913 504325684 504325701 504325646
"131072" 504326132 504326012 504326144 504327282 504325263 504333704 504326773 504325537 504325777 504325789 504325316 504328929 504326251 504327476 504327652 504327835 504328200 504327935 504385621 504326954
"262144" 504325422 504325861 504325218 504325878 504325208 504325868 504325261 504325229 504326115 504325446 504326371 504325207 504325271 504329646 504354580 504391652 504389182 504329161 504326628 504325799
"524288" 504325832 504325559 504325744 504391772 504325368 504325728 504326315 504325329 504325050 504325341 504392464 504325177 504325761 504329840 504335556 504328750 504328694 504356494 504336358 504325734
"1048576" 504325600 504389125 504325539 504325171 504325849 504379294 504325209 504325305 504356089 504325293 504325133 504325038 504361042 504331979 504367508 504356084 504352039 504376415 504329625 504327751
"1572864" 504325559 504325561 504371042 504332209 504389179 504379591 504325356 504396678 504325051 504355609 504395170 504331380 504386775 504377880 504366126 504390204 504389109 504389289 504390221 504347824
