"sizea" "16" "128" "512" "1024" "2048" "3072" "4096" "5120" "6144" "7168" "8192" "12288" "16384" "32768" "65536" "131072" "262144" "524288" "1048576" "1572864"
"16" 384 402 373 368 390 392 515 603 572 551 641 851 830 1935 2445 4062 15646 15692 31418 9698
"128" 2805 9725 17503 2756 140837588 3637 39096 16850 3084 3226 3286 25949 3554 140831713 3725 19342 5291 10896 32964 8704
"512" 503317584 503317618 503316793 503316849 503116590 503118024 503316782 503317508 472390751 503316590 475798601 503317622 503317565 503317632 503117679 503315129 471942991 503314281 503314135 503317652
"1024" 503317267 503317310 503317273 503317316 503317296 503317316 503317281 503317293 503317259 503317304 503317345 503317313 503317486 503317295 503317338 503317314 503317385 503317295 503317457 503317446
"2048" 503317223 503317181 503317187 503317193 503317189 503317192 503317203 503317192 503317209 503317222 503317178 503317226 503317194 503317235 503317273 503317262 503317246 503317246 503317336 503317405
"3072" 503317328 503317237 503317254 503317325 503317257 503317815 503318552 503318606 503317263 503317632 503317284 503318690 503317310 503318584 503317355 503319372 503317365 503317640 503317383 503318754
"4096" 503400269 503401435 503401555 503400305 503400428 503404534 503400062 503401714 503400394 503401576 503401640 503401631 503400256 503401434 503400344 503400232 503400238 503401769 503401489 503401661
"5120" 504308744 504308400 504308763 504308321 504308340 504308376 504308420 504308355 504308370 504308599 504308317 504308310 504308529 504308267 504308294 504308540 504308331 504308111 504309527 504308288
"6144" 504307417 504307941 504308211 504308085 504307452 504307494 504308488 504308476 504307867 504308600 504308573 504308230 504307731 504307915 504307477 504308423 504308773 504308905 504309428 504308913
"7168" 504243810 504243634 504243384 504241632 504241752 504241582 504243878 504241877 504241533 504242749 504241700 504242363 504241466 504241464 504242445 504241930 504242136 504245698 504249948 504255853
"8192" 504308485 504307377 504310708 504307650 504310550 504307404 504310198 504309372 504310287 504307137 504310764 504310703 504307266 504307936 504310572 504307667 504316350 504314282 504325072 504309252
"12288" 504312312 504313087 504311255 504310895 504311895 504313915 504317984 504313643 504315340 504312299 504312233 504313211 504313105 504313642 504311979 504310840 504328526 504312807 504374882 504314827
"16384" 504321391 504321985 504321941 504324795 504323096 504320262 504320302 504321681 504319673 504326910 504323445 504320550 504323817 504322543 504319803 504320239 504327959 504320609 504323465 504322024
"32768" 504323151 504360658 504361484 504321370 504355924 504354589 504323133 504360753 504322081 504344841 504357048 504321480 504370887 504359997 504353598 504359331 504359122 504423320 504362502 504365115
"65536" 504369094 504325551 504325653 504326005 504325803 504325780 504326099 504327704 504325587 504325613 504325643 504325545 504325890 504325872 504326499 504326858 504335571 504336395 504332091 504330180
"131072" 504326346 504326149 504326007 504325577 504325872 504325712 504326142 504326386 504326306 504326465 504325960 504325757 504325899 504328309 504326185 504325833 504325912 504334996 504337623 504326307
"262144" 504325711 504325720 504326088 504325759 504325605 504327583 504325620 504326530 504325688 504325651 504326452 504326461 504326877 504360651 504331205 504337877 504450930 504341690 504344689 504326246
"524288" 504326248 504326084 504326217 504325594 504329930 504325562 504325682 504327928 504325773 504325982 504325522 504328454 504326002 504393439 504326869 504346104 504331186 504335629 504330105 504325661
"1048576" 504325100 504338985 504330036 504325362 504325642 504325363 504327536 504325465 504325822 504340215 504325258 504325343 504327116 504358175 504328237 504348482 504366808 504349990 504325983 504327249
"1572864" 504325471 504332332 504349481 504372323 504387943 504393513 504335523 504326033 504368232 504325169 504340962 504336041 504325431 504338865 504384110 504377898 504380574 504366117 504338465 504325631
