"sizea" "16" "128" "512" "1024" "2048" "3072" "4096" "5120" "6144" "7168" "8192" "12288" "16384" "32768" "65536" "131072" "262144" "524288" "1048576" "1572864"
"16" 314 2119 8304 16507 32925 49349 65803 82240 98654 115052 131499 197152 262817 525505 1050843 2101849 4203167 8410455 16821780 25219621
"128" 311 2116 8322 16526 32938 49346 65789 82181 98647 115094 131471 197161 262809 525488 1050880 2101663 4203406 8406559 16813306 25218307
"512" 308 2111 8295 16523 32955 49356 65778 82213 98621 115051 131511 197137 262857 525522 1050912 2101520 4202890 8406434 16813178 25219039
"1024" 314 2106 8317 16511 32935 49356 65801 82226 98630 115075 131462 197148 262811 525511 1050915 2101536 4203209 8406748 16812472 25219532
"2048" 309 2118 8303 16524 32933 49357 65764 82207 98678 115070 131506 197182 262844 525523 1050863 2101715 4203280 8406574 16812628 25218695
"3072" 310 2111 8309 16524 32919 49339 65776 82223 98655 115063 131478 197157 262859 525498 1050912 2101619 4203299 8406612 16813253 25224116
"4096" 307 2133 8300 16519 32956 49383 65788 82264 98653 115062 131479 197165 262833 525511 1050831 2101753 4203348 8406625 16811107 25219443
"5120" 309 2108 8301 16518 32951 49416 65828 82259 98672 115065 131495 197189 262838 525525 1050863 2102019 4206284 8413572 16823952 25236340
"6144" 330 2100 8314 16517 32956 49386 65816 82253 98664 115086 131843 197192 262842 525593 1051953 2104716 4205338 8412627 16820412 25255865
"7168" 310 2108 8313 16501 32951 49351 65830 82245 98668 115102 131522 197164 262854 525510 1050896 2101601 4203019 8415344 16831699 25247722
"8192" 310 2131 8296 16513 32938 49379 65815 82229 98673 115103 131531 197184 262848 525531 1050872 2101642 4213436 8420399 16839524 25217366
"12288" 309 2133 8296 16510 32938 49368 65805 82243 98637 115074 131477 197189 262847 525531 1050882 2101610 4219237 8405942 16871370 25217463
"16384" 327 2120 8346 16500 32934 49352 65775 82211 98669 115089 131511 197178 262860 525559 1050904 2101689 4205100 8405881 16812143 25217359
"32768" 313 2121 8328 16538 32959 49358 65787 82225 98680 115070 131512 197201 262869 525543 1050932 2106044 4206870 8472677 16815683 25218105
"65536" 313 2120 8297 16520 32943 49352 65791 82241 98636 115130 131498 197196 262854 525506 1050863 2102064 4211618 8415822 16816064 25220574
"131072" 306 2120 8303 16502 32936 49416 65840 82243 98674 115087 131524 197193 262893 525566 1050878 2101577 4203810 8414878 16823024 25217119
"262144" 327 2127 8312 16511 32931 49351 65802 82247 98663 115098 131473 197202 262850 525522 1054107 2112434 4258668 8419493 16812801 25217203
"524288" 310 2129 8307 16498 32958 49353 65813 82266 98663 115090 131525 197172 262864 525544 1050901 2120105 4207600 8412632 16811637 25216935
"1048576" 309 2124 8321 16521 32942 49351 65797 82240 98655 115044 131513 197183 262869 525546 1050890 2102988 4241887 8430498 16811473 25217077
"1572864" 313 2120 8288 16516 32927 49345 65778 82212 98627 115077 131468 197288 262818 525502 1050887 2113069 4210008 8407006 16825721 25216753
