"sizea" "16" "128" "512" "1024" "2048" "3072" "4096" "5120" "6144" "7168" "8192" "12288" "16384" "32768" "65536" "131072" "262144" "524288" "1048576" "1572864"
"16" 47 58 72 93 117 154 194 224 255 317 341 463 597 1123 2153 4243 8365 16635 33096 49398
"128" 54 64 61 84 115 161 191 232 264 287 340 476 596 1119 2166 4239 8363 16531 32975 49420
"512" 47 47 64 90 132 151 187 260 254 295 324 467 591 1119 2159 4247 8346 16558 32990 49390
"1024" 56 67 77 93 113 154 189 232 267 289 333 481 581 1134 2151 4256 8344 16624 33015 49373
"2048" 58 52 72 89 116 153 202 234 257 309 331 463 619 1103 2157 4225 8371 16566 32982 49413
"3072" 61 61 73 79 120 145 196 238 261 300 351 463 606 1123 2167 4258 8372 16587 32980 49390
"4096" 49 57 73 86 113 151 200 215 259 315 322 450 591 1117 2171 4230 8368 16671 33130 49398
"5120" 58 54 78 90 124 171 196 226 262 303 342 477 589 1135 2180 4326 8560 16958 33413 49456
"6144" 68 57 75 95 124 188 224 266 279 330 380 525 631 1153 2232 4290 8531 16770 33742 49981
"7168" 46 62 72 112 120 153 217 294 293 362 355 495 636 1140 2191 4356 8535 16968 33768 50066
"8192" 48 62 91 105 133 172 189 263 340 350 382 529 635 1182 2208 4389 8608 17040 34048 51279
"12288" 71 50 64 87 122 157 175 263 285 329 322 450 590 1132 2194 4356 8687 17158 34226 51336
"16384" 60 64 79 88 111 159 210 230 261 286 318 459 586 1144 2196 4325 8526 17097 33992 51012
"32768" 44 58 64 90 110 155 205 241 310 313 379 515 644 1235 2264 4392 8483 16880 33517 50143
"65536" 56 61 65 86 134 150 213 246 289 337 339 540 684 1240 2271 4383 8623 17090 33994 50980
"131072" 46 70 73 84 109 161 200 258 289 332 382 592 686 1218 2209 4471 8869 17182 33531 50850
"262144" 53 62 67 84 117 160 210 253 306 348 376 534 694 1222 2219 4430 8971 17805 34103 50928
"524288" 59 48 62 84 126 145 200 259 301 324 381 537 703 1266 2212 4488 9069 17869 33383 50754
"1048576" 62 57 71 78 134 141 188 233 292 325 355 550 704 1247 2168 4375 8954 17938 33300 50772
"1572864" 50 60 67 91 117 146 196 222 267 309 349 551 660 1198 2260 4345 8797 17808 35643 51891
