2233980705.33333 2262328992.03333 2290858782.83333 2235936801.43333 2310225393.43333 2259876131.1 2333444864
4806480887.9 4797862238.73333 4812793366.33333 4782604756.93333 4788347117.73333 4788915607.9 4778158628.1
4825055123.66667 4824631117.83333 4824132509.5 4814253391.5 4806159808.7 4800601380.76667 4799002870.16667
4826623709.36667 4826404840.46667 4825806686.83333 4816231269.8 4807260478.36667 4801848650.73333 4800289497.56667
4836955324.43333 4845817962.73333 4841301582.1 4823699302.03333 4810730915.53333 4813085369.66667 4805383401.83333
5026750840.86667 4970298024.66667 5060542336.26667 4892864837.16667 4903296587.8 4906936697.3 4869670810.16667
6801502335.2 6138174770.83333 6358560786.5 5701437079.66667 5380715850.53333 5429424752.23333 5376927933.6
7038925728.36667 7491815075.86667 7216355565.36667 7438997022.7 6512121311.33333 6549168169.63333 6535720620.3
7881172884.16667 7193987570.63333 8100538239.8 8321926899.66667 8423029186.63333 7475701943.2 6926645483.33333
8566315546.5 8711334336.8 8570142540.2 9590721442.43333 7945881770.73333 7569316208 7859832673.86667
12970716372.4333 13240372473.8 13536069880.0667 12270741214.2 11688159810.3 11533393573.5333 11610123669.8667
15942868055.0667 15864375129.4333 15820780163.5 15815537807.0333 14470686303.4667 14023127062.8667 13776815678.1667
20421120012.9333 20379841897.2 20491856711.5 19590998907.3 18977513809.4667 18088514868.8667 17786969637.6667
22444868236.0667 22327697666.5333 22294452130.7667 21667454484.2667 21325533611.2667 20338668244.1 19826691933.7667
