2208398651.23333 2209963052.4 2257635975.83333 2260418391.13333 2235445773.1 2305727175.06667 2262300900.3
4794562731.43333 4802370250.93333 4796800967.93333 4773552767.4 4780029186.83333 4775685918.66667 4771310807.26667
4810371506.93333 4809035491.03333 4808152313.36667 4805335391.23333 4801011166.3 4798164047.86667 4798440943.73333
4811819982.83333 4810374234.93333 4809611373 4806769732.86667 4802268899.8 4799487833.83333 4799977163.6
4812533030.5 4823945092.46667 4810275944.13333 4807323167.76667 4802933054.73333 4799950036.56667 4826073717.56667
5023497534.23333 4962716954.7 5018774962.76667 4913404034.93333 4870783503.73333 4921179330.73333 4941574230.46667
5705252951.8 5545392037.5 5636356842.5 5559058508.56667 5627755625.53333 5447792865.06667 5524226274.06667
6847405639.76667 6653564022.03333 6822865297.66667 6239960140.53333 6551423229.46667 6501790842.4 6313319613.5
7142714615.86667 6860848945.46667 6884797143.83333 7350788206.4 7017308594.6 6707119931.83333 6758897394.66667
8072459094 7611974406.5 7951880284.36667 7479271827.03333 7172734580.93333 7134938875.16667 7366940479.4
11677179626.3 11599249332.0333 11542615471.9 11418762695.7 11286788936.1667 11137718084 11108463357.2333
14499079894.7 14378139656.8 14308004162.5 14133762156.6667 13927401037.0333 13688441031.4333 13616321474.3667
18958780730.5333 18787523765.8333 18690404898.1 18438342452.0667 18121828536 17697947791.5667 17600299597.8667
21210840894.7333 21006775074.4 20900564828.7667 20607424008.8 20220871312.7333 19677325466.6333 19580354061.8667
