5929.16666666667 5163.96666666667 5373.43333333333 4714.46666666667 4235.33333333333 4421.43333333333 3993.96666666667
43928.3666666667 49666.0333333333 47446.9 42055.2666666667 39905.7333333333 36871.2666666667 32370.7333333333
110105 94390.9666666667 117435.233333333 95581.7 94398.9333333333 91122.8 90899.8
160177.8 156277.7 146843.266666667 148864.1 151160.7 162505 147548.133333333
628473.166666667 1170315.33333333 901031.333333333 498139.066666667 294624.433333333 778968.566666667 454061.633333333
10173456.3333333 7161060.06666667 12348115.3 3958034.16666667 5304414.13333333 6216663.63333333 4099587.33333333
104688408.166667 68456832.5 80700820 47528044.5333333 30709640.7666667 35292629.7666667 32508229
115376213.433333 141903020.2 126197114.666667 144212066.066667 94491722 99763223.8 101029668.3
161408668.233333 123466165.533333 174345581.133333 194728128.033333 206509655.133333 154883651.733333 122975581.133333
201729856.866667 211155533.266667 203974729.366667 270289101.166667 181166044.133333 162560331.2 183487051.033333
463802488 480848566.8 497784008.3 442416082.233333 421206890.5 422130930.9 430913016.166667
633605428.2 631927680.066667 630585660.366667 651144519.5 588935104.8 579973496.8 570589959.566667
888472533.033333 889437727.5 894432023.833333 871269011.066667 847511647.433333 828691075.3 823854377.933333
1005058187.53333 1001313725.03333 996775136.9 989058271.233333 982337174.5 962976047.233333 953800313
