5261.63333333333 5032.76666666667 4800.43333333333 4483.5 4891.96666666667 4923.43333333333 4339.86666666667
38743.3666666667 39724.5 36992.2 39379.3666666667 39015.1 39632.2 37392.1
100748.666666667 99779.4333333333 101030.266666667 99757.7333333333 98086.1666666667 100431.8 98236.3333333333
181774.966666667 172729.833333333 185185.233333333 182807.8 172849.266666667 181636.433333333 190003.833333333
215331.533333333 945192.366666667 212048.666666667 212821.866666667 209668.466666667 205962.066666667 1779853
11916045.0666667 8588624.43333333 11934337.7 6256386.1 4089768.06666667 7392790.2 8682605.4
47151751.2 39841591.2333333 45371597.3666667 41443407.5333333 46626926.4333333 37720421.9333333 41737726.7666667
108576060.1 100100665.6 111497934.033333 79935549.6 98759634.5666667 99348163.2333333 88680813.4666667
125202674 111495259.633333 113689199.966667 142505181.366667 126269963.933333 110098280.933333 114069766.066667
178475843.533333 154703425.266667 174573147.8 151278933.233333 136723587.833333 137166268.266667 151616913.833333
397602891.033333 398011673.933333 397488191.633333 397369701.266667 397460870.666667 397154327.366667 397652888.133333
561695262.966667 561396249.8 561438985.9 561285001.533333 561086432.3 560880233.733333 560802093.4
814100738.533333 813986597.333333 813859745.2 813769913.1 813717981.133333 813531972.6 813449962.433333
942085229.566667 942009167.666667 942297240.4 941978396.6 941850383.066667 941774717.4 941741684.333333
