18660146.8666667 29289025.1333333 39925483.0333333 19748091.9 48066191.5333333 29277941.4333333 57155153.9
1000025295 996862105.933333 1002663017.03333 994557275.1 1000228898 1002378366.4 998694001.8
1006634732.9 1006634940.03333 1006634478.46667 1006634362.33333 1006634173.6 1006633958.26667 1006633911.63333
1006635271.63333 1006635341.96667 1006635033.73333 1006634859.03333 1006634458.63333 1006634154.53333 1006634071.36667
1006636335.86667 1006635935.86667 1006635608.13333 1006635982.56667 1006635173 1006635285.8 1006635090.23333
1006803963.76667 1006802384.46667 1006802702 1006800061.86667 1006799428.8 1006800092.86667 1006798882.63333
1008631964.1 1008628201.93333 1008630056.43333 1008622158 1008621028.5 1008618129.96667 1008617180.7
1008662231.86667 1008648692.1 1008651145.8 1008643446.83333 1008635543.8 1008621382.9 1008619549.13333
1008770869.2 1008751621.8 1008737006.83333 1008694511.93333 1008669853 1008616207.73333 1008610482.96667
1009000884.96667 1008993609.13333 1008987695.03333 1008847999.96667 1008735815.13333 1008652882.46667 1008639709.86667
1011016684.5 1010504062.3 1010366447.13333 1010543347.1 1009408076.03333 1008824619.76667 1008737720.03333
1012460030.6 1011413393 1010950695.73333 1011863246.46667 1010745029.03333 1009094155.96667 1008848209.26667
1015718884.53333 1012479596.36667 1010543375.96667 1015002639.7 1016350241.8 1010477989.76667 1009369007.93333
1014242772.83333 1012592262.33333 1010395183.76667 1015829761.23333 1020008856.56667 1012575579.9 1010080041.96667
