4375 4247 4505 3821
472376362 502652652 471881802 502641546
503316939 503316972 503316966 503316975
503317005 503317022 503317018 503317024
503317141 503317117 503317125 503317118
503396143 503395779 503395632 503395754
504307992 504308035 504308042 504308030
504307415 504307363 504307252 504307261
504241856 504241612 504241526 504241592
504308104 504307793 504307521 504307449
504315626 504314797 504314237 504313408
504321685 504320891 504321573 504320152
504347920 504350256 504346420 504348856
504367001 504367992 504368435 504372393
504326934 504326646 504326279 504326009
