41.4666666666667 37.5 36.2 28.0333333333333 15.4 7.5 4.2
90.7 82.9 76.8666666666667 59.9666666666667 33.8666666666667 15.9666666666667 9.33333333333333
91 83 77 60.6666666666667 34 16 9.33333333333333
91 83 77.0333333333333 60.9333333333333 34 16 9.5
91 83.2 76.9333333333333 60.8666666666667 34 16 9.33333333333333
94.3333333333333 85.3333333333333 80 62.0333333333333 34.4333333333333 16.4 9.73333333333333
105.633333333333 94.2333333333333 88.7333333333333 68.5 39.6 18.2333333333333 10.8333333333333
124.533333333333 111.066666666667 105.166666666667 75.2333333333333 45.6333333333333 21.5333333333333 12.2666666666667
129.033333333333 113.8 105.266666666667 86.6333333333333 48.6333333333333 22.2666666666667 13.1
145.066666666667 125.566666666667 120.166666666667 87.2666666666667 49.7 23.6666666666667 14.2333333333333
208.366666666667 190.266666666667 173.833333333333 132.166666666667 78.0333333333333 36.9666666666667 21
257.033333333333 234.466666666667 214.133333333333 162.8 96.0666666666667 45 26.3666666666667
334.8 305.3 278.3 211 124.966666666667 58 33
374.566666666667 341.1 311.066666666667 235.2 139 64 37
