53.2 53.7666666666667 53.4 34.8333333333333 19.1666666666667 9.4 6.6
115.4 113.866666666667 112.1 75.4333333333333 40.7666666666667 20.9 14.8666666666667
115.8 114.233333333333 112.3 76 40.9666666666667 21 15
115.066666666667 113.9 112 75.7666666666667 40.8666666666667 21 15
115.2 114.2 112.466666666667 75.9333333333333 40.9 20.9666666666667 15
119.066666666667 116.733333333333 116.666666666667 76.7333333333333 41.3666666666667 21.2 15.1
154.933333333333 140.466666666667 142.8 88.3 44.4333333333333 22.8666666666667 16.2666666666667
159.466666666667 167.8 160.1 113.166666666667 52.7333333333333 27.3666666666667 19.6666666666667
175.866666666667 161 177 125.466666666667 67.7 30.9 21.0666666666667
188.966666666667 191.166666666667 185.466666666667 143.166666666667 63.7333333333333 31.3333333333333 23.9333333333333
276.066666666667 281.2 283.333333333333 179.366666666667 93.8333333333333 47.8333333333333 35.1666666666667
336.133333333333 334.266666666667 328.9 230.633333333333 116.033333333333 58.0333333333333 42
429.3 428.9 426.366666666667 287.433333333333 152.766666666667 74.5 54
474.8 471.7 464.966666666667 319.466666666667 171.233333333333 84.1333333333333 60.0666666666667
