638978274 643264967 641102041 639481949 636023426 642722523 640707280 639370844 640539201 642000997 639750635 639153665 641304604 638025136 637018847 641210595 639216126 637915947 634778119 635121237
1090976159 1090923420 1090957537 1090983024 1090904628 1090886535 1091110255 1090950161 1091063907 1091063068 1090830837 1090884516 1091000274 1091032312 1090941723 1091066369 1090878256 1091002710 1090940468 1091088854
2318233748 2318001746 2317176808 2396955615 2317484377 2317066167 2318082531 2327516588 2317923828 2396428931 2317450348 2396899511 2317649304 2396936370 2396764837 2318274339 2318565686 2327923189 2396738177 2319530874
2397109100 2397144158 2397100519 2397127607 2397124954 2397146014 2397133425 2397131166 2397149825 2397165478 2397144443 2397163457 2397153049 2397204042 2397775012 2398321655 2398520498 2398899254 2398916220 2399089454
2397442789 2397412249 2397458276 2397419461 2397439671 2397436168 2397420542 2397426082 2397439837 2397447887 2397469778 2397461948 2397470075 2397557709 2398756686 2399327835 2399324660 2399725210 2399252147 2399409017
2397796449 2397729364 2397782351 2397779238 2397703924 2397761453 2397765333 2397795800 2397746634 2397794254 2397783937 2397800602 2397752848 2397874429 2399569522 2399877929 2400260277 2400376016 2400262762 2399844889
2398837813 2398893891 2398830071 2398844143 2398864362 2398843798 2398892840 2398931599 2398935193 2398897427 2398843574 2398916581 2398879658 2398981322 2400787927 2400956355 2401700841 2401767773 2401472855 2400953460
2407426304 2407982389 2409431756 2407443043 2445465411 2409626167 2408698744 2408086789 2407971637 2409009609 2408907703 2407709432 2408707229 2427895697 2411077764 2517506835 2411279954 2411289217 2412744226 2501896178
2574707454 2770336151 2649190722 2617979795 2535736891 2748253241 2699367607 2558648365 2586215553 2661618817 2669348941 2546155161 2786588777 2633011339 2647919106 2675243721 2542824053 2609681404 2636965118 2602686494
2864756727 2968802522 2926202873 2971990077 2956787868 2906293079 2872835824 2861977839 2924065370 2913345222 2906255790 2845801493 2913390240 2866994338 3009193680 2905295249 2940447202 2973720879 2927135883 2872185182
3434820201 3334947833 3389518587 3408127806 3360301599 3359794971 3389154751 3356753209 3394579062 3385736133 3403758114 3402161699 3369630922 3410433868 3427056945 3370506846 3445942150 3409367298 3380253671 3358257796
5344856894 5355440312 5341270228 5359592007 5359266972 5351531864 5358838904 5353898904 5359516236 5350196394 5359402117 5353017331 5369548268 5360992508 5359771673 5347069740 5360019555 5370875105 5368285363 5407574354
6564233178 6571835712 6562759772 6574182295 6571867505 6568050633 6573080681 6569906209 6572716548 6551954750 6571671611 6570169770 6560115319 6569687372 6573188808 6573160700 6589958867 6591228557 6606925585 6619095242
8466047901 8458821774 8463482918 8474092093 8464900469 8459160809 8465999115 8466949357 8468612244 8462406138 8462731889 8462894649 8464994832 8465610098 8470721775 8478719927 8480302855 8489575154 8512374055 8527151897
9428185457 9432741970 9425541412 9429863615 9426399276 9425487852 9423295452 9429310448 9422645084 9421555356 9425544065 9424895651 9426982573 9424716537 9432412414 9433128215 9436541923 9450916933 9471367225 9497781475
9911926041 9912600843 9906673205 9910833986 9914613735 9909664232 9910804586 9911350687 9917254095 9919703159 9918075860 9908812619 9922756980 9915510756 9912275856 9924065882 9928559422 9937360534 9965161959 9984127552
9998208319 10003084449 10005497604 10007129993 9998619121 10004704370 9996417852 10003129840 9996439047 9993138198 10004879544 9996610632 10007588696 10004664379 10009459626 10002471959 10020610354 10025504559 10047471846 10071923799
9972187763 9972429062 9982702765 9972444036 9973079696 9972656124 9973036032 9974153138 9980303415 9973061964 9973451329 9973812272 9982391551 9980447044 9984818170 9980194062 9988598023 9996836608 10023155770 10043363427
9956062277 9954586694 9957940024 9954224220 9955539673 9954391472 9963741436 9954256934 9962663399 9954315191 9955372452 9954828754 9954520878 9956491144 9957703604 9961450318 9968246697 9978650440 10002095792 10034810484
9959156835 9959602505 9949423397 9949163268 9951464238 9950906797 9952227594 9959617238 9950632109 9950844980 9958456486 9959577059 9950427364 9952786770 9952615267 9956331420 9964447696 9982567444 9997137484 10022862624
