643213896 640579085 637734723 641789284 641200619 642031537 640453240 618123182 641592414 641546999 643862201 642274406 642482103 648037604 648000723 636834107 638636213 664821138 667322681 693468132
1090914357 1090998401 1090851061 1090935850 1090905581 1090999054 1090953118 1090993851 1090949010 1090789390 1091072253 1090908031 1090977080 1090863046 1090885025 1091034728 1090920789 1091232292 1091276344 1091491971
2317628651 2395144457 2317677973 2317829381 2396407209 2317355147 2317585392 2317694521 2327488023 2317472067 2318934852 2327599743 2317385158 2317597978 2319188874 2347487586 2338182126 2398439420 2330199257 2321339545
2397124749 2397120127 2397115583 2397111247 2397098524 2397072285 2397072661 2397100664 2397072180 2397065067 2397083590 2397094451 2397083064 2397116468 2397767671 2397911696 2398297034 2398761756 2399675206 2400844797
2397421799 2397408114 2397456640 2397360055 2397340014 2397352333 2397350672 2397342371 2397340326 2397341479 2397343289 2397353683 2397374604 2397404807 2397776476 2398687696 2399005368 2399474558 2400812602 2401054983
2397739827 2397773898 2397698054 2397727408 2397720890 2397712202 2397737415 2397687957 2397700137 2397717689 2397723033 2397732138 2397756752 2397827491 2398150573 2399449621 2399839702 2400314367 2401462107 2402145466
2398796417 2398856382 2398813688 2398795500 2398832097 2398840097 2398897033 2398844893 2398872306 2398886499 2398853129 2398935373 2398885327 2399030778 2401185517 2401304488 2401553649 2402466881 2403552102 2404848346
2409255062 2407565552 2411437612 2408222210 2408691206 2407939841 2407468239 2408470823 2408102404 2407758603 2410311861 2626040140 2408277122 2409343685 2409528034 2434815968 2411524983 2416678129 2413032135 2417944015
2493609318 2668751184 2655353938 2613350079 2703801660 2659809615 2567866006 2581460608 2656459886 2646200233 2732815029 2690472906 2554280028 2644494249 2701834725 2600747526 2611018786 2646458396 2523033097 2700466465
2896572266 2828408219 3045540819 2862572592 2869064609 3023588514 2903199443 2928197981 2868907659 2874522626 2928973577 2848638869 2917933976 2866021175 2934953571 2947598001 2970324182 2924060400 2981873596 3047323051
3356385426 3382038782 3424553318 3394076883 3343811627 3393598377 3345859022 3388537178 3380151515 3374665005 3359281122 3334996388 3342893503 3423275654 3401940869 3359591286 3435723620 3293582707 3411106657 3504325077
5337078508 5349944715 5366752509 5335418346 5354677016 5361050826 5345984406 5347914384 5362858144 5355509054 5353917153 5359891805 5365994735 5363037676 5353840392 5366394153 5381230540 5388232884 5423321169 5449914377
6559208930 6569329489 6569315477 6569796314 6569138617 6568305007 6565884887 6564593222 6567873482 6569901197 6566064500 6555406199 6568626843 6569887271 6574068730 6573453547 6584726692 6598094278 6627659708 6642813506
8466288247 8468346580 8459001895 8462711949 8463154157 8466039150 8466826837 8464799058 8462328924 8458405948 8461680872 8462966804 8465187923 8463966604 8461237797 8476223771 8478660283 8495714231 8526023641 8565812203
9424737169 9422958946 9431761268 9425992828 9421929514 9427006835 9419774728 9424054925 9428174761 9421884683 9423658585 9426303936 9427148560 9430219941 9426134987 9434432935 9443019533 9456515505 9488739138 9523588295
9922585037 9913452862 9912447663 9907985521 9912372146 9917142337 9914507414 9912302410 9915211021 9912856743 9922895767 9918887815 9917880703 9913706495 9918365093 9922868536 9930943771 9945616765 9963755947 9993534159
10010008082 9998438880 9999223283 10004467909 10007708571 10005773549 10006180166 10005572116 9996565293 10006393676 10005483650 10003050569 10006811398 10006348685 10009970243 10011202555 10018697449 10019629091 10050268553 10068751721
9974637422 9972769454 9972694101 9974447593 9979631179 9972227366 9981275225 9976408132 9974371547 9979850200 9972631613 9974284001 9975124331 9975646992 9976251626 9988239430 9985507814 9996768892 10016951074 10045918379
9955499553 9961542429 9955255685 9953997155 9954577700 9956959726 9962784771 9956804636 9955367804 9955061749 9963334213 9957647690 9956133487 9956693502 9966096412 9961421779 9967374104 9987604582 10000534252 10025538378
9951357651 9949667007 9959426306 9949931038 9950869376 9951042195 9959066132 9951904607 9950303183 9959344036 9949504800 9951060726 9951635084 9952262298 9953490582 9957787818 9963107192 9974513322 9995316970 10011473528
