8172 54092 210785 421039 847597 1271454 1694203 2125763 2549728 2957769 3403657 5050737 6744595 13476472 26743971 53452205 106603145 212925332 425437582 638919289
8210 53661 212489 420778 850160 1270365 1688387 2117712 2557975 2962276 3400442 5077213 6747463 13516786 26736580 53427542 106571494 212989237 425498058 638699424
8054 54310 211412 422079 846107 1268460 1696626 2122467 2546893 2978197 3406396 5077020 6735114 13512013 26724499 53419623 106528590 212629033 425496232 637668455
8016 53998 210870 423058 846305 1264599 1693763 2117686 2543750 2970426 3402285 5089533 6722083 13448000 26728047 53446835 106539042 212907347 425430719 638898310
8161 53188 211543 421600 845941 1267229 1695359 2129238 2550356 2975469 3402881 5077661 6777767 13480359 26841640 53330631 106678342 212951379 425413280 638532732
8165 53825 211060 421249 848002 1264885 1697841 2128547 2547237 2979520 3398283 5063523 6782781 13465108 26783616 53398250 106637934 212985813 425585675 638595153
8426 53948 210267 424039 847477 1267677 1698363 2125164 2554135 2980919 3406619 5087485 6796528 13422734 26807338 53311259 106412624 212481792 425164876 637609654
8839 54327 212172 425940 854627 1282059 1700730 2129067 2565993 2998043 3413810 5122986 6837290 13491494 26773289 53738013 106538266 212715730 424898813 641232117
8338 55026 218209 433921 886434 1326735 1774228 2213009 2669210 3029706 3526739 5243528 6973061 13891839 27413535 55054493 108020450 215708640 431573234 645361827
8500 56139 221060 441062 885484 1338571 1809868 2231405 2743161 3173515 3614088 5413758 7149016 14303681 28079680 56036748 110743164 219532710 436256842 653761489
8713 57477 219210 444697 879138 1330147 1788402 2261402 2700347 3163145 3631148 5420703 7186555 14371262 28424942 55971626 110941357 220395159 438809566 657579766
8536 56948 223593 450948 890586 1337661 1796928 2259068 2704706 3143542 3613747 5394094 7192939 14355538 28511869 56717644 111899259 221950343 441064679 661146841
8651 56684 226271 452048 899236 1342241 1791779 2249157 2698261 3159499 3609227 5378912 7207327 14354196 28618513 56993771 112376221 223020723 443624708 663246653
8410 57197 224682 446978 892005 1343222 1782743 2239429 2696945 3157182 3593516 5386875 7175962 14367062 28662595 57043188 112593957 223300485 444642717 665133915
8547 58073 225227 448372 898212 1339888 1796180 2257656 2711535 3161491 3621076 5384423 7225152 14381401 28690265 57022033 112456245 223285702 443646492 665665041
8729 57056 223416 443084 885199 1333448 1770298 2228880 2698131 3162408 3575755 5434658 7213842 14303083 28642684 56982835 112561151 223310470 443556993 665027401
8644 57128 225131 440447 884796 1325029 1775779 2216116 2689459 3131599 3575673 5361916 7235457 14251020 28774026 57013374 112766061 223614062 443545793 668463017
9153 56102 221831 445430 885151 1325478 1768685 2233918 2701454 3116664 3591359 5460567 7205410 14269154 28842468 57262556 112939485 223855364 444657689 670663824
9106 57478 221463 442926 890903 1341716 1786461 2310683 2706677 3223683 3589484 5388117 7340685 14646474 28963561 57217259 112717141 223059086 446163325 670841051
9005 58513 227884 453756 909904 1373439 1842123 2277643 2747079 3169414 3658742 5495226 7334574 14618709 29062534 57423129 112930534 224381222 446181821 671519011
