7350 48454 188047 360202 691153 1020127 1351137 1688646 2018392 2351107 2682471 4009442 5349937 10668500 21299759 42683235 83961265 168970440 336486078 504158601
7527 48209 184687 359741 694018 1022349 1345877 1674599 2011694 2335055 2675134 4000214 5324451 10652482 21284754 42642107 84982547 168804349 331625278 503594372
7568 50085 189519 364534 701484 1015990 1345117 1673444 2012848 2350187 2678556 3991207 5327468 10640989 21300264 42630063 84962702 168872664 336524436 503494056
7613 50669 188629 364910 694333 1022809 1346913 1677697 2014633 2345782 2674441 3992139 5330083 10659488 21330168 42597261 83885137 168765684 336354302 503802136
7495 50292 189975 367351 697787 1034718 1363398 1687652 2026342 2365761 2687088 4014006 5349447 10696613 21337072 42610180 83879760 168754361 336176249 503234280
7551 49857 189003 370966 700869 1035701 1368395 1696556 2025658 2363735 2698633 4026310 5343996 10695499 21357150 42539342 84673285 168593789 336169580 503562206
7541 50002 187374 364701 697457 1036096 1370432 1711530 2037088 2369495 2704398 4048643 5380664 10687855 21320671 42521092 84696081 168654804 336276393 504397721
7758 51044 193367 366826 709621 1062006 1380907 1722194 2062168 2386430 2737038 4114621 5443271 10741908 21246575 43131799 84725912 169096954 336238765 504003054
7914 52132 202607 388055 747927 1105677 1463894 1824284 2167067 2558258 2811815 4225590 5774225 11288410 22231835 44602410 86890884 172579690 340794945 516578540
7787 50653 207910 396180 791507 1143003 1558295 1893393 2330658 2643187 3003329 4468332 5872719 11759519 23305091 45918410 88832297 177043495 351631612 526831213
7729 49422 193465 388443 783926 1175859 1552373 1945580 2354698 2734389 3102137 4565583 5951927 11933039 23654643 46684890 91601797 180463153 359504554 537550134
7486 49515 200532 399465 777955 1161010 1533233 1945290 2318597 2740321 3143309 4640312 6283562 12306026 24134373 47817406 94144550 188728127 375476246 562614911
7343 50814 196321 390001 791886 1185765 1575347 1951545 2363215 2736369 3140373 4656107 6187973 12476497 23914246 47997122 94349409 188806688 379348713 564865312
7292 47300 202040 384874 770974 1145749 1547312 1914061 2307475 2729016 3043972 4631295 6202617 12438577 23986676 47207895 94580625 188257164 378007268 565645284
7531 48754 201539 393656 783020 1180180 1552889 1964692 2347613 2755831 3130577 4648088 6256284 12185015 24329767 48642724 94194937 189644034 376255453 562618536
7600 46849 182394 364498 729354 1125188 1496926 1874270 2297707 2666442 3025450 4491611 5949135 11832352 23610863 48731381 94796430 189734431 378071668 564606799
7300 46400 179726 365398 735324 1104862 1473323 1822325 2243480 2642906 3029433 4493475 5940318 11769131 23554538 48846429 95344607 189746599 377155247 564152434
7501 46176 180266 367208 729119 1107907 1516497 1872133 2284680 2654939 2946627 4488022 5964082 11777390 23549789 48245430 95966219 190417199 377495818 563407094
7393 52421 178774 374744 752015 1224161 1551468 1877685 2266880 2871234 3027319 4506621 6460807 12336705 24501860 48837673 95950262 189990753 376423160 561814312
7445 48869 205356 400524 815520 1210162 1624583 1991076 2451007 2852800 3056211 4482696 6488737 12562536 25412266 49394201 96836930 189934874 376262419 553207095
