31 29 28 30 29 35 34 39 25 35 60 30 32 71 88 92 312 6750 228 281
27 32 25 32 33 34 35 33 35 31 36 32 35 36 57 106 249 6539 11133 320
29 30 31 33 32 27 35 34 58 35 87 33 53 79 103 175 314 6150 414 388
28 28 31 28 35 34 32 37 48 49 42 35 37 61 89 171 903 5350 17843 732
24 26 29 32 30 39 35 41 31 44 51 37 35 41 183 248 517 4602 856 4563
27 32 29 31 21 42 40 45 42 43 36 33 73 144 366 609 1563 5645 20130 13045
31 22 32 25 20 32 54 35 42 50 60 40 36 213 499 1082 2587 7631 8860 24503
29 35 32 35 36 48 76 56 111 70 64 93 74 154 810 2039 4167 9600 19001 30058
32 30 36 32 59 84 103 78 63 101 113 59 140 365 947 2351 5200 12154 27724 37347
33 32 38 33 45 33 47 36 134 100 45 82 99 265 880 2852 6307 13685 27933 44896
31 33 33 30 31 39 35 39 39 39 46 40 71 133 1008 2862 6387 14862 30815 47061
31 33 32 28 32 26 32 39 47 35 36 32 38 99 691 2671 6930 16020 34116 51146
30 28 32 31 30 34 37 38 43 40 38 37 35 85 703 2676 7016 15883 33037 50848
25 25 28 30 30 32 35 31 41 36 38 34 37 46 614 2713 6913 15863 32891 49974
20 29 29 29 32 32 34 38 42 41 45 32 35 66 496 2470 7175 15867 32738 49728
29 30 25 36 26 27 38 54 46 37 43 34 34 101 536 2319 7163 16172 32545 50039
32 34 34 36 41 38 37 91 42 103 57 23 35 88 623 2477 7121 16444 31684 50601
28 29 33 42 29 32 34 35 40 34 38 35 36 42 644 2387 6131 16907 31470 50604
33 29 33 31 33 34 40 33 36 39 36 41 36 67 563 1196 5664 15211 33235 50325
34 29 34 32 36 37 37 34 32 35 38 37 37 53 63 696 5323 14327 32939 50359
