256 256 257 256 258 257 256 262 256 257 259 306 256 360 348 275 339 362 256 256
2048 2048 2048 2048 2050 2048 2049 2048 2049 2048 2050 2048 2051 2803 2850 3066 2872 3743 3805 2048
8193 8192 8192 8192 8193 8203 8288 8196 8205 8200 8199 8198 8205 25633 23896 32506 41341 43861 14196 8196
16589 16923 16588 16525 16485 16762 16623 16441 16662 16612 16499 16855 16603 17139 49708 77637 80824 84557 43217 16609
34466 33695 34120 34401 34193 34229 33823 34290 34036 34263 34249 34410 33910 36394 109715 142843 131227 129645 56871 34083
53182 51984 52994 53202 52493 53291 53039 52261 53328 53962 53313 53652 52477 54913 159993 175644 189536 170501 112578 55479
71987 75854 74977 74284 75231 75107 77227 74033 75550 75901 75766 76703 74910 78851 189385 192006 223219 207108 136367 79016
103110 117754 200972 105314 2417277 180636 148614 135619 127588 179492 161209 116096 160958 1222695 324007 7025802 312592 290683 300713 5631054
10035176 22160891 15051101 12736853 7457852 20797039 18170111 9441402 11025756 14501714 16112813 7498230 23124996 13013970 14153515 16832450 7881936 12486645 13309100 11408414
26789659 35104577 31092630 35860236 33821279 30300905 28540870 28596814 30983823 31408090 31247855 27197282 30950871 28407632 37583020 30742722 32914507 33825999 30919496 26714089
65288127 58795797 61612331 64003362 59936762 60275508 62563159 60528574 61637368 61859503 62582647 62126010 61596752 64481724 64974944 60351873 64733358 61891484 61008358 58591221
196981245 196865137 196399160 197582902 196962232 197074185 197182400 197271348 197166836 196998232 197214785 196640211 197114177 196815008 196876073 197593395 196936764 197139222 196924012 197436925
280071337 280108699 280068347 279894068 280045163 279881015 280030221 279975967 280027248 279953175 280017755 279881257 280000658 279940569 280087539 279971786 280048476 280060163 280103802 279810033
406271961 406298538 406346307 406349282 406327948 406387188 406366719 406367090 406325603 406403526 406339778 406340788 406332598 406340024 406294033 406384375 406359040 406383518 406407551 406530319
470581217 470543534 470592200 470554992 470560091 470588281 470600841 470596182 470606939 470561827 470575994 470545646 470544068 470602102 470583650 470624337 470617789 470617186 470641592 470723325
500067643 500123362 500066572 500077465 500075411 500078791 500073632 500108342 500065595 500092054 500083812 500068756 500103812 500073876 500071077 500086388 500060361 500083470 500075596 500143604
504310916 504311155 504310861 504310881 504310558 504311016 504311222 504310917 504311218 504311099 504310941 504310045 504311029 504311968 504309199 504308132 504309760 504309988 504311162 504310875
504311013 504311361 504311109 504311286 504310259 504310928 504311141 504310997 504310150 504310869 504311175 504310832 504311175 504311676 504311035 504312340 504313310 504311070 504311181 504311032
504314964 504311334 504325781 504311001 504367643 504311170 504313951 504322877 504312429 504321373 504312196 504323166 504322135 504322589 504328391 504340942 504335647 504323858 504313272 504311768
504312764 504372156 504378804 504377719 504363752 504359551 504361043 504372141 504373257 504320770 504321100 504373915 504372954 504332422 504377043 504377669 504377916 504378742 504323769 504311294
