288 2081 8223 16414 32801 49182 65568 81968 98363 114785 131184 196717 262372 524643 1049474 2099366 4201883 8405125 16811704 25215436
283 2077 8219 16412 32795 49185 65571 81951 98337 114718 131107 196643 262189 524345 1048746 2098037 4199589 8403072 16809777 25216387
287 2070 8218 16408 32790 49178 65564 81957 98336 114723 131103 196641 262193 524353 1048751 2098131 4199841 8403450 16810253 25217511
283 2079 8224 16413 32795 49182 65573 81958 98342 114719 131109 196636 262180 524369 1048829 2098678 4200108 8403582 16810564 25215520
289 2075 8225 16414 32793 49182 65577 81962 98347 114733 131119 196665 262223 524405 1049051 2099315 4200914 8404480 16811122 25216650
287 2076 8226 16411 32803 49183 65591 81966 98349 114754 131139 196692 262256 524542 1049461 2100245 4201652 8405082 16811654 25216583
282 2078 8217 16414 32802 49198 65589 81997 98397 114779 131151 196785 262387 524708 1049952 2100785 4202475 8405326 16810528 25216204
281 2082 8227 16425 32809 49226 65620 82054 98432 114840 131234 196894 262675 525169 1050652 2101431 4202802 8405402 16810832 25217075
289 2081 8228 16422 32790 49256 65711 82097 98598 114972 131387 197074 262746 525440 1051410 2101755 4203079 8410436 16817666 25230312
286 2079 8231 16420 32803 49240 65677 81993 98582 115031 131430 196950 262766 525429 1050813 2101453 4202770 8414575 16810912 25216365
282 2077 8226 16410 32809 49187 65580 81999 98385 114864 131247 196972 262656 525371 1050796 2101476 4202857 8405527 16810956 25216293
289 2080 8222 16419 32797 49182 65582 81995 98384 114796 131228 196925 262608 525253 1050699 2101438 4202751 8405515 16811373 25216350
293 2078 8221 16412 32799 49188 65571 81962 98363 114772 131205 196887 262545 525207 1050605 2101696 4202722 8405505 16893507 25216266
291 2080 8217 16414 32798 49182 65579 81968 98349 114781 131166 196836 262571 525215 1050557 2101542 4202796 8405517 16812993 25216940
288 2077 8223 16417 32795 49181 65569 81956 98363 114771 131136 196840 262510 525193 1050569 2109461 4202831 8409669 16810816 25216568
292 2079 8217 16417 32800 49196 65579 81970 98368 114767 131208 196908 262568 525236 1050842 2111793 4203409 8410722 16829130 25216640
291 2083 8222 16420 32818 49189 65600 81986 98342 115062 131193 196907 262546 525272 1050826 2115106 4203217 8420642 16825576 25215884
289 2080 8226 16416 32806 49194 65567 81968 98358 114788 131172 196875 262530 525232 1050582 2101744 4219359 8435842 16822112 25216069
292 2080 8222 16420 32804 49190 65578 81966 98375 114765 131152 196890 262575 525210 1050690 2115542 4214386 8429709 16847585 25216643
293 2080 8222 16418 32818 49185 65581 81954 98360 114751 131208 196667 264168 525282 1057225 2110812 4237997 8432378 16846313 25221710
