256 256 256 257 256 256 257 461 408 523 541 422 1003 715 2189 2286 4670 14674 12725 43028
2048 2048 2048 2049 2048 2049 2048 2049 2049 2050 2049 2049 2049 2051 2227 2081 2872 3722 2097 3196
8192 8192 8223 8192 8193 8193 8195 8195 8193 8192 8193 8196 8193 8196 15984 25975 35506 38738 33785 11050
16658 16627 16423 16457 16423 16388 16387 16402 16388 16407 16402 16392 16393 16401 40838 40685 58428 49778 55080 19690
33980 33872 33503 33471 33343 33099 33013 33423 33202 33342 33147 33277 33236 33209 36859 91880 86228 92639 117672 50762
51713 52171 53001 52689 52687 52270 52475 52137 52057 52523 52186 52431 52316 53192 56348 119853 116784 125746 127710 115535
71631 72284 74646 74434 74718 76034 76570 75667 75139 77026 75996 75865 76654 77407 201841 195531 183930 205540 188226 197151
200050 111322 312322 132839 151781 126930 104841 147995 137157 116417 260181 13922135 139766 216679 188439 1611817 297538 528770 275829 342115
5152065 15112540 14929033 11903456 18080762 14720438 9636867 10828713 15095414 13894915 19898268 17022963 8496940 14497914 17477938 11560672 11910520 14582845 6212400 17198021
30797255 26534451 38452612 27726169 27915350 37545248 30864966 32414400 28973031 28458851 32115345 27538211 31039615 28313173 33306450 32152041 33928806 32590854 35388078 37211064
59603836 61492856 64274257 63052529 59272410 62872751 59677165 60570509 61922135 60656699 59391415 58394571 59096134 64503817 63504098 59904228 64787832 54603129 61935391 68080796
196520151 196824384 197646222 195852138 197026829 197279462 196650543 197256148 197782868 197728442 197628000 197142868 196986954 197490730 197002650 197453187 197884582 198483003 199291048 200038646
279727576 279896975 279899705 280010213 279974147 279889545 280031543 280016504 279948956 279939026 280046548 279984079 280079710 280065192 280115182 280149953 280342968 280936056 281699535 282749922
406374884 406280049 406339437 406288220 406345638 406289099 406299111 406297809 406324312 406263619 406299671 406348000 406408959 406398765 406418317 406471703 406689966 407058908 407710097 408456186
470601799 470530218 470510581 470538456 470584922 470567598 470546079 470568200 470602096 470588832 470599817 470567046 470576142 470560190 470599726 470678443 470837118 471098172 471648345 472239990
500107873 500067951 500070630 500064633 500088277 500073531 500089093 500067340 500043400 500098677 500078501 500105415 500095928 500140221 500076520 500098987 500170382 500214481 500273947 500415374
504311028 504311391 504310448 504311066 504311135 504311114 504311123 504310800 504310904 504310846 504311035 504311208 504310865 504310811 504311249 504324187 504317421 504326750 504325953 504311303
504310934 504310947 504311083 504311329 504311078 504311007 504311434 504311061 504311054 504311128 504311246 504310415 504310924 504311060 504311885 504315293 504334566 504349587 504325360 504315807
504311187 504323471 504311604 504310983 504320093 504320276 504312719 504335651 504310874 504362982 504315242 504311218 504322333 504314880 504334035 504337195 504346927 504338705 504360122 504374840
504311235 504367517 504375674 504376162 504360105 504376919 504375894 504376698 504375914 504376992 504374859 504377125 504379438 504370065 504380604 504392160 504368185 504361989 504422683 504366666
