307 2111 8291 16510 32925 49348 65783 82215 98634 115047 131469 197157 262966 525607 1051067 2101518 4203377 8405601 16814282 25216421
298 2102 8286 16502 32915 49339 65764 82202 98610 115024 131456 197116 262793 525468 1050819 2101526 4203059 8406416 16812838 25218372
299 2104 8292 16497 32915 49337 65766 82193 98616 115039 131446 197123 262788 525466 1050820 2101526 4202984 8405887 16812853 25219298
306 2110 8291 16504 32924 49344 65760 82198 98620 115031 131473 197122 262787 525470 1050819 2101578 4203065 8405583 16812862 25216430
304 2107 8282 16508 32925 49334 65771 82190 98619 115054 131458 197110 262787 525469 1050823 2101599 4203197 8406371 16812938 25217483
304 2102 8299 16505 32920 49324 65772 82210 98618 115047 131456 197155 262789 525462 1050849 2101562 4202932 8406484 16812546 25217521
304 2109 8279 16502 32914 49327 65765 82208 98626 115035 131461 197146 262828 525513 1050850 2101759 4202993 8405700 16811144 25217253
303 2108 8294 16509 32929 49340 65782 82213 98646 115061 131470 197176 262833 525516 1050887 2101597 4203058 8405810 16811498 25218096
304 2107 8283 16504 32902 49337 65802 82236 98653 115067 131505 197147 262841 525522 1051522 2101859 4203280 8410933 16818078 25231020
297 2107 8296 16499 32916 49370 65788 82214 98663 115068 131503 197158 262824 525508 1050867 2101570 4202962 8414874 16811608 25217361
298 2111 8298 16492 32932 49343 65767 82217 98624 115086 131500 197167 262826 525490 1050838 2101565 4203017 8405881 16811667 25217298
302 2109 8289 16506 32922 49337 65792 82210 98629 115051 131470 197169 262827 525510 1050880 2101595 4202958 8405874 16812266 25217460
303 2107 8293 16501 32906 49351 65778 82192 98636 115044 131456 197160 262834 525498 1050870 2101971 4203007 8405894 16894704 25217315
299 2108 8289 16504 32914 49337 65776 82206 98626 115042 131479 197140 262827 525495 1050862 2101624 4203173 8405903 16814221 25218176
296 2105 8294 16500 32919 49334 65757 82194 98624 115055 131462 197161 262831 525511 1050839 2110985 4203008 8411078 16811567 25217724
301 2104 8288 16505 32925 49344 65773 82220 98616 115036 131448 197146 262832 525497 1050886 2112555 4203711 8411438 16830504 25217818
303 2103 8281 16491 32923 49336 65759 82200 98606 115074 131469 197167 262823 525511 1050863 2115785 4203490 8421290 16826647 25217005
291 2107 8295 16501 32925 49351 65771 82211 98613 115057 131486 197158 262840 525515 1050859 2102125 4220162 8436842 16823414 25217081
300 2105 8281 16503 32926 49347 65761 82213 98637 115078 131461 197177 262866 525508 1050864 2116192 4214834 8430401 16848215 25217770
305 2106 8287 16504 32965 49344 65783 82192 98630 115045 131497 197157 264766 525531 1059190 2112685 4239116 8432785 16847498 25222819
