42 50 54 77 105 149 174 224 260 293 317 436 586 1106 2150 4230 8338 16541 32951 49381
42 48 58 77 114 146 185 215 266 293 323 437 584 1097 2146 4210 8347 16539 32953 49367
45 47 65 77 111 144 183 226 261 286 322 440 580 1102 2153 4220 8346 16539 32960 49375
46 47 66 73 112 147 184 223 260 283 320 440 581 1101 2153 4227 8336 16540 32948 49383
43 43 65 78 104 154 179 217 249 281 317 466 577 1098 2143 4228 8343 16544 32961 49380
49 51 59 79 106 147 183 217 250 287 317 462 580 1103 2144 4228 8337 16544 32954 49387
41 48 61 67 103 141 176 222 252 279 321 447 571 1108 2141 4242 8335 16545 32965 49387
47 53 66 80 103 144 186 223 259 287 329 445 595 1108 2166 4241 8350 16583 33006 49431
45 44 59 76 117 156 187 231 282 303 339 450 608 1137 2155 4257 8417 16623 33071 49527
47 49 53 78 116 150 198 223 275 304 323 454 592 1129 2176 4285 8400 16700 33255 49720
47 47 51 74 105 156 191 229 262 293 322 476 588 1100 2218 4340 8495 16877 33820 50491
46 49 61 80 113 147 184 223 263 300 328 445 587 1105 2189 4350 8599 17104 34315 51326
42 47 68 80 111 146 188 211 247 281 323 457 582 1099 2194 4307 8532 16991 33981 50969
39 42 62 72 116 141 190 227 258 285 317 448 588 1106 2175 4277 8480 16813 33426 50074
45 50 63 78 113 148 184 214 245 281 317 456 579 1108 2157 4326 8440 16757 33240 49783
49 52 59 83 107 147 186 223 250 285 335 448 594 1116 2173 4404 8872 17114 33322 50082
44 48 61 78 108 142 187 224 260 287 324 453 579 1114 2174 4395 8841 17253 33611 50785
38 43 64 81 110 145 180 224 263 291 333 448 577 1108 2187 4412 8863 17671 33114 50747
50 46 55 77 114 148 186 219 253 291 316 463 575 1113 2175 4364 8780 17762 34220 50571
43 48 65 79 117 144 186 216 250 287 319 445 576 1094 2159 4290 8765 17643 35605 50724
