330 333 327 318 319 320 335 345 312 335 385 365 323 434 430 366 423 448 324 323
3569 3350 3213 2425 3528 2904 3667 2771 4438 3526 3388 2429 2689 4939 4486 3848 3981 5898 4721 3095
471887850 471891350 471887480 503314915 471873449 471685277 471890701 475800048 471900735 503115702 471887720 503112014 471883153 503113288 503113420 471894843 471888551 475600599 502639068 471897707
503317235 503317264 503317254 503317255 503317245 503317230 503317249 503317237 503317240 503317243 503317243 503317260 503317249 503317170 503317140 503317258 503317212 503317270 503317174 503317242
503317138 503317162 503317144 503317147 503317143 503317149 503317156 503317174 503317161 503317157 503317170 503317136 503317154 503317162 503317156 503317154 503317161 503317161 503317155 503317159
503317208 503317222 503317181 503317213 503317217 503317224 503317226 503317191 503317216 503317212 503317206 503317182 503317213 503317181 503317244 503317212 503317186 503317224 503317226 503317206
503397799 503398845 503397654 503397783 503397682 503397696 503397584 503397675 503397538 503397674 503397570 503397649 503397617 503397630 503397778 503397572 503397766 503397464 503397518 503397123
504307982 504308002 504307998 504308051 504308050 504308116 504307965 504308008 504307978 504307955 504308026 504308077 504307963 504308092 504308029 504308088 504307937 504308017 504308148 504308062
504307333 504307586 504307331 504307347 504307256 504307734 504307371 504307181 504307416 504307393 504307438 504307637 504307673 504307627 504307307 504307335 504307189 504307360 504307311 504307320
504241392 504241468 504241685 504242182 504241768 504241499 504241231 504241277 504241383 504241418 504241610 504241304 504241442 504241909 504241500 504241309 504241528 504241718 504241539 504241597
504307490 504307649 504307616 504308584 504308356 504307337 504308013 504307240 504308477 504307440 504307655 504307606 504307389 504307211 504307559 504307545 504308560 504307369 504307571 504307508
504313290 504312140 504311943 504312349 504312099 504312561 504311115 504312133 504310775 504312138 504310885 504311541 504312018 504311220 504312448 504311469 504310749 504311552 504311881 504310905
504317894 504317961 504317123 504317277 504315839 504316968 504317691 504318651 504316965 504313068 504315949 504316235 504315012 504317134 504316670 504317012 504320440 504318132 504317140 504318254
504345303 504344073 504345356 504345819 504348024 504343480 504342144 504345193 504344132 504346152 504348452 504345353 504345156 504344960 504346339 504346961 504346996 504341619 504345682 504341962
504372483 504366791 504366701 504355931 504367552 504361736 504367661 504362521 504362506 504367880 504364443 504368644 504366911 504362293 504368154 504373107 504373873 504369686 504364879 504366325
504325298 504325438 504325717 504325380 504325516 504325446 504325344 504325586 504326011 504325274 504325380 504325599 504325446 504326306 504325394 504326292 504329037 504326396 504325460 504325705
504325387 504325520 504325190 504325240 504325143 504325253 504325586 504325200 504325402 504325306 504325235 504325286 504325151 504326325 504326607 504326506 504326996 504327190 504325648 504325132
504325251 504325643 504325302 504325534 504325165 504325055 504325277 504325097 504324916 504325048 504325403 504325117 504325283 504325877 504327933 504328918 504329942 504327968 504325521 504325392
504329006 504325533 504340072 504325250 504379010 504325296 504327831 504335653 504326611 504334923 504326325 504336491 504335740 504336534 504343266 504355438 504350458 504339434 504327453 504325881
504326814 504382932 504388268 504388146 504374172 504369585 504370558 504381101 504384245 504334782 504335949 504382772 504382563 504345088 504389327 504388288 504388948 504389908 504337023 504325564
