333 326 325 325 317 323 335 561 517 610 622 482 1103 784 2284 2386 4771 14793 12819 43127
2634 3968 2702 2549 2708 3426 3320 2881 2873 2350 3207 2786 2508 2806 3296 3815 6647 4311 4210 6822
471888029 502646381 471891220 471879531 503118137 471880516 471877145 471898828 475797432 471888900 472367008 475798215 471887376 471890210 472381851 483453947 479663666 503311428 475798600 471883624
503317240 503317254 503317244 503317263 503317261 503317260 503317129 503317257 503317281 503317260 503317222 503317287 503317248 503317254 503317258 503317283 503317256 503317238 503317119 503317162
503317151 503317147 503317136 503317149 503317160 503317150 503317156 503317165 503317164 503317166 503317161 503317159 503317100 503317172 503317160 503317203 503317193 503317176 503317184 503317195
503317178 503317184 503317219 503317203 503317212 503317208 503317216 503317187 503317188 503317199 503317205 503317215 503317229 503317219 503317235 503317255 503317260 503317238 503317302 503317285
503398766 503397797 503397862 503397740 503397652 503397586 503397772 503397549 503397689 503398480 503397678 503397596 503398776 503397799 503397721 503397658 503397699 503398111 503397825 503397916
504308110 504308153 504308010 504308033 504308021 504308048 504308166 504307968 504308091 504308140 504308039 504308218 504308086 504308042 504307961 504308083 504308063 504308090 504308104 504308245
504307380 504307343 504307424 504307365 504307485 504307360 504307304 504307328 504307661 504307702 504307622 504307430 504307869 504307804 504307636 504307629 504308122 504307960 504308188 504308158
504241501 504241438 504241818 504241564 504241270 504241569 504241564 504241491 504241422 504241475 504241659 504241686 504241896 504241309 504241373 504242443 504241928 504243522 504242725 504242747
504307496 504307776 504308077 504307893 504308046 504307800 504308012 504307683 504308015 504307577 504307477 504308084 504307558 504307791 504307431 504307886 504310088 504310904 504308706 504308729
504311670 504312723 504312069 504311043 504311801 504313422 504312291 504311552 504311983 504313049 504312106 504312124 504312500 504311458 504315010 504314693 504314562 504313619 504313276 504316983
504316668 504318151 504318304 504319435 504318207 504320497 504317046 504320312 504319189 504318651 504319053 504319203 504318288 504319830 504319687 504318463 504319366 504323606 504415218 504319336
504343279 504343600 504347146 504341887 504344928 504340814 504345802 504343107 504343474 504341146 504349516 504341786 504346964 504343950 504350523 504353348 504353831 504354826 504362291 504352494
504357989 504363110 504368352 504362855 504366032 504363645 504368602 504362877 504369098 504363013 504366833 504366804 504363556 504365322 504369525 504383006 504378984 504384673 504370683 504368532
504325433 504325464 504325352 504325379 504325442 504325443 504325375 504325574 504326470 504325784 504325318 504325437 504325340 504326516 504325874 504337923 504327027 504333953 504346549 504326661
504325469 504325590 504325569 504325447 504325547 504325415 504325425 504325132 504325205 504325144 504325365 504325486 504325208 504325244 504325648 504340065 504332131 504342203 504340269 504325878
504325284 504325190 504325363 504325522 504325334 504325343 504325746 504325380 504325280 504325402 504325608 504325308 504325260 504325365 504326010 504329595 504349776 504364070 504339544 504330202
504325324 504338009 504325757 504325183 504335108 504334511 504326760 504348565 504325090 504374020 504327825 504325351 504337344 504329102 504347833 504351487 504361554 504352822 504373669 504385672
504325478 504377603 504386466 504385711 504371759 504387366 504386072 504386004 504386036 504386989 504383831 504387406 504389206 504379505 504390578 504402738 504381063 504375700 504430719 504376796
