"size" "0" "1" "2" "4" "8" "16" "32"
128 2182052729 2181926967 2181903052 2181994601 2181964905 2182027577 2181959672
512 4549458682 4646524636 4646945520 4483428193 4639778702 4637140238 4517291059
1024 4809870467 4808161485 4807457829 4804459157 4800372455 4797794088 4797013708
2048 4811227177 4809079526 4808546264 4805702696 4801501757 4798755575 4797936879
3072 4811527748 4809664176 4808439679 4806209519 4802458264 4799135189 4798924906
4096 4813639502 4812305225 4811285285 4808595072 4804814841 4801797432 4800869113
5120 4832610568 4850375922 4834603779 4829825852 4825524670 4994002594 4952105596
6144 5145161788 5208143395 5226409686 5213859353 5170164476 5102177331 5146160884
7168 5913475081 5868738424 5788613239 5872735935 5874539966 5939680983 5885265757
8192 7059324918 7006568427 6942090015 7048437066 6855586560 6895464177 6861081672
12288 11730157704 11612119631 11578808473 11465316305 11329213304 11183907338 11125710483
16384 14619273677 14463063342 14408018767 14239867442 14031748944 13815141793 13732839312
32768 19160260728 18908914168 18848889126 18573690881 18301276354 17880489856 17745237240
65536 21381539769 21063928909 20992096352 20706283400 20333419998 19819048530 19632395242
