"size" "0" "5" "10" "50"
128 1091895893 1091699399 1091389322 1091104889
512 2351708290 2345054285 2336618472 2397891749
1024 2413120665 2406783233 2401687295 2399028547
2048 2415670646 2409292277 2404324051 2399753356
3072 2416064192 2408973366 2406306471 2399011500
4096 2422041403 2409772559 2408057148 2402545647
5120 2510081921 2499589182 2447369948 2423934226
6144 2795177480 2693907344 2693788343 2572448584
7168 3365590337 3181976091 3128293003 2968785797
8192 4005221812 3774831886 3670570424 3531067932
12288 6542063527 6108483663 5909814311 5622076399
16384 8008723378 7505111084 7263813400 6863322419
32768 10257984235 9668926282 9416974817 8865243969
65536 11246659456 10720561508 10458387202 9787010212
131072 11257886313 10911446816 10663973264 10162341684
