"size" "0" "5" "10" "50"
128 2270 2224 2242 2169
512 10255 8442 8323 8329
1024 19941 18586 16756 17326
2048 37309 36204 37234 34939
3072 143376 59434 53601 52348
4096 336483 125835 144559 81245
5120 3807724 4348046 1493935 831506
6144 17967834 13970792 14863030 8265224
7168 46380555 38681861 38293275 31350280
8192 82448840 73416091 69671589 64491020
12288 230472393 216602714 209245567 199824727
16384 315656578 301332163 293541458 282871366
32768 441811925 427940882 420470125 409264385
65536 499162515 490481950 484241984 473355171
131072 504324950 504320633 504313750 501429152
