"size" "0" "1" "2" "4" "8" "16" "32"
128 2885 2100 2085 2082 2080 2809 2097
512 29455 29674 30610 30187 33427 27521 29589
1024 83229 88069 78584 73403 72502 87911 74993
2048 153265 139399 141790 141898 133512 152875 129043
3072 167879 170685 179294 168225 188302 165246 185136
4096 198031 233047 198224 217491 239490 227071 211356
5120 302226 941125 525215 401374 386447 10251999 8195482
6144 15156285 18740456 21488214 19667816 18571032 16251278 18378380
7168 57126112 55016461 51014086 57649214 56893730 60746268 59352080
8192 121347076 119843672 114834218 122113673 112025967 118459883 120311884
12288 393464396 394551157 394041716 395127376 393292195 394833852 394422471
16384 560299226 560213839 560116086 560350668 560159152 560048499 559875601
32768 813069087 812855854 813003347 812994829 812766139 812729311 812789816
65536 941594217 941513621 941405907 941222788 941358588 941331648 941447695
