"size" "0" "5" "10" "50"
128 5931 4815 3681 3595
512 479723441 479723792 475804399 503116960
1024 503317224 503317095 503317037 503316993
2048 503319414 503317753 503317355 503317056
3072 503318015 503317471 503317625 503317187
4096 503397499 503397701 503397004 503396085
5120 504309297 504308274 504308472 504308074
6144 504309724 504309261 504308645 504307891
7168 504290102 504269603 504256368 504243020
8192 504429844 504377398 504340099 504310652
12288 504869140 504743976 504560977 504330608
16384 504340492 505202406 504926305 504357241
32768 504355524 504336427 504330311 504447769
65536 504345495 504339206 504333031 504326223
131072 504343785 504338922 504332324 504325968
