"size" "0" "5" "10" "50"
128 4375 4247 4505 3821
512 472376362 502652652 471881802 502641546
1024 503316939 503316972 503316966 503316975
2048 503317005 503317022 503317018 503317024
3072 503317141 503317117 503317125 503317118
4096 503396143 503395779 503395632 503395754
5120 504307992 504308035 504308042 504308030
6144 504307415 504307363 504307252 504307261
7168 504241856 504241612 504241526 504241592
8192 504308104 504307793 504307521 504307449
12288 504315626 504314797 504314237 504313408
16384 504321685 504320891 504321573 504320152
32768 504347920 504350256 504346420 504348856
65536 504367001 504367992 504368435 504372393
131072 504326934 504326646 504326279 504326009
